-28.813786550356525  1102.2944973260228  389.6058944313986
-42.289674009896835  1110.4393748429336  391.236174188802
-67.78178851954549  1115.4154618733196  392.45115207508525
-85.85980629562681  1128.6045576376373  393.3555424296088
-105.93295995041112  1137.1630677072083  395.7836662154788
-117.63013379072959  1141.8101705669449  399.8574786675467
-129.25715969577624  1145.7639127752827  405.2420829470652
-141.37194165651115  1142.5866036059379  410.6676090418481
-145.41476329863187  1147.8814722420707  419.3023786626934
-145.0522257365075  1148.315919182371  430.137326941829
-138.71935770976955  1154.5969529866393  442.0079720326228
-136.32318007464954  1159.4394138490377  452.09088370325725
-134.6221310595087  1162.896315233257  461.6993587977813
-133.64213223488338  1167.6399341866718  471.9468025172729
-132.01701647691485  1172.0935406797473  482.3902304990953
-130.32633375696574  1176.4296946169193  492.8638059437537
-129.22827810661528  1180.0842148207041  503.247847682645
-128.328523485611  1183.5702486921623  513.6123806800686
-127.44494785137377  1187.2313728745255  524.0866709153545
-126.69886308468507  1190.3192852105076  534.7237044651147
-126.09966109815635  1193.0775945268524  545.4983887108671
-125.67797951580519  1195.434422640594  556.3630240567562
-125.35992656695392  1197.5415373680803  567.2918211035202
-125.2023947646218  1199.45146345257  578.3510636564516
-125.3423768787778  1201.1143553998256  589.5628002490887
-125.63500610303937  1202.5734897984903  600.9074122220854
-126.08023422864977  1203.709090144945  612.3056401609879
-126.57309106775536  1204.678362801739  623.7575546740167
-127.16229663035551  1205.4892266059464  635.2837463703288
-127.79743561357225  1206.1358010626184  646.9105192095634
-128.40160170542154  1206.6010763017175  658.5692090796229
-128.97333115571928  1206.6467846146209  670.258196186815
-129.496250771603  1206.3837464233302  681.9614906900434
-129.98666948458393  1205.7601581260292  693.7104826920466
-130.4051473413625  1204.9452183160395  705.4398997322614
-130.7691781823363  1203.981046722717  717.1121972975986
-131.07582774195063  1202.424719275342  728.7577208248457
-131.19128856522957  1200.6025298579325  740.3429364045995
-131.23606266443286  1198.0577065372574  751.8981921189192
-130.839988061914  1195.654725088661  763.3005807972781
-130.42379690198294  1192.8412546852387  774.5834034304052
-129.92040174193875  1189.939681930554  785.7334791970059
-129.69146349193727  1186.7035903874553  796.761811493526
-129.41824660777573  1183.4171192036458  807.5172333796419
-128.68668460069358  1179.5395695369443  818.0450135372321
-127.87102041804101  1175.50427196798  828.2541801297264
-126.8345871075483  1171.2682441283225  838.2499022171415
-126.02930652824948  1167.1438231530435  847.9035425946585
-124.9982119077885  1162.747773498742  857.2254214823001
-123.9161225702901  1158.489147785629  866.1434324951324
-122.86552231648969  1154.2469675667146  874.6654848648698
-121.93380880379576  1150.2929057665563  882.7373354567628
-121.03153776582668  1146.2488547213356  890.3581146117155
-120.16449417052384  1142.646614917372  897.4212236138477
-119.26301945336576  1139.254940719701  903.940673880291
-118.5686940637502  1136.2615270239598  909.8325290534359
-117.9466267821578  1133.6707844561158  915.0542970770066
-117.51500340445303  1131.3266074173105  919.4506860295371
-117.16176160928131  1129.3571374418073  923.1086949567648
-116.997987539126  1127.6399511948619  925.8688538746295
-116.97557667484602  1126.2644823480068  927.8124701239218
-117.08654200123301  1125.0151848103878  928.7569002577326
-117.23283140361742  1123.9715314171717  928.8198506553232
-117.76227365351298  1123.6107558234044  927.8880462335466
-118.49131390904193  1123.670650699229  926.0151901431442
-119.38725970528144  1124.462913137275  923.1640571767086
-120.01421820908585  1125.0081219859335  919.4636805583069
-120.54330898506745  1125.8007041328767  914.8891280958787
-120.94138868274871  1126.5552269723398  909.5415377759482
-121.31718056140316  1127.9244233659567  903.4412742187483
-121.62247045544832  1129.4654211992977  896.7218347281989
-121.87803554921919  1130.9740609570504  889.4454944221352
-121.98320834173586  1132.38736957844  881.6534086551136
-121.88179919881941  1134.0055490091356  873.331331225018
-121.62790176332824  1135.858616763735  864.5084304061518
-121.28353441356887  1137.7475221884574  855.2415374295771
-120.92819615833396  1139.6786435621023  845.6029377672494
-120.3833737344733  1141.7752688877338  835.6015306853886
-119.75476565856547  1143.9709538013956  825.278283439173
-119.12481646603374  1146.136164400428  814.6819149659425
-118.63223705387193  1148.2662978550147  803.8436630359162
-118.1228236339098  1150.3439398133344  792.8139037367088
-117.59161581835679  1152.2149687197384  781.6351744828911
-117.01876357884221  1153.8247736987387  770.3939299575791
-116.5301908188768  1155.1428730609068  759.1086482723797
-115.9946688629822  1156.2764947684666  747.7989274356843
-115.45256283912097  1157.096283132648  736.4755854856554
-114.73423523977237  1157.7893410475622  725.1499207042737
-114.08666891744933  1158.3656538385403  713.8332514819466
-113.45332583477521  1159.0539513560154  702.5653041724925
-112.95300646176251  1159.720010517904  691.3953986600065
-112.38003241161005  1160.2794874865838  680.3230075630469
-111.73858485817118  1160.781385530826  669.3538353227208
-110.94653543547105  1161.1980979662335  658.4837746500266
-110.48112156272376  1161.6381934821952  647.7671525460366
-103.42597006121733  1162.3741974979675  637.1029960927297
-105.27150315239916  1157.3427812454759  625.9809832718202
-111.81336394062282  1145.8363399653372  614.8019052354167
-130.63813229342927  1132.0576853946511  603.8282514745038
-153.61441863442406  1110.3985010732033  591.4399860775634
-163.2978297602616  1092.1403642720793  580.6514277690043
-171.11821472264214  1065.3222354938434  569.4383379785386
-162.75143054392248  1041.1128315248893  561.0267729418783
-166.73631730683496  1035.3191593448332  552.055293905186
-164.22048840226066  1021.3881767761061  543.5752867090213
-160.30150149824024  1007.7342660827189  535.4984242879536
-146.87518540298757  979.8538952309239  527.6751363528222
-129.5792430192807  973.1152935105588  521.3858048996076
-113.72424070370052  983.7803619150177  513.8555682693238
-100.05328300330872  998.8945231894156  506.14667756484107
-89.80008582843972  1012.2402584910793  497.6411764218185
-84.80295380721466  1021.1701302921244  490.2056454385515
-83.67567245149304  1030.7371164247745  482.14058407426785
-85.87501136489459  1043.9407335390515  474.00960647110037
-86.63011726004385  1058.1184069920555  465.79958624632246
-86.91748626088574  1068.4044178423858  458.1485498315076
-87.55003348681649  1076.620918573799  450.68487150771875
-87.91389807176671  1083.9106575152582  443.3625747663647
-88.35526521180091  1090.6828362765687  436.4023986028767
-88.5319370364142  1096.4580221812585  429.79956011934877
-88.56275625846051  1101.0820746736588  423.6114568534771
-88.53290725815737  1104.925930527568  417.79723273122323
-88.41687904207498  1108.353367021789  412.4314403841613
-88.26608403836349  1111.3286953976053  407.5152110863859
-88.13335807918382  1113.941679506485  403.04402514682454
-87.94454492828002  1116.130138156513  398.9617707752591
-87.71086526200746  1118.0393268340574  395.2959100154818
-87.39015432498874  1119.6219084036188  392.0365321760141
-87.09085226660295  1120.9367014669724  389.17700614999563
