-66.90258447082942  1135.6264624845855  371.4861394045845
-69.13120969250886  1134.304676225959  376.26522952511345
-71.1259752914483  1134.122273432145  380.55756204146843
-72.89899689711126  1134.5295780038844  385.480712635677
-74.45205525297666  1135.2373757331177  390.9997344228792
-75.7930291381093  1136.7700344849613  396.9138097537153
-77.20089984651929  1138.6507397350083  403.17106854735664
-78.7506606782706  1141.1925164236397  409.7779859251371
-80.3125349766234  1143.7047680475764  416.8983139105957
-81.92031736156241  1146.9614868030378  424.43515156996045
-83.41484962513562  1150.515073186778  432.41206621334555
-85.14027106101392  1154.683074274505  440.7545232707994
-86.75020258782574  1158.8275835919421  449.5481801112297
-88.44941670152014  1163.29123073798  458.71007938449134
-89.93003416713222  1167.7703935742804  468.2496625687283
-91.44146414282847  1172.3676706706856  478.0817639435743
-92.88390670754006  1176.7244253561742  488.2540386598529
-94.41848553835582  1180.972512991383  498.7236905834845
-95.82995215717207  1185.0305004163129  509.49604189251636
-97.16049283912857  1188.9593266261045  520.4891372060196
-98.40606642312812  1192.5122232575825  531.683046535681
-99.62607295816558  1195.5931542059445  543.0276193596943
-100.78803873949377  1198.2726290621658  554.4886169471745
-101.90970163963601  1200.6185041960136  565.9797452426358
-102.91565032494401  1202.6896852934763  577.5168956614007
-103.93121626067094  1204.4402513768978  589.0636779683233
-104.79858749036377  1205.9377967668122  600.6363568974036
-105.72348180688856  1207.1336283369205  612.1401865896171
-106.5236071903129  1208.0267494962652  623.6031577949226
-107.32163163414754  1208.7258951587964  635.0391718639584
-108.03309804779798  1209.2640076419614  646.5330063892782
-108.69023452118884  1209.6334584250944  658.0992099418975
-109.13078540004197  1209.8393786323795  669.7158915724593
-109.48302584918615  1209.5452499193123  681.4192296953145
-109.7137244315453  1209.2216999721932  693.1359386828635
-109.96696603122004  1208.4274405738677  705.0579220352266
-109.91640077914778  1207.530762190356  716.9264739909702
-109.66926781139266  1206.2551776610135  728.8192569971043
-109.26425436281149  1204.838632539593  740.5418776751849
-108.93820667701465  1202.9667403671278  752.3148086726687
-108.58450820769832  1199.6109716664948  764.1366549213943
-108.1796997297581  1195.9392530530731  775.8096715321653
-107.58717834858439  1192.5286106609128  787.1715962248147
-106.74161341573337  1189.4150497859002  798.2262136282785
-105.7277641723486  1185.7656381916886  809.0289556224152
-104.72530860926534  1181.7159041697587  819.5229239911334
-103.90337803446121  1177.1795894826664  829.6861451248509
-103.20933313504912  1172.6309015363659  839.4730793239366
-102.55257073335721  1167.6839041457974  848.9517897113269
-101.9062211480602  1163.2377796907845  857.9587367217077
-101.23444508252416  1158.4746023781715  866.4821968591194
-100.60853695418149  1153.6022171542231  874.4029059676177
-100.05891306914653  1148.5219468631678  881.6594010729636
-99.6450718734087  1143.990101279018  888.222441291592
-99.30342895341514  1139.4517821706704  894.1158227391252
-99.11396705408453  1135.4609324806563  899.1781334913022
-98.94058967552957  1131.636786868467  903.4936880703251
-98.90162454694806  1128.4513568327473  906.9131733331635
-98.93207810667326  1125.6846105789448  909.5490448656885
-99.14772219833131  1123.1710373664357  911.2330453124505
-99.36514832269583  1121.1308836409064  912.0769106341162
-99.65365785627225  1119.5223575359375  912.0302452769679
-99.9911913788651  1118.3016813693714  911.1871524277983
-100.46783598285472  1117.8439425614495  909.5119373146276
-100.9499282173774  1117.7560528092624  907.079298870745
-101.37494521975817  1118.471060989616  903.8409305655318
-101.71025108189096  1119.0842731582047  899.8751955569587
-102.1262264850933  1120.2642726109882  895.1866393419576
-102.57208337337183  1121.72923401619  889.8755377062275
-102.96735367218646  1123.5295904480326  883.9485502551776
-103.19798529153758  1125.3618939028788  877.5290316782318
-103.42564514426002  1127.419100517037  870.5322693173192
-103.72799002705614  1129.7264601868908  863.0294410373643
-104.03520828230151  1132.3051598838788  855.0161412492901
-104.33636655216773  1134.8005768673397  846.623566692173
-104.63703066216539  1137.6043151697531  837.8143937467974
-105.15009508349385  1140.7533965781124  828.573189005368
-105.76815882589808  1144.3563223357467  818.9219164663741
-106.40205242575331  1147.7932663543538  808.9905758950003
-106.90067419368478  1150.8970521631632  798.8012302257141
-107.4981501488744  1153.7295828251413  788.3757131674067
-108.35445883471304  1156.8084950320647  777.676765594983
-109.29528617861546  1160.0964035888087  766.7434501686846
-110.15094209770511  1163.1647787454413  755.6458793814736
-110.72054205669909  1165.8515765443274  744.3906298172828
-111.29133241457589  1168.2250295919728  733.1212297662289
-111.73031769778856  1170.501402312827  721.7941693410816
-112.190562555673  1172.6614269729223  710.5073448093439
-112.5381833528052  1174.5681961459363  699.1925191394264
-112.69476913469272  1176.0004595709981  687.9474116091704
-112.60396126944192  1176.946601199332  676.8561718331565
-112.34225862630018  1177.503678900252  665.9028895915224
-111.80964436736414  1177.53962409868  655.1578546228275
-111.24948584382554  1177.2411499893997  644.5685058495128
-110.28457615520307  1176.5070679698326  634.2425791882737
-109.26339953276685  1175.685827769687  624.1256876356615
-108.18409994068247  1174.5987273409814  614.1808271109746
-107.34104385498027  1173.5351233960725  604.2985818009063
-106.52376572843227  1171.7550008082467  594.5494476981662
-105.48478896400812  1170.0885521606024  584.8653654292477
-104.04542356510873  1168.0729214344487  575.3596512093695
-102.53661188165148  1166.5135231425438  566.652409156083
-100.95693849927261  1164.6139251177394  557.5620694117216
-94.20391237355916  1154.0981473329475  549.2444428630735
-81.44324329170001  1142.4095741485353  540.4788547586868
-67.11877709516149  1129.3174170220268  532.6158034248668
-56.5070193114181  1123.739152095474  524.4788099518039
-55.71002743701392  1111.2948631520903  516.346672551269
-60.79641604173158  1095.2070767501343  507.8316104437125
-67.77717593150314  1075.6048073022826  499.3047313912924
-71.58045203960353  1071.2847602590011  491.013528470368
-72.00453353265878  1075.538072819873  481.7972941010556
-73.55355281031386  1088.497178410423  472.69635461971217
-75.71952135697637  1094.635506817714  463.7135773782676
-77.51732699013195  1099.3466188261618  456.4120482450869
-78.94747298183556  1101.7845299541468  449.23381285181125
-79.71037715430207  1105.67020225979  442.47447339949167
-80.64055094685122  1107.8739164866545  436.10829581179627
-81.1591892295434  1114.916616519621  430.71057596080664
-81.73316365892678  1118.7484609940782  425.7789445336241
-82.20193027768238  1122.389739145927  421.29468156969125
-82.62958898653822  1119.388260333962  416.83931515942623
-77.83994269525525  1123.3653376127647  412.8397891294181
-69.80537187239949  1130.8397890132942  409.0123007941208
-59.415539657053394  1141.6439130750034  405.7129163982851
-51.53104181463172  1148.556553960119  402.7128128813677
-45.013630066906636  1153.9999561243928  400.2851167953272
-38.85976550703081  1158.3897996606966  398.0489919998149
-33.76705465850275  1163.2158850729381  396.0222173586145
-29.194292569265663  1167.3247659085189  394.27245067917625
-25.3663005082922  1170.8514356767707  392.7793799642876
-22.16864981687476  1173.3606674733835  391.5905008496526
