-77.98152365695536  1129.8493315741966  403.48725078914134
-90.89278122357211  1125.629610750449  413.2332497750998
-94.60107028192186  1117.603652465588  424.4299841980628
-99.29877348064323  1125.146206669067  436.95761422213354
-104.91266596303653  1130.9732016844139  447.05925583170574
-109.79657245076613  1133.9590891429643  457.7380818520179
-113.85438542499247  1137.2463213390602  469.27651073487743
-116.72397438767001  1140.9906564126366  481.0380433548496
-119.61008380713855  1145.8511869060178  492.973713249448
-122.31525697295046  1149.6478719356367  504.92870062786227
-124.8773667866897  1153.1680169670394  517.0201562273819
-126.98678842243015  1156.4454254450488  529.2320780243024
-128.78746379710987  1159.3403597082975  541.5064239354806
-130.31028559828985  1161.789418245255  553.7700715080593
-131.72781863468376  1163.8730759126597  565.9572787903858
-132.9245702486504  1165.5334439097874  578.1321135607013
-133.9522425563955  1166.950234152631  590.3290457273662
-134.83141276064117  1168.119490241079  602.5076791902491
-135.5210130998326  1169.1578340576764  614.5587110970953
-136.03207903752542  1169.709036034229  626.4954410457246
-136.29918158788064  1169.9499222994252  638.301273827642
-136.46016738028442  1169.8820308481302  649.9948688610096
-136.26986923327055  1169.8888529350675  661.5169842527151
-136.0452487923492  1169.427463271816  672.9009598855233
-135.52879075391377  1168.6874244235833  684.1294659840769
-135.0787997184623  1167.5926210972527  695.2246441013708
-134.29893198478504  1166.5325109469811  706.111402885587
-133.3720200603476  1165.5610628343377  716.9045071386591
-132.32463016373225  1164.7036534467466  727.5674349994022
-131.17675033515513  1163.1497197186127  738.3835818886371
-130.01423403281032  1161.6097966304915  749.2630838767071
-128.7064770721038  1159.0482838846463  759.9944763486242
-127.47182270801864  1157.4456137831044  770.7151230315037
-126.06646553897751  1154.8038736673252  781.0805625181093
-124.65188871088317  1152.51748545271  791.7169284579477
-123.03065725784919  1149.4888103882222  801.9900842791114
-121.67731391097902  1146.4038279673134  812.254321829412
-120.44743976583842  1143.4258420323345  822.0568275145106
-119.47603877306591  1140.4483718134882  831.5190530748864
-118.63006573982696  1136.9610615817585  840.7401393944834
-117.95465036844493  1132.9618017228895  849.6291032615505
-117.4390676322694  1128.780504389723  858.1883931343554
-116.94660278493069  1124.7450710675243  866.1536770474733
-116.46471191231723  1120.5798948219228  873.4803207390937
-116.00539980472364  1116.3968524479774  880.1573666971196
-115.72007843783574  1112.577661431255  886.1460451099492
-115.51249475900958  1109.0369418948  891.3049753409989
-115.37609814985213  1105.492855082935  895.5607168668294
-115.2453250704673  1102.4132357098613  898.9868093442489
-115.21623890273605  1099.7311394458536  901.5549079198934
-115.43769753998761  1097.408613195588  903.2186568227398
-115.67100805275659  1095.5605241036299  903.8895707868387
-116.01948721447496  1094.2223626297334  903.6779077175686
-116.38026584755282  1093.4106788230831  902.6716565739112
-117.1626759446885  1093.1965687747359  900.771712477619
-118.06489307493257  1093.5691066908462  897.9996755473346
-119.14922251680068  1094.6504532527536  894.329127887909
-120.07882557480619  1095.7192592713939  889.8813975255429
-120.96080536984759  1097.2226333516014  884.6279962515395
-121.85311906013443  1099.0451039176662  878.5619512112432
-122.7418638245652  1101.7327458105326  871.6805810529463
-123.70104266826925  1104.4366844504934  864.1598442411477
-124.55084268720283  1107.254794600211  856.0439962853023
-125.25161295125241  1109.965235266313  847.4365711302723
-125.79067764892801  1113.107394255652  838.3016054901141
-126.08559372252721  1116.3508255479003  828.7606622749729
-126.25765495977247  1119.671764265071  818.8268349277262
-126.35115149621035  1122.8514817418934  808.5535712635484
-126.4251713473363  1126.0746763846037  797.9571306358292
-126.5121811468468  1129.14089277439  787.0673505740239
-126.56556658408664  1132.1815825892322  775.8552437095126
-126.53411944178157  1134.9355822193988  764.34317888883
-126.4278450020327  1137.6853494636898  752.532484383968
-126.2679348152605  1140.2550116789143  740.5087610240205
-126.124500248751  1142.777678590703  728.3034148225444
-125.96244638648905  1144.9031043177422  715.9321478536094
-125.70005698678935  1146.599199533806  703.3750483716216
-125.31066667991533  1147.944544198107  690.6476820569706
-124.89821813965067  1149.1571091649091  677.8297817660958
-124.74737668019942  1150.2428101006585  664.9704968588552
-124.64461779663048  1151.0574165394028  651.9976571133941
-124.68095000414817  1152.0301761921103  638.9781332708671
-124.66832600631801  1146.8599098993984  625.8728438832729
-129.84060685961836  1138.98086304956  612.1227516115606
-140.6661909183643  1127.6256555351413  598.4326103422437
-148.6665626981349  1115.9928530894515  584.4827245276673
-148.52734831082296  1104.9766605332077  572.1998204544516
-138.0550302866573  1094.6343849508448  561.3088688523995
-125.11656769669972  1097.3147218947756  548.4464719735404
-113.81651655133489  1110.0541726879276  535.4434995187878
-104.81169819295621  1125.2852839570257  521.6585169158559
-97.9535518798089  1138.7897548779727  510.95929096437936
-89.65472682593213  1146.1010944835684  498.7755872781204
-81.75060358084149  1155.6202844251588  488.2384083313355
-75.3874043163592  1144.8702114914568  479.0045128760599
-70.19331391198723  1131.3686994043978  472.7039520457189
-65.34590881436611  1114.5779523978192  465.7470064369518
-65.55941143118577  1115.5670902440502  458.47998337102325
-69.37731469434247  1117.9575734797354  450.3875453826362
-75.9349738647801  1121.5309972990576  442.76311251404877
-79.78687394895772  1122.5913556187577  435.4641499687973
-82.64101652389152  1123.4083255049277  428.95139970918217
-85.36603877273845  1124.182399643316  422.6548863682109
-87.98618783301065  1125.0476926932242  416.7582492428594
-90.28647484253169  1125.6475194699103  411.33934972538725
-92.02090889834437  1126.127100053767  406.48882937680463
