-66.74150598490678  1074.7028095548646  401.3970385818851
-65.94170040195704  1092.2117381698406  406.8886462520336
-64.37426228441868  1111.610180671928  411.9114431074378
-69.40264842542128  1130.542851215361  419.229637915284
-81.84059063165378  1132.2848902534436  427.05753414677463
-96.9477071535447  1122.5518041081798  438.0600125004269
-101.79587448712444  1112.8142002398442  448.3949717402446
-110.14989793527036  1103.8491512798446  459.75208117627096
-128.51245864162684  1102.7228844808342  469.0910484348751
-154.7846184186525  1098.8590276390182  478.60257474982404
-161.73028964202734  1095.925077155965  489.19907357520515
-163.93889529683767  1095.2661592869383  500.5179499595525
-162.21661494492682  1096.143938355325  512.495284736966
-169.7467639695714  1108.2980473647601  525.3466476820529
-169.93306370978323  1121.879974975251  538.3244038379501
-169.63047544929958  1136.80303339228  551.5100574739658
-169.20401483927108  1143.2137979218192  564.016830461311
-168.81542411410652  1150.1816627511794  576.7850280240308
-168.99792151025397  1157.5841783006613  589.7100709349138
-168.6935143278393  1164.2256371676488  602.5193613415215
-168.3371119050963  1169.8663474416985  615.2193435294678
-167.9695927120709  1174.213574197876  627.7972542864056
-167.63283182117087  1178.3566337323828  640.3783322645425
-167.31932590955392  1181.8131032300334  653.0206577946064
-166.9372052094664  1184.442827596205  665.724368652068
-166.59281156966978  1186.3643876497745  678.4964695658864
-166.2338371527415  1188.256552050784  691.3106228204385
-165.82339270782535  1189.8115317823974  704.0243563871927
-165.0841840686571  1190.8001527886493  716.7980094025239
-163.943967588545  1191.1031358584762  729.6965658535137
-162.39765038592984  1191.2039193912601  742.5316405036945
-160.85049398796235  1190.5521439839458  755.4946743709204
-159.40259484236495  1188.9687711005913  768.0100433147306
-157.8163476091824  1186.4767835153655  780.6481916806729
-155.5065505517481  1183.6470042312048  792.7399644654415
-152.65604967214847  1179.774545277796  804.8778767919324
-149.29869583292577  1174.193303513613  816.6640563279623
-146.17115231354623  1168.2573090798214  828.1714290725924
-143.01590699744386  1162.7870363272252  839.0177522923252
-140.24128192097655  1157.8341879287077  849.2324473687817
-137.4687645921301  1152.4794140158954  858.8265577316992
-134.9185777071278  1146.264486358158  867.9442928491701
-132.49115794140306  1140.916942963726  876.3345224143211
-130.3963473948852  1135.556862199214  884.0660090820371
-128.56535119456532  1131.1921891832126  891.0554536807512
-126.98555860376393  1126.5152470900257  897.3821294697473
-125.63101910521816  1122.6001416617921  902.8611134370032
-124.48479115497946  1119.1202166997464  907.4993160104824
-123.5575678066765  1116.367767104249  911.3833902100025
-123.08289285815043  1113.6939979361282  914.4822128509983
-122.97017619109856  1111.5937893583675  916.8082702472791
-123.1691308895154  1109.942940555973  918.1129628444706
-123.35452236255254  1108.9661722614956  918.602669020404
-123.70413001349917  1108.2499270035892  918.1525381466444
-124.13178153935202  1107.954258389444  916.9955941387245
-124.5906638745022  1108.7421859461087  914.9808917996904
-125.17258358492766  1109.6028605195763  912.2825194937417
-125.88681204685419  1110.815027390027  908.7921640749006
-126.75158325739191  1111.7180805310932  904.7113009567128
-127.6493761628785  1113.244407222031  899.9767463079713
-128.55663236581933  1114.9341827011044  894.6792403291271
-129.66780842723395  1116.919077295479  888.7419713953068
-130.64555653252225  1118.7923968924667  882.3002778830023
-131.66651334323075  1120.793211830272  875.339792109015
-132.47701585396058  1122.7294094926692  867.9966035030529
-133.31485706534588  1125.010866026499  860.1788481524379
-134.0556364027867  1127.348898942173  851.9900116303518
-134.75186989973076  1129.9251616480099  843.3760666597325
-135.41466782063185  1132.3273897424529  834.4946027568238
-136.22553713030698  1135.0448307314755  825.2995540878001
-136.97556041485024  1137.4500958863264  815.8586729108933
-137.65371458353832  1139.7767846188049  806.1280885057001
-138.12791435613227  1141.7613190783838  796.1814981151186
-138.59933178818244  1143.6987925071805  786.044614547042
-139.03936165912626  1145.4805691027714  775.7536785208192
-139.47141878772868  1146.9667338991833  765.2928815749467
-139.88767733433846  1148.2551124007903  754.6422201579533
-140.0945201781885  1149.3215177485386  743.773824114485
-140.03488059344556  1150.199477269808  732.8461023644059
-139.76344794410343  1150.8713178651365  721.7905633415763
-139.40133185472558  1151.377207085432  710.624086444171
-138.9858297381002  1151.7413227962131  699.216549552824
-138.3016187885704  1152.0073740956411  687.6887907271828
-137.37514361486816  1152.2619723890289  676.0873615537699
-136.25497649254598  1152.3842792789314  664.4510189524403
-135.0738688111013  1152.4329632056558  652.7996509037985
-133.79505468064826  1152.346104595684  641.2077714612519
-132.29167279846678  1152.2155610706177  629.7294991998054
-130.53613579970383  1151.8564206924898  618.4193252588833
-128.72470982280828  1151.2649211054224  607.2462207220225
-126.77382523909105  1150.2394463337337  596.2603084432203
-125.00778979258978  1148.7720179747434  585.425478135648
-128.89601543158247  1146.8779671471257  574.8678914699474
-130.89680076072193  1144.4852541566895  563.5532780037153
-137.8578501308492  1141.6286170897145  553.4486345968191
-144.87061766935432  1128.003636712751  542.4400863311688
-150.5576310981372  1111.108999885128  532.4743460671623
-147.36941626133066  1082.8791444989263  522.3185920586017
-138.63576636504916  1076.8909749804013  513.4122671321834
-128.37152150309004  1079.696662427115  504.1375657732418
-115.76532429962018  1100.1655287192903  494.5439071702947
-100.67576862840342  1110.0126499076075  485.2425347751854
-88.52794194468669  1118.1658322541675  476.9256208636883
-80.79896390510619  1123.8429221298225  468.1910744643242
-72.81443622261331  1131.1245036485002  460.7512253808418
-65.05325537505372  1127.6416026761733  454.18922658179173
-57.83608375948292  1111.828075139534  449.21992900822886
-51.91614677586785  1092.3403930435247  443.54540328735936
-46.476931254765496  1078.4390108671944  437.57721984031826
-46.19851079847291  1075.6739449156157  431.3587505123175
-44.85754824545536  1070.1213184646303  425.16941615375197
-48.30856597925557  1067.9028835334998  419.38622735024705
