-60.14953247802046  1110.7044174061543  380.13074547661233
-57.97445412404464  1110.6428643804436  383.46274201472977
-56.187215557481686  1114.565475673457  386.86063728709576
-64.53340205912578  1123.3018777137884  390.07796692329146
-75.3447233721353  1130.9970147246916  394.85161426066463
-89.96960469885099  1144.0792643623167  399.0545382452992
-104.59321122645481  1157.1703567943373  402.6226998413851
-121.15896773925607  1165.7907678773238  407.033707069717
-138.3735508244779  1173.0750760434323  413.0535095425447
-149.1094581701469  1172.2983191549501  420.90577736995135
-153.3772212698983  1180.3785951188888  432.22199775861225
-153.31415896627925  1182.8809404185383  445.27164894777627
-148.37907743375732  1190.1515590991025  459.7567925860752
-146.62322114556997  1194.9085318104187  472.34441577562
-145.37137024820646  1199.2465138105888  484.9272165547544
-145.33100363296393  1204.331011282192  498.0034214528548
-144.5867645533471  1209.6066908026053  511.0525244146352
-143.6734040017306  1214.3557914756134  524.1754213479925
-143.12382607272727  1218.4023395851773  537.1110124432321
-142.81164887612192  1221.514240557022  550.2171245266836
-142.62216495461135  1224.4209495253263  563.3863755231747
-142.5777226198173  1226.927561493218  576.4810197819647
-142.55888769062608  1228.9601665795446  589.565444202881
-142.63099565173798  1230.306597217536  602.6536095597421
-142.30552247411433  1231.436084421581  615.8792216993058
-142.40484229886337  1232.446057404651  629.2547713458835
-142.92572321689488  1233.3897708895663  642.4782583237221
-143.83560266652958  1234.0914558141098  655.6608006414417
-144.39187110101753  1234.6061944684304  668.703832696262
-144.52506475092747  1235.0507728747925  681.8636980883268
-144.8154106605291  1235.2364051814438  694.9853576369544
-145.0519707682373  1235.310233653543  708.0894684233382
-145.18922124340511  1235.26656524904  720.9809571857903
-145.16527856551457  1235.2107001784063  733.6936392538339
-144.6682207485767  1234.661055892153  746.1636275735304
-144.06820524828285  1233.6330700193234  758.5738062591811
-143.02613332175207  1232.1862243740584  770.8107498369593
-141.84936364094142  1230.3434382141227  782.8124475136617
-140.35986019063344  1227.899241084758  794.6266088046458
-138.65601164377333  1225.1400899480518  806.1657549984973
-136.9043455056729  1222.0499542050393  817.4078209266181
-134.98781928784666  1218.872767228254  828.2459602600478
-133.09958128360847  1215.1273013350283  838.7032865629338
-131.11151098894186  1211.1658254751414  848.6787414440928
-128.82913358873043  1206.2483197739393  858.1795080240237
-126.38967258185005  1201.1564822521752  866.9992146522145
-123.93853721637218  1195.418219508067  875.149288867914
-121.55466945743787  1190.345688543044  882.4940549438975
-119.39509422916655  1185.0595556940457  889.1180009915178
-117.46958838419462  1180.254514471409  894.8081146849458
-115.92662773362765  1175.4044825585927  899.5842686425613
-114.70226712759987  1171.0534575968948  903.5138628913546
-113.76762586650332  1167.1970336079983  906.6187283942846
-113.23373041763651  1163.8758423661175  908.8281219505832
-113.03393744119523  1161.0871897626264  909.9879495704661
-113.02791357332032  1158.6308249552787  910.1741039311563
-113.48283305328191  1156.7238962704894  909.4280833422306
-114.18453504399216  1155.3060170421888  907.7222358985903
-115.36313994117828  1154.3381429402127  905.0815243366283
-116.43652738162099  1153.7213413713496  901.5250871348838
-117.5626604991742  1153.17678344744  897.1688043304362
-118.64126136490594  1152.77018825896  892.094891880346
-119.76341240385895  1152.467742257519  886.3776304476106
-120.78102644884231  1152.240035409435  880.0541672662382
-121.8121710123003  1152.0696535305879  873.1959226324394
-122.83704896613523  1151.8433495817428  865.8185270696338
-124.08212377450533  1151.7825459735304  857.9927549120334
-125.26941970070527  1151.833819125352  849.6669877909944
-126.48391811281105  1151.901935452581  841.0092824589174
-127.51932019580715  1152.0132992079743  831.9551093580023
-128.4213879062455  1152.1935224176475  822.7395826986977
-129.17423777375927  1152.3897152721356  813.2365396523307
-129.85576639866605  1152.5495451844613  803.5460877448678
-130.5151350484111  1152.65197594185  793.548400239102
-131.13735966536115  1152.7562147530086  783.362577461625
-131.6330308490554  1152.833817946138  773.0344734745779
-132.04607559190663  1152.8970036371993  762.5905723215631
-132.30831250667504  1152.9068903078323  751.9810264052169
-132.47589827017617  1152.9232743857535  741.2834687377606
-132.4327880478968  1152.9233846599916  730.5020398000929
-132.25259190821376  1152.9400440233644  719.6927350924016
-132.04801016560856  1152.9465938455176  708.7967302946294
-131.91792042482126  1152.9526571528074  697.8548000412627
-131.70586250833958  1152.7846748834295  686.9030092457684
-131.29940491310998  1152.6363721331388  676.0191393092693
-130.57050608376164  1152.1532672860321  665.1570892479165
-129.67063426195512  1151.4716020688656  654.3441085173558
-128.93357664899844  1150.1244296592843  644.3906932951967
-128.4727586770206  1148.9547695038436  633.8623799519384
-122.68463288560571  1142.5993706438956  623.3198387902096
-110.5754751321677  1130.6280603327402  612.841988725327
-102.48086282571845  1115.9112475885786  603.2202011600035
-104.57230920868885  1098.8881992785427  592.8164127403344
-112.96127015365015  1086.7446956372  581.5352276709766
-116.54858502572884  1075.9707717788697  569.4270711358563
-115.39996154324423  1066.3035298582415  558.6304751790623
-114.0904748446288  1064.057677642679  548.2547734857791
-114.33210509699259  1064.4865735869414  537.1064950265011
-114.31497083303057  1073.9447143754912  525.7167678122719
-114.69351154295312  1078.2178280927778  513.3266103299338
-114.64990485760617  1082.5040919445162  502.8677902291936
-109.7519790844014  1087.7445012053006  491.98350461046005
-101.48752214562296  1097.4704599006284  482.56998350104504
-89.24182802670177  1100.1202113148393  474.01946956036306
-79.65925098841068  1096.4762901822578  467.2036197788745
-71.20885126284287  1083.9280358184428  460.50845845999197
-69.05110206349747  1080.7786339901836  453.5608044888419
