-58.03558978947108  1082.8436054063038  363.8402685989304
-52.23568110551337  1078.421732545844  365.89372670629405
-53.366514521994446  1079.5836499180423  368.03724243191425
-60.40939597285853  1082.5226661255856  369.5749679781498
-79.63311464686817  1082.087091316061  373.4999520320893
-97.0233307545882  1079.4213632577296  378.56984471842225
-106.85632218772784  1080.2251015672828  385.23816673335875
-105.78561235425465  1090.3564312574626  392.90888423674187
-102.97331272391219  1103.1667582686403  400.8135519623453
-103.92287132560638  1112.053831958397  409.7874874603697
-105.0255704143549  1118.3980995386892  418.55881688890474
-105.32155574877886  1125.958929073809  427.934175910215
-104.9662170073868  1135.050782512125  437.6100770573221
-104.86964680387207  1143.3226026689576  447.69472615989457
-105.29164629628896  1150.8289057189972  458.15851043458827
-105.8204307838352  1158.1714674390723  468.86501330636554
-106.43715583002023  1165.23683217662  479.8964253585482
-107.16269334017541  1172.0247725644715  491.1263065395898
-108.05705913177398  1178.0889300710146  502.5912102248733
-109.19031942276173  1183.794238496272  514.2323707329956
-110.47782856357082  1188.7897863434312  526.0867282702966
-111.92165078603779  1193.4639774564762  538.0269176407879
-113.44199015553997  1197.4970543664583  550.0755166760679
-115.14453225746054  1201.1970539667063  562.1607554431276
-116.97063639817137  1204.3725507036681  574.3689235954093
-118.90789102009757  1207.1720341045925  586.5390802032111
-120.84989382716341  1209.5665756997375  598.6838366948256
-122.78217920730411  1211.2721792301454  610.7627015765803
-124.65765908877462  1212.5117179631063  622.8187871891442
-126.42671119268888  1213.1429509626564  634.8438536573963
-128.14699929200356  1213.50939974503  646.7732199151446
-129.75310157599182  1213.4613979500843  658.6400123791364
-131.3887375445954  1213.0254132313776  670.4295468396751
-132.80710546175678  1212.2628049815316  682.1181649975621
-134.04724032087955  1211.140038358835  693.6963372236143
-135.0023202119034  1209.6907405333573  705.1770601693914
-135.64469095189088  1207.9326293818983  716.5844152011723
-136.12248681137825  1206.0239045608748  727.8668905539269
-136.40957796972612  1203.746693477062  739.0072335182083
-136.63720203322228  1201.4008657890035  749.9526170832892
-136.6831184972651  1198.6608292177743  760.7577395657486
-136.51270703293534  1196.2373215533266  771.3577994902931
-136.3148577930659  1193.4463943247551  781.8120725264332
-136.01005791577685  1190.7596717952401  792.0492827729965
-135.7389854090332  1187.9322503350124  802.0754014298451
-135.38486083100952  1185.5505184032636  811.7906244731646
-134.9819323727276  1183.0113645514496  821.2445725865915
-134.58637804020162  1180.502572426215  830.3931192236289
-134.1983368210936  1177.3248046888975  839.2968750607783
-133.79518043425819  1174.5842706756046  847.8037115967511
-133.40705918741133  1172.0338732181785  855.8446753676143
-132.99317304446154  1169.782157570043  863.4280817294206
-132.6729406284283  1167.2817323223674  870.5980578722741
-132.14328907695662  1164.4288348093864  877.3972252033548
-131.54280029643948  1161.6196035744474  883.6838439711769
-130.87548652921217  1158.8558939368027  889.3858105179801
-130.13335744693728  1155.934335276631  894.4567649117758
-129.37436424724672  1153.1615199899543  898.8023378095702
-128.47092719959903  1150.5491490734025  902.4964103017321
-127.73379758992934  1148.4155096064046  905.4187959390292
-127.05193443911557  1146.4197897353993  907.6521774350109
-126.54338667785349  1144.504547335224  909.0190107996399
-126.27568220671802  1143.070951967548  909.6111290356228
-126.28792351415193  1142.0338062772473  909.3569529388793
-126.58799805347104  1141.4226109277279  908.3580832685228
-126.92815186141375  1141.4569717178933  906.5270191847094
-127.33090278920102  1141.726946028205  903.9356744034217
-127.69907730311947  1142.8294358648277  900.4968698538945
-128.09867544016964  1143.7913763519873  896.3320874561784
-128.56471443092187  1145.26754761133  891.430779270841
-129.05110022810322  1146.8834321967804  885.8829537711308
-129.62841752393942  1148.5715872566414  879.7441080944335
-130.06928499078168  1150.2054186601958  873.1225248058098
-130.50788345173945  1151.9226327596168  866.0361816747992
-130.8343975781857  1153.8313535605705  858.5058184521268
-131.12822359659367  1155.9254293042256  850.5172108497875
-131.325888392655  1157.7700464426562  842.2313929846196
-131.41925287624446  1159.9496175909082  833.5912035958928
-131.37968011192729  1162.1355199572472  824.6607134446533
-131.08633031945078  1164.133775856951  815.4114549158851
-130.7012806621089  1165.8794698939985  805.9112094738548
-130.1517827952983  1167.4104543427202  796.2152593018631
-129.7095433456287  1168.9154190802283  786.3334800915186
-129.06703590430178  1170.082243016393  776.3171146534719
-128.51785537834857  1171.0241752737863  766.1814148045742
-127.88671351071078  1171.7365602008908  755.9410097906602
-127.39088011678601  1172.2141664892522  745.595859830261
-126.95949290697197  1172.5640355075689  735.1226848963108
-126.48179316463988  1172.7810313109865  724.5175104969098
-125.91515532218214  1172.5481373478106  713.8439849773396
-125.29506344016134  1172.0754269820634  703.0369562489352
-124.79438936884267  1171.3540378297103  692.0005495562197
-124.41114677534976  1170.1287317472675  680.7976732719644
-123.96612225889697  1168.9909894022298  669.518509318921
-123.84211464567912  1167.9683654136352  658.3667966716724
-124.09036831111624  1161.0970719218633  647.1370356334642
-130.00052391998557  1151.0032141643383  635.1140205565302
-139.02704948887845  1137.315056456167  623.0434419315691
-144.16328420306954  1126.4094700447795  611.1860005140196
-148.11402788359112  1117.110497062598  601.2337119134071
-144.9104293820801  1105.3748042937184  591.6868513186238
-145.5204519378256  1091.5077270777  582.4880157792687
-141.32518825255562  1074.8661170606204  572.164002682111
-139.79269575426525  1059.782215236177  562.4250602759287
-137.2148466512897  1047.4582463351016  552.5764177461674
-133.32128899725205  1036.1114855629146  543.6558559752624
-129.46332144914854  1037.1579578465642  534.6480315573423
-125.87752388806389  1045.3921471301721  524.6010460296014
-123.13912834250243  1062.0593346388662  514.5538264480377
-121.34823554103207  1071.4599014392024  504.4521972195514
-118.57972590224986  1079.559221764715  496.0563071537244
-116.0633220153746  1085.26742207119  487.86571355103206
-113.20107146115286  1092.3062044742683  479.8846363002434
-111.72052440778897  1098.0188532047803  472.1169225840736
-110.1360141659498  1102.3985331817696  464.70699710107806
-108.80893486906453  1105.8851701183403  457.79417208626893
-107.00910017741636  1110.1950151469184  451.17180520283705
-105.80467360392159  1113.1460768985721  444.5220541593127
-104.30696526239268  1116.8416172602037  438.4124563916963
-103.3595335020306  1117.6745071714286  432.26667311764913
-102.59769913779071  1118.9175123722844  427.0050451197204
-102.11657509325649  1118.5958758766837  421.41492924890196
-101.605105731174  1120.1977094542326  416.5433447546601
-96.12038048145556  1122.845111516854  410.97545607907847
-85.3751210713384  1131.4047407989353  406.10251854000126
