-105.61547295188785  1156.32215472359  369.81242541591206
-116.40736869219224  1153.9580588902115  372.6364647439683
-125.95552133965822  1143.6545349861794  378.7214431861904
-128.32368844488474  1134.3551601211873  385.8355815987676
-126.93395897356393  1135.9755778584597  394.9767516138314
-128.02582142527336  1136.2629388849534  402.5536208198338
-129.61929617194656  1135.856794030124  410.271557745324
-130.90205082566584  1136.0859809226129  418.4797068704935
-125.90929137079179  1143.4540002896672  427.1820898310313
-123.04649329121769  1149.980722748227  437.1150533600642
-121.61383710826814  1154.319678359448  446.56519107834333
-120.6323655842675  1158.5773170437599  456.39526236065706
-119.88697626862012  1163.2428211704644  466.5783629375736
-119.26567545289566  1168.037268701446  477.19043244595866
-119.53413846315864  1172.6254510029182  488.1135252728246
-120.23180660965126  1176.7563570347547  499.23348426191967
-121.06669029732416  1180.8624393691678  510.5720334098668
-122.02812588645622  1184.4125771598437  522.211042291018
-123.13486208868574  1188.0241791585163  534.0460022101986
-124.4712204181595  1191.4772592156503  546.0621609307285
-125.8134169125346  1195.0483939922417  558.1511403879665
-127.05239945039503  1198.2543923619273  570.3587224037223
-128.1986918445289  1201.1235889860225  582.6452210279543
-129.30916383928798  1203.7046979642948  595.0307308700712
-130.38859280811323  1206.030785315017  607.4953094525554
-131.20023373185745  1208.141147327438  620.2012280177837
-131.90739677177282  1210.1244789943373  632.9606389715109
-132.38877315569505  1212.0316135733888  646.0813660424845
-132.87351167896583  1213.8070616468094  659.2801216693008
-133.40128183861304  1215.4366583571239  672.6025580192045
-133.87661380726928  1216.934049987387  685.8504890900356
-134.28687983232075  1217.4507296948807  699.007034224067
-134.32260509770177  1216.8370660324485  712.5014586306365
-134.25100528185882  1215.474465089831  725.9366827041556
-133.97822198222045  1214.2327823952087  739.3019653335124
-133.64633700017137  1213.2001503999695  752.2603787478008
-133.04740239928415  1212.2927679515424  765.0003149550214
-132.17523397015455  1210.202037108625  777.4484625463907
-131.24630320421116  1208.0563725556472  789.8189630358602
-130.3808641945052  1205.5558084888742  801.5258605773231
-129.6507269710408  1203.5081223755822  813.0297599827993
-128.7037813423995  1200.753966060034  823.7377326371743
-127.54630746028889  1197.3790539485954  834.2944098474434
-125.9800453965557  1194.0332985535915  844.1110782600751
-124.40506754559877  1189.6876330533346  853.529617663102
-122.81234796448545  1185.5591692488922  862.2306622988244
-121.21548683866604  1181.178355733056  870.4351625883274
-119.70457565069937  1177.6415356921837  877.8539663322216
-118.24624417450067  1173.6350796601323  884.6672733928187
-117.04746089674379  1169.7499291734498  890.7545352844118
-115.77896881563692  1166.065919938464  896.0764187370755
-114.61495579703083  1162.7901487746608  900.5519414168568
-113.64510347932645  1159.7678941548616  904.2469512704231
-112.86932867665482  1157.118804587696  907.2060431376981
-112.2318850987991  1154.7484314536416  909.3113487308082
-111.6649685537435  1152.7111667386653  910.4561754116077
-111.19971805225684  1150.8038857136908  910.6927574959243
-110.83394559978508  1149.3019903310694  910.1439220058076
-110.58326137265492  1148.0738386030953  908.7144058477307
-110.39598577215492  1147.1934816050205  906.4892261864848
-110.2277696063244  1146.3928566239426  903.4250358684443
-109.99669598789701  1145.7802978596023  899.664180925549
-109.72400541735203  1145.3549481278415  895.1580088542521
-109.43161914454791  1145.0560491024378  890.0061197103076
-109.14291199103454  1144.9667360398555  884.2193964431298
-108.75534651839449  1145.0778503442098  877.9633177252103
-108.33401363240326  1145.1861970592433  871.2188029573063
-107.86164833796653  1145.3932263341985  864.1712807112758
-107.40740245304333  1145.5257011099932  856.7000771934037
-106.79502661660526  1145.7767776109376  848.9783843787907
-106.0135546948016  1146.210475307323  840.9043953707485
-105.2620719668525  1146.626544052712  832.5991300764406
-104.49019238365867  1147.1295208643953  824.0187334663325
-103.83602063937018  1147.41569018067  815.2101275607146
-102.87282141266101  1147.8880338145048  806.1800963566284
-101.95256638716799  1148.4486036524506  796.9510228538581
-100.89454834871378  1149.0205153205916  787.5069637892468
-100.01450677144645  1149.5468223540765  777.8842055033475
-99.07441144491992  1150.0402212902868  768.0511020079744
-98.18371904561364  1150.588784553989  758.094948813882
-97.37130412473272  1151.1523346464244  747.9638553710384
-96.61445084192832  1151.692456020671  737.7355594356861
-95.96233946608012  1152.100301108181  727.387821391491
-95.34109780290933  1152.486515327444  717.012248377509
-94.78654084765802  1152.6375498945888  706.5832041737008
-94.25938176041356  1152.844310718414  696.1898985936782
-93.56829171487368  1152.8294503055374  685.7956289965081
-92.91306769899184  1152.9374546302083  675.5203251916109
-92.1858628531058  1152.876805089993  665.260613166626
-97.47255004688036  1152.8138856071864  655.0851212652656
-109.30391569678315  1140.9506087196987  644.2444484017111
-122.88835856382934  1127.642809231578  633.4220796277152
-132.41211060744882  1112.737624472333  622.5824234566161
-137.36310222100593  1108.2603070150985  612.4600107397417
-142.57549839199345  1102.6310184119868  602.5062854363812
-147.46987193513257  1095.7060460125867  592.6450309577707
-146.30602240242624  1079.8120071116978  583.4801537772782
-138.41627350725088  1064.3201477529628  574.4142880459735
-129.27699480722615  1049.4804135380416  565.7963586196431
-122.64215891175365  1060.2512713534095  555.0574771046308
-120.38949939859869  1071.6387043460873  544.3075260631621
-117.29702051903195  1088.7456239502749  533.539387951336
-114.98473256485768  1089.4190668363472  524.4361484730931
-107.78398746268353  1101.3643689873952  515.4081185264831
-95.23991929461569  1112.9475320513768  506.1234760148382
-81.81169846747343  1127.1496451073726  498.0720946286141
-71.85058941358278  1134.5042979369084  489.8209969492956
-65.49150583790164  1133.035815302425  482.8810886990405
-58.22312012203213  1123.6954898606846  476.12636872728393
-50.587308641950706  1110.688125969846  470.5017437523841
-44.00011831036758  1111.0654389596546  464.6957490945773
-38.703145853229344  1112.96587403494  458.6525934028227
-34.09991177068517  1120.8194872190688  453.02495545951354
-29.75989794978312  1115.8027119195867  447.7381388045726
