-101.17738943105732  1094.3808354623245  390.9087887525225
-100.44057165252335  1096.0884968116513  391.6081025603528
-99.88455968144993  1097.8768441664313  392.6228537823411
-99.51000956815567  1099.862701760655  394.02320030858783
-99.06729584107634  1102.1238630593198  395.83473075480657
-98.90707527178283  1104.3559264075477  398.0890720198263
-98.89576512687351  1106.6278415257007  400.73119492823935
-99.18399106116729  1108.555074614957  403.76824397422513
-99.52503698363196  1110.9283434210224  407.1217052482107
-100.20949803556648  1113.1909948785685  410.85553086566347
-101.10338955987775  1115.9239988559746  414.95310587952054
-102.38326509588963  1118.508741662028  419.48889761198245
-103.80118259201663  1121.4074041790689  424.4100854474503
-105.50664278337281  1124.3323628745827  429.69920313160344
-107.39199475834042  1127.2931040562778  435.3041528670275
-109.65486059868715  1129.9525277034916  441.2638306171981
-111.93310697853832  1132.4477338094312  447.5945462094078
-114.61276596386942  1135.0737515778565  454.2702272840859
-117.22598888535101  1137.6896506277049  461.2749450136654
-119.99316214809829  1140.1693628468452  468.66075024892314
-122.57027057181801  1142.3729814456663  476.36867492166004
-124.88974869345938  1144.145381288438  484.4647429597178
-126.9281639078245  1146.232567223314  493.00089255350656
-128.6945192758189  1147.8793504289958  501.7749757121841
-130.49984244962738  1150.1513097791574  510.99330454949893
-132.54315248731854  1151.9283984581966  520.2296988370709
-134.53989710175605  1153.7940755847628  529.9772643264973
-136.51645940279317  1153.8298111218032  539.8741669973447
-138.37420821466424  1154.3644134841147  550.6057888028245
-140.32553183201992  1151.6403362097542  561.1555404391545
-142.237149254819  1152.218576310454  572.6758324253615
-144.16782385075655  1151.3337331904236  582.9988866238978
-146.1257584443816  1153.48850396535  594.4358144110729
-148.23452707458017  1152.5970954829027  605.2311703377889
-150.35221005706964  1152.0587650638058  617.4129055296594
-152.96542358520088  1151.1907364610895  629.1213386659725
-155.55460725149862  1150.9295941251828  641.0730894460489
-157.78172236409134  1150.3585924396596  653.0200522988177
-159.57867082280507  1151.073346347764  665.3268445347859
-160.93096777570818  1150.5129116302796  677.2974038094105
-162.3151519827255  1149.620243163293  689.7049910943795
-163.1955013136661  1146.6932699437564  701.9981976479303
-164.360067212062  1146.896174892422  715.2251111731655
-165.52681738837086  1143.9488408721895  726.9833435324589
-166.2782982090666  1141.9835686877427  739.685830907168
-166.67987076323638  1135.3018531949256  751.4259217943877
-166.84604686080027  1132.6213001988795  764.5933381318889
-166.36627380419202  1126.8872311682699  776.3680556923836
-165.30956462820828  1123.8992224215008  788.873311257286
-163.88677428318795  1118.3099200370398  800.5134322228893
-163.02310129245313  1116.2386933541393  812.6342573873544
-162.1369651086052  1109.5484708857598  823.6557743364754
-161.09143488958082  1106.2833512899792  835.2390663620486
-159.90209752525442  1098.4931212143726  845.5438926957567
-158.7740916373852  1096.6476188930715  856.2842153755654
-157.42528380665985  1090.4006669148705  865.36883826965
-156.0947878709357  1087.6863269423593  874.904073379937
-154.319055716227  1081.938947615633  883.2178732603697
-152.7787370695578  1079.6492499894389  891.6125866226598
-151.2264182625957  1077.259951002872  898.8268108635227
-150.13297034074702  1075.8365910373718  905.6357227995175
-149.0707374075079  1073.979307688072  911.7070083657508
-148.04133234957942  1071.8462286614797  917.1633627389776
-147.21881630374847  1070.3342618573074  921.7648739238035
-146.61172120802232  1068.5866724983393  925.5279098364466
-146.17975282620066  1067.5443393890469  928.572697208062
-145.98332376188233  1066.2334684098937  930.76171900913
-146.04797455617916  1065.7776518010648  932.0836078395525
-146.37499608200412  1064.6580499064848  932.3816259771243
-146.74974730428607  1064.6134512691178  931.9880324837893
-147.06373369131904  1064.4032596687082  930.5736353147072
-147.38343129945883  1064.9131822876618  928.453065078038
-147.7147978666559  1065.1542525018808  925.3002083366515
-148.1141901554655  1065.6497058292316  921.4681833987888
-148.4450300396482  1065.672112444575  916.6998405764969
-149.30257506906844  1066.704448091507  911.4278665880853
-149.9744466475371  1067.222821831857  905.1993829972575
-151.1727455191719  1070.0022888061314  898.55596023716
-152.0274887022989  1071.6178783597877  890.7841917247235
-153.27304086440307  1075.3176591839197  882.7607677654655
-154.26842588937245  1077.388295030244  873.6927336640864
-155.20638345284794  1081.9127827745392  864.5684545485865
-155.6803430535118  1084.3815943308514  854.3538134925027
-156.16719524530427  1088.2023411156795  844.2902451494206
-156.48158356317992  1091.1740781925878  833.3375893275075
-157.14537640052703  1095.2005453098823  822.4712920227629
-157.50806083942138  1099.6201102154428  810.8873368175974
-157.76908926274305  1103.1705123955555  799.354659601224
-157.31283503889694  1106.1173871536434  787.6246653648141
-157.01704126309605  1109.087026033389  776.0478928917381
-156.28688566308554  1111.657412325989  764.047718337267
-155.51564057090536  1115.5018614842525  752.2485341265799
-154.3664524123409  1118.8555560178538  740.0250212902029
-153.6439774935406  1123.475519908141  727.9779040013253
-152.85093998787104  1127.7678863462033  715.4946463308893
-151.5582260784679  1131.688860135305  703.3051905107831
-149.90963800539075  1134.5788692364695  691.2391120324726
-148.3524729972014  1138.2864311429967  679.5550217707091
-147.14536807030896  1142.0100081898895  667.5227343307723
-145.443680642405  1145.698844928233  655.7898256219534
-143.42098572422177  1148.0701513525491  644.1931105333363
-141.16598442994098  1150.068681055486  633.1583130361555
-139.09486023300977  1152.160167454738  622.1982006616158
-137.26362738748583  1154.3475225796433  611.2643855229792
-135.31718855213293  1156.3098484213313  600.5310794220051
-133.4254432908489  1157.9704694829686  590.0124861470115
-131.5574292366773  1159.256430499271  579.7545705987209
-129.87319108751933  1160.4286773047443  569.6829277940415
-128.18951619433304  1161.4808632234947  559.7864436855948
-126.58601854518892  1162.385997053976  550.0838884559217
-124.88273854432093  1162.9078887580567  540.5841020851612
-123.29959670100493  1163.1896521049428  531.30094157743
-121.6023701340459  1163.185157305652  522.2374504497686
-120.09162126486171  1163.1231060557652  513.3830907817345
-118.5681018986778  1162.8707976597989  504.77650916875206
-117.29112669286391  1162.4120564855268  496.4165492578558
-116.1175264614318  1161.5898462014607  488.3054926544426
-115.15790018148515  1160.4383504635255  480.4502615390692
-114.26681956241504  1158.9968533582598  472.8690629252318
-113.26775434960922  1157.7369592710713  466.0441594431689
-117.76544153097565  1147.7918145974804  459.9881407274711
-115.2125101357396  1136.7219627364748  454.52381466117293
-114.21902084502808  1124.0781476783516  449.19269241201425
-108.47623542797095  1113.5781272052047  443.37102127113235
-110.59833691116543  1096.934788936073  437.9653910643699
-111.59039510635998  1078.5732490816981  432.99162001702
-111.49523167828302  1064.3753911422252  429.10380492821366
-110.95908749610095  1055.081602130444  425.6550662115938
-110.38092770248504  1046.2859047494558  422.6252879365412
-110.4361979867993  1037.7447091299869  420.08952126971724
-110.13010249625354  1030.1784043417265  417.9609875453858
-109.74001341999023  1023.8819151867298  416.23058348643156
-109.14420988770362  1018.5313853797928  414.75414330620873
-108.60937768665396  1013.7065132859614  413.53807794303555
-108.04238393467509  1009.4745856655246  412.51593919384743
-107.43410967815956  1005.8361713574669  411.6496664343636
-112.10821495089782  1006.9637531094345  410.48064504548586
