-150.64589326840374  1154.7624608177507  402.41065136430205
-154.7870015930906  1146.1214542389173  407.6318197038189
-158.90265616851158  1131.0462276629369  413.7432387814474
-163.34430575427166  1122.1124531879118  421.1096007081568
-167.89000258568848  1114.8599918494997  426.66261567103703
-172.17082242124576  1110.224413079002  433.11774077859536
-175.79390856535102  1105.126608181971  440.30381445538194
-173.39847443688356  1106.195157335009  448.1377887993273
-164.68624922043006  1114.366881653393  457.0290825515623
-154.3229415286999  1125.4410898287656  466.214817781988
-147.47932108407628  1133.5116875097676  475.8604180458569
-144.62845841693007  1137.7701768136133  485.20107770426455
-141.13269652337746  1142.7187091425685  494.88997311037485
-137.66640834668922  1148.1791368685135  504.8406711492558
-134.9631244874716  1153.3356375204035  514.9679572239675
-132.90574235731808  1157.8715247318585  525.2922871542149
-131.30028501647328  1161.6811275096197  535.7951957927597
-129.76390084141622  1165.2480225966203  546.5213230538216
-128.73023263117105  1168.4132192783768  557.4299042967524
-128.06992941673127  1171.2706764546097  568.5058084401895
-127.77123878288873  1173.7984100713857  579.7006648422172
-127.46285333608506  1175.9740344888264  591.0350870532175
-127.34937187603653  1177.9055116112274  602.4837359607747
-127.38029575536407  1179.5058914880533  614.0340875741439
-127.4742780208882  1180.7743205142629  625.653110483818
-127.54451284640781  1181.6632610217196  637.2829857392713
-127.66569397934771  1182.422681140511  648.862938351403
-127.86975312225553  1183.0804044719719  660.3732447636764
-128.0078262467829  1183.6420129545647  671.8406333640391
-127.96002568321026  1183.9889681378788  683.146739087776
-127.79069195350051  1183.4174653408309  694.3322426632708
-127.4205438731371  1182.31658650572  705.2863997787707
-126.8440963598608  1180.7589084263707  716.1414074571917
-125.88567176456145  1179.2047851706707  726.8268777938811
-124.82746995428377  1176.9492416976839  737.4093958476113
-123.60922673816793  1174.3905921426597  747.8055404425907
-122.30448483625138  1171.4695304928882  758.0315526650058
-120.88223495664067  1168.498759741284  768.0850842757851
-119.39675228123816  1165.2421649056482  778.0360813781092
-118.08242297082273  1161.7677786225204  787.9315443261378
-116.8986320978901  1158.4522644881251  797.7417878859535
-115.87500026785538  1154.8747797813082  807.5002438163739
-115.02877907180587  1151.5063859423608  817.1374552102949
-114.39683333620152  1147.9018004674954  826.7231390771086
-114.01926346807197  1144.4356486627262  836.2415087894835
-113.8188022802281  1140.8316549177518  845.6613668474017
-113.79685230302036  1137.3143324714554  854.9175017175828
-114.04147505741598  1133.4786640577238  863.9999339552339
-114.29410455561724  1129.7558263221442  872.8536562983513
-114.5333759580442  1126.3968083039754  881.3929959510068
-114.73886001929074  1123.3039607591313  889.5219568461971
-114.96470223667356  1120.2922427393037  897.1825555960465
-115.22549160338023  1117.0721856477849  904.3446623308545
-115.31461585912575  1114.3633237215424  910.921390877807
-115.51204586581431  1111.8856257714672  916.9455202002391
-115.7176001511606  1109.6576994549036  922.265398231393
-116.0185267301443  1107.215860166875  926.7789159045426
-116.32374869807815  1104.9042189703218  930.4897484431044
-116.61245841304039  1102.8483655106386  933.3592967071357
-117.01064373227972  1101.2009717342758  935.4088224358019
-117.33783346558789  1099.9387975421268  936.4234977152472
-117.68214512989131  1098.6873174592797  936.480810150729
-118.17592367985968  1097.4357321208304  935.6163219315023
-118.83978180258238  1096.448174327144  933.851631117552
-119.66574972627512  1096.0338580229572  931.126372918854
-120.35519797552453  1096.1489079340422  927.4327167292355
-120.96718228926662  1096.3716378580318  922.8910566059842
-121.56544068418853  1096.9017559078757  917.583237412891
-122.12603780972964  1097.5962787562564  911.5797643480646
-122.77956793562305  1098.7416098098954  904.8660810018787
-123.47311646179153  1099.9568675332628  897.5692945122566
-124.36513627257492  1101.8685662331654  889.6866542351344
-125.23619364548846  1103.738988530057  881.3782039387781
-126.08536151565096  1105.9851751078295  872.668299754514
-127.0169732288911  1108.0443946517762  863.6498666803202
-127.94921014054961  1110.4351652570112  854.3072398901254
-128.9230931003944  1112.81749122248  844.6719580623588
-129.5906458288718  1115.1856955961443  834.797321040762
-130.2015926642947  1117.5114339794052  824.7091981785102
-130.6825129641252  1120.1364113383522  814.3646479815094
-131.15649855602948  1122.590720924174  803.785283144158
-131.52307179546443  1125.0878216325696  792.9109885509122
-131.7682383510982  1126.9860104338306  781.8491298619815
-131.9151136663765  1129.0847572885414  770.5802809646339
-131.8939162916367  1130.9240764521835  759.2192288128994
-131.78357358257566  1132.8116220914123  747.7721389168231
-131.51546296089393  1134.3796022373174  736.3324083884063
-131.14876310657263  1135.7703748129106  724.9755983680931
-130.7122037010069  1137.0033566102957  713.795819431357
-130.26768495533577  1138.142942150515  702.7276492396974
-129.6720322882981  1139.1823153628065  691.7833892930471
-129.04067087651342  1140.1074695217308  680.883870590075
-128.27434936596586  1140.9568185572823  670.1774033652838
-127.57350639839  1141.6531159003289  659.5999664899325
-126.68061548556287  1142.241131124083  649.1721723722546
-125.63360555184126  1142.502927402029  638.7743752638241
-124.56583095978417  1142.7224889850565  628.4576360101713
-123.36993222019302  1142.753567707035  618.1597191876833
-122.23420007697142  1142.8523201202852  607.9273836654831
-121.03419178679411  1142.824023694655  597.7092358124271
-119.85369382444802  1142.7618317894137  587.6242187424486
-118.55589985852384  1142.6481196620557  577.6023741772766
-117.17150722086629  1142.2775547466804  567.7123789481649
-115.85874409595047  1141.6350537516364  557.931461418225
-114.66543959832283  1140.4701092055552  548.3612086373178
-113.59389807476393  1138.9644236444176  538.9834802404291
-112.59443985605343  1137.5072226262932  529.8712004276767
-111.66898360574461  1135.730142996823  521.0484162089767
-116.1918837788544  1134.1348515280906  512.5695583665782
-118.5589228017174  1132.2752812501474  504.38281423512234
-119.99767585839172  1130.9574565057214  496.4425024348479
