-169.65072228989624  1053.1904058982088  397.0831113746484
-169.97548008398175  1052.711038438988  397.89222443946954
-170.39523941215717  1052.414931755909  398.7975111331077
-170.91994390291427  1052.2518521512648  399.88119449631245
-171.4310525594781  1052.441027937545  401.1942071748396
-172.00972290605344  1052.7994279602394  402.8020185772972
-172.6060461080731  1053.3079568429932  404.71959447762833
-167.7559905485845  1054.0760721434938  406.87891573239824
-159.5561189093879  1065.4723277544422  410.23501630730954
-149.04236620707212  1078.230698829839  414.1010815336841
-142.04658306145888  1092.1246185663758  418.6715033285397
-136.49374778010332  1097.683954892143  422.99926392244504
-131.36036921371647  1104.2482452732868  427.87498510304715
-126.72201433592045  1111.657896914511  433.26646877437827
-122.88667709626829  1118.4798830595196  439.10596283276175
-120.10409681093343  1124.5986235882297  445.3476854951464
-117.88350440461777  1129.9506767159612  451.91922076597234
-116.11632523268206  1135.0885144439385  458.95740287141325
-114.68268848505275  1140.1926480902698  466.394955092459
-113.68270275369429  1144.9600657372398  474.2401033822191
-112.95879221087253  1149.5707473219547  482.4629709509013
-112.55265163586492  1153.7477865386704  491.1005941328706
-112.3719012897708  1157.7618415165093  500.1041408037329
-112.4375682969069  1161.4366286505804  509.4216330452728
-112.56315827338868  1164.7671749706194  519.0105677893746
-112.9220802133505  1167.7086923747918  528.887300840269
-113.33149996366024  1170.3655192563965  539.05386707644
-114.01472475463466  1172.7362070961124  549.4714886943862
-114.82620268774262  1174.8456084185625  560.0145946807179
-115.86958698659708  1176.6309293270604  570.7208273851485
-117.02484682574814  1178.0247153403657  581.5753473346202
-118.32739390229784  1179.1605028204372  592.6257781464142
-119.69064439462755  1180.0671748284424  603.7289670301609
-121.11387684962666  1180.7254053262334  614.8811893221327
-122.46198736986217  1180.9685709553173  626.0743511523095
-123.8379249177703  1180.9379624088494  637.2869041232047
-125.11195467927305  1180.61513329241  648.5107987217777
-126.47376102639495  1180.2153308514066  659.7367762936982
-127.69592435536589  1179.959192854277  671.1600899516404
-128.8223452935833  1179.0271606702827  682.5269025303288
-129.71956940904843  1178.2937346971535  694.1678089525813
-130.34129965795822  1176.6347857644412  705.5754220562533
-130.86053449904387  1175.0181204484452  717.3749999730626
-130.96574579249994  1172.2222938355749  729.1509029329833
-131.27679577682923  1170.336950676987  741.2180045556511
-131.0501876145787  1167.9215175528252  752.9346798088163
-131.07332327894187  1166.3001513472843  764.8216761658459
-130.46123230090075  1162.9892625138896  776.4552079295449
-130.21413568580084  1160.0126467564453  788.4078839241051
-129.45717062729744  1156.342399934054  799.8638565479954
-128.96310808602297  1152.8570131224374  811.2754130470386
-128.028626571162  1149.3617029592638  822.1232172018163
-127.39265182079376  1146.088197535761  832.6806348313125
-126.49947667983251  1143.4688406634953  842.5915131940335
-125.89620676361253  1140.7329936518763  852.1805418527746
-125.01129938541496  1137.6205722416043  861.214077515872
-124.26362297522047  1133.9733921315  870.1493855744761
-123.46189048941854  1130.2192232780296  878.5606816210586
-122.88404880224849  1125.7320712458131  886.751662469777
-122.35095705717642  1121.396009443603  894.4371061292449
-121.89114358868486  1116.4011336675687  901.7910516638035
-121.50569911409359  1112.2140990958144  908.600773432295
-121.21974238145272  1108.1648170913536  914.8713719145226
-120.960430117957  1104.490886693019  920.5575582012053
-120.75549465742057  1100.9515201239199  925.600357667634
-120.6061393574511  1097.3973784589596  929.8906141099326
-120.44096757854687  1094.5453119328836  933.4454094156988
-120.38813926160353  1091.921393225017  936.2787264136241
-120.4492613716224  1089.5526486167248  938.4040082260117
-120.74950902833056  1087.831112357188  939.7519519791126
-121.11357519969431  1086.1763613238465  940.2112762680473
-121.54248967997471  1085.3401499944573  939.9339715378118
-121.84508306765318  1084.1450417209041  938.7204293030758
-122.0746007309094  1083.7077038297653  936.8098546642574
-122.20766440082026  1082.734155692333  933.9501229690381
-122.27365944738149  1082.8695979021945  930.4428693427789
-122.30590466584238  1082.9641060584722  926.0025559771202
-122.25683653907583  1083.525491668037  920.9484915320339
-122.25507197300368  1084.3800777747097  915.0826868106536
-122.29682900326546  1086.2061555119683  908.6534158289531
-122.2614342660711  1088.2694639894225  901.5451649364426
-122.10403236840732  1090.1728438753262  894.0604143856505
-121.81815645622792  1091.2527688524328  886.1164966867168
-121.53171550837193  1093.0755422504824  877.943697331052
-121.23872595029296  1094.6723871849538  869.2412861461019
-120.62690181867139  1096.4635678940772  860.3858324357456
-119.92183151274642  1098.843081757159  850.9819283731583
-119.12711015578881  1101.843593804888  841.5330176215969
-118.51651186823393  1105.645660673945  831.8347577384568
-117.91985141321669  1108.804793601878  822.1266402893823
-117.28503834608215  1111.9260397164935  812.1821345572923
-116.5523729120085  1114.8601111942955  802.0271348224859
-115.75455683691627  1117.8522648739374  791.7125981286517
-114.8574876720572  1120.6675000075686  781.2394581920337
-113.9296446475351  1123.6739699242717  770.5914457487308
-112.8943525518249  1126.5324144645706  759.8605339311493
-111.81519932754274  1129.6427475580806  749.0332963528813
-110.65343637948453  1132.3797383535534  738.1905165441809
-109.40024132230556  1135.2722562885056  727.266193846122
-108.13108802858662  1137.7632120736225  716.338410802883
-106.72602957621804  1140.1134848422917  705.3856564346521
-105.35437920426718  1142.0901273895067  694.5022717475899
-103.95709343885774  1143.685366118435  683.6627686719285
-102.5310669462794  1144.9697683390455  672.9621501878969
-101.21108264927612  1145.8850385953629  662.3503322306187
-99.8726303518623  1146.4257244105802  651.9593474090857
-98.62203557381784  1146.6221943566163  641.77395878089
-97.23160124501167  1146.410486477505  631.8807821600525
-95.93528797078092  1146.2385765223887  622.2013713460681
-94.78649259884361  1145.8027825453066  612.7551239908396
-93.80876521753954  1145.3041680390495  603.485372960867
-92.97960532574919  1144.5322109926083  594.4054136548397
-92.31378891974062  1143.7940193221073  585.4723455140834
-91.77494162908172  1142.9395809276828  576.7190159333372
-91.25810146136934  1142.1732939783444  568.1127465067459
-90.74757956918505  1141.4885310324742  559.7167243212341
-90.21368636314074  1140.9883214066522  551.4731182412801
-89.71346136781469  1140.5965627084076  543.4206938145851
-89.22061617382394  1140.3259693816954  535.4485498521478
-88.95034111691673  1140.2062179384468  527.5720915919992
-88.90973144886014  1135.1103494334595  519.3700972276557
-88.89555780881952  1140.9106947335827  510.82124384095846
-94.07362417702939  1138.537090274449  502.4227157909183
-102.36942380943121  1136.736639220204  494.5366935379599
-107.67312540450713  1126.1374069500177  487.70559274868634
-104.21439362795593  1126.029811701464  481.4935491432723
-97.59272249409288  1130.3620436099648  475.6880681327243
-94.29446931412707  1131.7771967820124  470.1720399191951
-99.27171383126428  1125.3248090642078  464.8140929352297
-101.3817841464934  1113.2693366697083  460.0733366098885
-100.49511873924169  1092.5893051971698  455.61795459253875
-94.6597637531524  1074.816552102883  451.66895527369707
-96.61471047303485  1059.7595087894977  448.0936349163186
-99.17247661789833  1050.8820871029334  445.01084054095907
-105.2432667162276  1045.9546971390241  442.3484214916752
-108.57638941244434  1044.0009813070637  439.5626196018986
