-64.81982789689431  1103.5528326316742  343.3081999194324
-58.38686007509787  1102.0816598739157  346.78111177492815
-53.20947399963288  1101.7186826629377  350.27259010424365
-50.03655464148872  1102.5086856097707  352.9382551311218
-47.17528690743962  1108.1008079935634  355.60788878979304
-55.21757506506918  1116.7695670339829  358.01515258993993
-64.91837596109103  1128.0489375842715  362.19892792375333
-76.40111832184019  1137.0254866730656  365.7506205673565
-86.00323261211608  1149.0234606118318  369.77990875024557
-103.64138110844452  1164.2764149870895  373.657102952636
-124.02724038357013  1180.87006273628  378.6892359729914
-139.60907167338274  1186.1564862615674  384.8716995208728
-149.47713644991921  1182.7407881274792  395.53767097051275
-153.14321512217907  1180.5850355749058  407.9998647709073
-153.12605926406195  1188.75054588279  421.87282177349005
-148.06268122101415  1201.3993514635026  433.3323741260968
-145.67990429444464  1209.9058746637804  445.70574139523495
-143.9474889189524  1215.596740714057  458.38834662953025
-143.61360672758153  1220.9106622873794  471.63413108690736
-143.09014755325683  1226.8962206264387  484.95266437640737
-142.5048023394062  1231.9162049693948  498.382794701772
-142.5616312292052  1235.8216516576315  511.97247227373146
-142.4752308460503  1239.0105925318628  525.8471386335436
-142.6160935869375  1241.4305177590886  539.9108751340452
-142.54535256935702  1243.357073443052  554.1472931399375
-142.64010225886952  1244.300958795129  568.4696592353787
-142.54868490505245  1244.8767217733457  582.8035048020796
-142.63359481765835  1244.72557928781  597.292658868123
-142.38338691567185  1244.4329676323032  611.8311613974454
-142.2541718825449  1243.557213866455  626.5339096803705
-142.08027171856838  1242.5550651693802  641.1910242479246
-142.01764411196825  1241.223862216162  655.8275823744929
-141.7964655558015  1239.045193521514  670.5096920710446
-141.33076814806935  1236.3249153007268  685.2197962214098
-140.71910517711905  1232.8002012592797  699.9769755744053
-140.05553683894084  1229.584864683383  714.5750338111595
-139.37040747898737  1225.4170858726332  729.2135850065639
-138.71747414986476  1221.148515079692  743.6956103355728
-138.04436772412268  1216.0958590244643  758.0175376186388
-137.48663204612936  1211.7297494899315  771.8830927932925
-136.90904009225562  1206.885314268763  785.4103574456534
-136.39008409266995  1202.2533779669357  798.5004353999652
-135.8451492943803  1197.1120669787233  811.1859666991403
-135.40668524994473  1192.1273209661022  823.3616487445863
-135.03287947192248  1186.994257458807  835.0565501353296
-134.71739290014662  1181.9276509549163  846.2805323030843
-134.482349501133  1176.6924480406853  857.0453291602632
-134.4054545521909  1171.563694299904  867.2648533803005
-134.50972395941722  1166.1123264650519  876.8850142154454
-134.66601879810128  1161.1209334024206  885.8063098993028
-134.72971996387363  1155.9973853953722  894.0325673697995
-134.6522783468395  1151.3143172004293  901.4515467531389
-134.58501320255283  1146.5728220953972  907.8400677022483
-134.54218553384806  1142.471343069834  913.0895601174919
-134.49971260565192  1138.5152951454318  917.3269658552476
-134.43097433159573  1135.120187863308  920.4623290997408
-134.323126127561  1132.0776819218  922.4587586909836
-134.1421177251512  1129.7194281369714  923.0760851832141
-133.93012079047597  1127.7032401421682  922.5340998683348
-133.66872144755447  1126.01346477621  920.8199673371901
-133.4263375527923  1124.6971978550573  918.0423800224328
-133.05042420544189  1123.7675784790258  914.1855988877694
-132.587912715177  1123.138638048679  909.4051914123678
-131.7689158389302  1122.7480305376425  903.8230421910118
-130.96725646998698  1122.546221212077  897.6592849813466
-129.87093709779106  1122.5648126415601  890.9344121868661
-128.9654295409159  1122.799065739873  883.7692662074202
-127.85441020785015  1123.1973060224789  876.1451121223765
-126.78546739443429  1123.693642644204  868.2827897111276
-125.6770813388723  1124.6790991575242  860.1507456511421
-124.58300569748296  1126.0595520257052  851.8823532348665
-123.48706302244446  1127.9865544487232  843.4575083658666
-122.29393845763552  1130.0731530373293  834.9769386356725
-121.17330948885869  1132.2062739141857  826.4245169498345
-119.73428225066174  1134.2497415729333  817.8312078546728
-118.29545986463542  1136.0014774998594  809.151578130114
-116.36544913552947  1137.6501306841287  800.45498124202
-114.7174948996651  1139.0042627135547  791.6410778515392
-112.41935445491879  1140.2345864230826  782.8305952535226
-110.2024917006763  1141.208271424195  773.9191050414836
-107.64863500692815  1142.0784262493526  764.9874921898348
-105.35988739971472  1142.7905917180392  755.9718314473
-103.09409093273788  1143.4440409097779  746.97582522296
-100.91660143687199  1144.033514590556  738.0060061443876
-98.81876430961613  1144.58675186149  729.0666450057457
-96.7549968857336  1145.1236012911518  720.1161500012785
-94.82163612058429  1145.6259431713768  711.168094727709
-93.09811446069298  1146.284188353044  702.2029651377601
-91.55131615168737  1147.0481686584524  693.2224451271102
-90.2254021785393  1147.8727010419395  684.1253249999504
-89.0619963184047  1148.5746484394954  674.9422974992259
-88.09452062248857  1149.5063693330385  665.5906784364694
-87.22463499772661  1150.4988569782463  656.1397514000644
-86.45446040860581  1151.7216605563967  646.5527121828525
-85.78192944072062  1152.8929457936395  636.9300205648203
-85.20428684849328  1154.5805851376022  627.2555575104291
-84.71201641475436  1156.2114997248655  617.6190650118294
-84.24499426378758  1157.6780603988436  608.0278133337494
-83.79477979704521  1158.7331461389183  598.5643085754601
-83.24583559560014  1159.7118507429836  589.212670624536
-82.66142573996008  1160.6870526897765  580.0563268820006
-82.09973372639341  1161.409949297861  571.0952605534469
-81.65905676534831  1161.9593352015165  562.4048974961493
-81.2556462030434  1162.3517700987256  553.972858016449
-80.81528825379317  1162.504817117139  545.8440516965727
-80.4654377735673  1162.3151405506273  537.9849493305773
-80.1025854340182  1161.8096021582337  530.4388896366494
-79.77424491309631  1161.18386876578  523.1392932720497
-79.3489167440648  1160.654897961313  516.1427802440372
-79.10266846794246  1160.1851395691367  509.3527330224857
-78.88880194783613  1158.9901748756365  502.91369318822484
-84.36981201649473  1157.6834529162625  496.6559361704308
-96.1322439018043  1150.7182879485163  490.0384919871536
-109.44019818164281  1138.224142721358  483.4175293265415
-118.91166806446505  1124.2287655663638  477.07807296185456
-123.96657613903038  1114.1092997535172  471.51380295427566
-129.68438916292965  1108.3542519257521  466.351666675032
-135.44312380623404  1101.9565303019383  461.3614704881071
-140.44908941928776  1095.480832721116  456.78530530072635
-144.41499957399336  1089.695167783586  452.5618397974995
-147.5398222626844  1085.1473650607386  448.85839815195516
-150.35439302814115  1081.3270078491414  445.54951005166504
-152.79978976129257  1078.1317303395651  442.70149047374423
-154.8567361306749  1075.1656675942684  440.1537054719488
-156.5786307195983  1072.9692354534125  437.96371799335157
-158.0109096127989  1070.8327524746408  435.99822776783304
-159.2516536565632  1069.1307760576285  434.3149564698179
-160.33233811011598  1067.4663010368145  432.810324772087
-161.13752634121892  1066.197416538033  431.4608915593798
