-95.22382069972947  1053.4255820524181  326.01673944096405
-97.19321537417298  1057.8282031615975  330.65197684616464
-99.14938596521864  1062.134464147267  335.82258713722604
-101.33607716887069  1066.6272701873252  341.4952403307431
-98.64010701039322  1067.1828722462428  347.69297844492166
-93.26838333979812  1065.5277687868565  355.0558402750024
-86.0021010760567  1062.628240722411  363.1157903792573
-82.79019605441717  1062.445417917513  370.46870457089386
-81.02794069837948  1070.9500398887935  376.2321067501023
-79.52190785831809  1079.851134413977  382.80501505252215
-86.97894419868368  1086.808729263069  390.7139446284722
-95.99893723573189  1089.2448791116578  400.642645172656
-107.01407638069128  1089.1724159298449  409.75423952183087
-110.60205392147554  1095.3798742536521  419.548556390698
-115.04948619936258  1099.7424915853921  429.21130009577246
-120.24655849199311  1098.2834687686357  439.7017982261787
-124.97591652865678  1092.6915226627398  452.280592425892
-135.2169783152724  1085.6829675939293  464.0207983325465
-151.59453230709505  1085.8068316518425  476.142180683886
-169.7834683552975  1084.8694121265673  486.6963837205344
-183.59574424978933  1082.5806307723392  498.83108167362974
-192.13655371951387  1080.9549523743647  511.152717104561
-201.09614961837102  1079.7928888265992  523.2132701893947
-203.69890540625835  1079.717491027558  535.2322291715008
-201.69171798115377  1085.7193295354598  548.2638852324526
-194.00176668438579  1095.53196362954  561.6971229214423
-189.15829636371032  1107.9110904554404  575.4358030774189
-185.88713575673486  1116.6267353405744  588.3995388240262
-184.33247527403037  1123.1602580923218  601.224997403355
-182.8689077575019  1128.9926327566673  614.0447309323368
-193.7320589795454  1121.839366534318  625.3803491448224
-206.68024864144036  1112.6324450849152  636.3372649227449
-221.77315642615662  1100.7943499135997  646.9362976534106
-226.18301525983435  1098.0774889852278  658.0622175070838
-230.8527471330598  1107.757340596841  669.5183075200498
-243.30335205500455  1104.059444108113  678.9429108435139
-263.45229118943695  1086.7486114298372  686.8040060558503
-285.52721213293654  1054.1950741604524  693.5097049474886
-302.000870346284  1032.234084160059  700.2989464842483
-305.54289910709025  1028.9014321819127  707.1163126063939
-300.97837497884404  1031.7940938800466  718.469644492187
-283.398073469324  1046.2316476015385  730.925776823271
-266.14160594180987  1058.856304623001  746.3489106691986
-249.008703917919  1071.3467909308195  757.9424613844124
-238.0771662393734  1077.885331777165  769.4926007469329
-227.2994886934088  1085.6156179765712  780.5213367645003
-217.70822290772938  1093.1312888011369  791.2912107985394
-208.55281096253003  1100.5701452010867  802.4877525454478
-200.90316315262007  1105.8068777733474  812.5053452799791
-194.7089104007077  1109.8121948786634  822.2583557669249
-189.4637390458745  1113.2260291726009  831.337825144424
-184.43650440243272  1116.6022111971045  839.8529361919144
-179.6982597455206  1119.3990436841004  847.6483018660863
-175.37425084339446  1121.4522920882268  854.6286080311661
-171.5785193047413  1123.1108257525868  860.6392596250644
-168.25320479274546  1124.5910121118272  865.6520194823319
-165.1948705111043  1126.0726874792308  869.7424937745702
-162.45916877468827  1126.8529413894964  872.8278072224023
-160.19292740333424  1127.7012623526712  874.9785360169419
-158.26285666082669  1128.4707998857266  875.8203895151638
-156.65689367408737  1129.622569152369  875.7127307514262
-155.1871291592551  1130.4418950324366  874.5435571600631
-153.41289930277395  1131.6754872265874  872.5293275832497
-152.32252327503468  1132.5909529562236  869.4391926283556
-151.35789900899724  1134.9377124066677  865.5766997047824
-151.05723305251854  1137.1197192842856  860.7076259784847
-157.97134922482243  1133.346810082025  855.3613878818669
-162.17564735801838  1130.8182592288485  849.2105229720923
-163.3694583649239  1130.8058466666314  842.6868598956978
-157.80127337616005  1137.3614175991825  835.2805308041156
-155.3923042345554  1141.4272803576216  827.3840659415324
-156.64908360106003  1143.1708142417888  819.0212209369131
-156.78117727308972  1146.0619022617593  810.441450068794
-156.57471007497367  1151.310198890873  801.3321909558815
-155.35035231997986  1156.3197216689032  791.8906073384046
-154.59546718795735  1160.2396259276181  782.2811794051908
-153.74734193213263  1162.4159872488679  772.5691185881481
-153.39734953601666  1164.7998516872526  762.5988432945524
-152.97899231888252  1167.9244461466894  752.2382924477722
-152.6771582243711  1170.1998593192916  741.5319301342585
-152.58154489992003  1172.5759645334024  730.7450204837402
-151.93399523891537  1173.9843427380317  719.6833006185589
-151.5346028397632  1175.8165376136303  708.7389983723602
-150.63668434648153  1176.960910449154  697.4119552570862
-149.9117202249314  1177.9166357843255  686.1820006082503
-148.50941703750144  1178.4667457623766  674.7557344174995
-147.0604962109491  1178.7832117509593  663.4352111592193
-145.66617633245335  1178.9516632950556  652.026087476802
-143.9334567690396  1178.9006215052336  640.6188861148571
-142.02146957185937  1178.724772887244  629.2673649720787
-140.44496449022535  1178.3408144001087  618.011810517557
-139.79880917181583  1177.4308792298252  606.7756200300641
-149.86574079192417  1164.0374615396834  594.9321461389198
-155.68090759935802  1149.0889926952618  583.0249534716846
-156.75513895314785  1133.0464110940152  572.2012118912879
-147.86380137580892  1127.7900358698616  562.9255427561891
-143.41959473650687  1129.0047821785809  551.5116842860182
-143.3565960570932  1128.0438795471755  539.0334048180124
-141.52183546523938  1126.195807173112  526.925318402899
-133.94221613597455  1124.9173561078433  518.4534140193009
-120.99776828382785  1122.2062264220717  510.29815803530244
-107.02107389733024  1116.5350574910979  501.07662869519163
-101.11700397993314  1108.4589305301624  491.04275924633833
-101.46980553278813  1106.9975035905359  480.6480097998791
-104.15459763498173  1111.917406830214  470.68322122450155
-104.04307386923264  1113.1717056392604  460.6461596251516
-103.38955571584573  1112.879308916409  451.3595223238828
-103.32434714237893  1111.7832314070727  442.1991215274691
-103.54312536580964  1110.9735982979364  433.3365793126105
-103.44153925899984  1109.8024138863616  424.84572550170196
-102.75173216903335  1107.8574877683802  416.74666353635195
-101.81728333150843  1105.67952803452  409.049614025252
-100.89025040846626  1103.211313924284  401.73883798792315
-99.89184994172719  1100.9958519889353  394.8417775454799
-98.79895176371687  1098.70634870031  388.42300232458854
-97.5431218268065  1096.5343369270536  382.44707442744954
-96.29669440902816  1094.1447696968878  376.9358757888367
-94.91580679371813  1092.0462687796837  371.8511085092847
-93.63168409187462  1090.0814412616087  367.2414923244549
-92.47886336064305  1088.3771121706932  363.0413316718268
-91.53057668525882  1086.7320333544908  359.25797284023156
