-63.0924494065166  1041.3033305392905  346.55161287132205
-62.37366948748995  1043.3915246139172  353.4732247988877
-62.07902952782684  1045.8025199480157  360.80368809230185
-61.85366523993987  1048.7553244466733  368.4483540077682
-62.01272749654048  1051.2254798099566  376.49775366690267
-62.967805644789216  1053.8200304197317  384.9017541796478
-64.5631390495733  1056.8586724047868  392.4000905931885
-66.26280499483371  1077.3653731286454  398.7264863174761
-67.59645080320956  1100.3148127762242  405.02023609562286
-68.92668856111828  1124.632792942418  411.2817026066047
-70.8047730691905  1134.9448867714757  420.36658372406754
-73.29897962224067  1129.4322322841936  429.34299991712
-86.64299488132409  1127.4228327534947  439.7616135826114
-101.4589751171354  1112.5671755112883  449.0388669907534
-117.87737203137613  1105.3946426930152  461.53499585264467
-125.20398309015835  1088.2172146442615  474.97917000839965
-126.86993928027933  1082.2612528070708  489.5131057939411
-122.09064348753417  1082.617775086786  503.63519402854376
-114.48643887581042  1086.020885298125  518.4922165842853
-110.22808600189481  1086.9457841005812  533.9129352834768
-109.31794673258463  1086.5361431285778  548.4577527123308
-107.78557275038793  1088.3988474276427  562.9925380503222
-116.92036721540148  1100.8387920052141  575.8661670823699
-128.0683425720099  1115.1078464950176  588.3977512140982
-141.38124284653483  1129.5920891446292  600.5550680428248
-145.42892495211484  1135.358749775135  613.8172721377433
-149.5494553545561  1141.0590181059547  626.93263706592
-154.45059411757714  1146.9107169407437  639.7874119428695
-158.8476174803491  1151.430813807685  652.3999175504321
-162.5888187188915  1154.7417722217685  664.9663008424737
-165.1537469529361  1156.4772026064109  677.3553674424297
-167.26319220303876  1157.7926067103206  689.5290668555156
-169.08021493409908  1158.044181535866  701.3487205792151
-170.35447003616432  1157.6640746102564  712.9124716587582
-171.4203578556412  1156.020795960578  724.1023659222992
-172.01349649773493  1154.0055751779291  734.9843740572771
-172.33804269083475  1151.1184617493686  745.4748123841332
-172.05894025180928  1147.72876112925  755.7013680752104
-171.57900591652307  1143.9081960784229  765.5621115122099
-170.84806165156792  1139.9214850119436  775.1139414938912
-170.33320150105874  1135.9705748933643  784.3270134403402
-169.70092837647422  1132.2681298577936  793.1505558632232
-168.97936283717917  1128.969270871347  801.6322737981095
-168.48200066035037  1125.770435839109  809.7471370134717
-167.78554344082877  1122.7466289341949  817.4763027011294
-167.4457691332364  1119.940496924476  824.8823478520343
-166.84065907163364  1117.4354451158652  831.799327153496
-166.54429240071602  1114.732561023124  838.3281610647803
-166.1295977172519  1111.916494792096  844.2979344731139
-165.94020190991148  1109.4410527862194  849.7929591555693
-165.81667524882027  1107.3269345177225  854.7217287123742
-165.7339001734245  1105.5302219043783  858.9509138199167
-165.63788489122646  1103.9200049404426  862.5149621532191
-165.58471874257935  1102.6375439301073  865.3624372892741
-165.63150137074524  1101.6400028848586  867.5019376412941
-165.75947192834948  1100.8404928971886  868.7768224520098
-165.97054526329063  1100.563474694622  869.2029466694644
-166.1033027745239  1100.6078545434025  868.8211507756578
-166.3143528224361  1101.2119037437726  867.6862368534626
-166.60812583241818  1102.0308923454804  865.7120492989861
-166.9116745151273  1102.9720560280582  862.9534382561977
-167.1424395259745  1104.329460169417  859.416865231721
-167.17683974630998  1105.7962096037663  855.2292175520032
-167.38001733653323  1107.733267736312  850.4221008990464
-167.3603425101704  1109.9196107353794  844.9699714047443
-167.18371365738943  1112.1790930341167  838.9981241679642
-166.76730995642222  1114.331858909874  832.5543974069349
-166.38737477585315  1116.1707912524312  825.7106639288367
-166.03993665454607  1118.274242708514  818.4142072259409
-165.65629344429766  1120.3523608300393  810.7127580168026
-165.31441856106358  1122.753949591872  802.5794938433099
-165.07222792402285  1124.9705941615914  794.0601025527282
-164.92423204497294  1127.4134210680559  785.0544031959523
-164.82300420361287  1129.6733722950091  775.7318331043418
-164.89148264724622  1131.801358493321  766.0491488391419
-165.1919144226148  1133.7242769512313  756.1080226919343
-166.07813015530868  1135.251609746151  745.7422262980123
-160.72961405921944  1136.568327944221  735.1179792661727
-152.05528187350023  1126.3105725537416  725.3654512749504
-139.30350308223618  1113.724745461083  715.6405285462764
-130.39588426160992  1099.1543375820536  705.8285385096683
-122.74350374148432  1105.3429589109064  694.9528654868851
-116.59745965850627  1124.3890353065008  681.0021953854941
-111.05435896779213  1145.8571812267858  666.7279224004093
-105.89142879207861  1158.8921541859163  651.6864312910916
-101.56994347455891  1163.4885037140202  639.4658941341936
-103.21587173555254  1170.290364480516  627.8430823372593
-103.22520403168606  1179.7759926767171  617.211246943556
-107.77773978927104  1181.8599548479945  606.7929033883137
-112.0433531732059  1175.3142840506455  596.2026822618018
-120.5454164239718  1175.4060796587366  585.2136636331404
-121.07476808171091  1172.8881824018263  575.0451723205089
-120.63100634373072  1184.09685486074  565.7250585684151
-115.3859789921113  1174.6312784306178  557.2123600215225
-110.16100995496633  1167.3517709018831  548.6133921006735
-100.47051970893638  1146.6721319145379  539.6873308305326
-92.86631051018196  1132.921595274638  530.9206267302065
-88.75060562624084  1122.6916007978023  522.2605335314188
-84.4629455365546  1114.2964084149348  513.8864054017943
-80.42286872961  1106.3558026629746  505.64002357432815
-81.33397657644048  1102.034383070611  497.4820650085351
-85.72411984112848  1101.6113279963702  488.7458442807853
-92.6447652731218  1103.6801968522116  480.10973397460765
-96.48330798679442  1103.3682724918253  471.5901965300063
-99.17198029698065  1102.4068284701866  463.8806954210328
-101.67566485227698  1106.118373805463  456.2330169018709
-103.82018931644404  1107.807396577007  448.7940483885378
-105.47901596570225  1113.1321222120866  441.51242390200696
-106.1861341772748  1110.882430725821  434.5597351429318
-106.41283870108482  1114.2812934269457  427.62185246954755
-106.27866475159786  1110.923368194978  420.92590960061193
-105.85061161401296  1106.3001012749173  414.1253336879545
