-81.46025367481728  1055.9880279018953  344.6037036550505
-80.8873988952011  1057.8838381505084  352.9572389918784
-80.67780545314211  1060.0922517708757  361.7049490126862
-81.48910118030314  1062.8495608733474  370.9740453260612
-81.51791134972216  1066.5896028751215  379.32807472205474
-83.58588349102324  1087.8797646339685  386.47403896346634
-86.28066403054898  1112.6184564129776  393.1963558770183
-90.92856451621745  1123.0603534457864  400.8994079876608
-103.37435057097687  1122.9637087176502  409.80269035953273
-116.4138079948111  1107.4977653544381  418.87412098871664
-130.2482188254472  1103.1103925549778  431.7774642720494
-138.1047894922502  1087.8562193576038  445.5103924356222
-145.85211079996284  1081.0074336944322  460.5632470054477
-153.23238658543104  1074.9642188348878  473.5423768826711
-152.7955902122378  1079.1227454745424  488.63307519806335
-148.16675255191615  1084.7325121145554  504.3579944742317
-138.72249926772474  1091.3701505595027  520.5340982495045
-133.08335311465908  1091.88644602224  535.6543364762398
-134.60713221649613  1098.338168969466  550.9186976600888
-144.23508292037923  1102.2598623769136  564.569825257266
-155.26749338389692  1110.5091924350222  576.6708065146663
-161.93726542539451  1116.208089572737  589.6833455197207
-164.30099619510324  1126.2741015607194  603.9401264284977
-167.62012095515877  1134.2270402452168  619.3963501725298
-171.32766735999158  1140.4099350257793  633.3189067365851
-174.02519416494312  1145.8795892299345  647.3764294214999
-175.17692676257388  1149.7359588292984  661.6776197848541
-175.18778067972133  1153.2262193613685  676.1486040679957
-175.37312374029858  1155.3676828364498  690.295088772933
-175.17594783844106  1156.3840731603536  704.2358185979833
-174.84495039824728  1156.4266341771756  718.0420825806583
-173.74289867741027  1155.9841810455805  731.7142892255531
-172.6464589167648  1155.501388822616  745.0204229056404
-171.14781119639525  1154.250820005272  758.020612760346
-169.54948712840735  1152.3427021513749  770.6056782587726
-167.6415107896531  1149.6727282752522  782.7872607163713
-165.72561958857884  1147.005602537512  794.3805079833354
-163.67898845247493  1144.1223639740033  805.4323478280581
-161.75342464443867  1141.3286896179268  815.8892259433603
-159.7461738254441  1137.9968833195085  825.8194150912371
-157.8946846625737  1134.8625509655253  835.0599821952953
-156.04278139668878  1131.1734450518095  843.6366723801608
-154.46528912270253  1127.9098703660966  851.4638679297641
-153.082257956481  1124.4799436651083  858.5962454424771
-151.90623837048628  1121.5137916710062  864.9878228798669
-150.91765956361655  1118.6043052149432  870.4610238534455
-150.1204814262469  1115.9925219961206  875.1133165607143
-149.47695392994166  1113.6861499891595  878.8066470832836
-148.98060515584655  1111.862644754542  881.5881694774735
-148.55858480576723  1110.4079198907214  883.2653974818479
-148.22306186017735  1109.315111293186  883.8730193070958
-148.13758714724747  1108.4722959904661  883.4677812388019
-148.24256473737253  1107.9551864897594  881.9738018235629
-148.54259483830137  1107.7434110523343  879.5077961660977
-148.81253854860825  1108.0187180895584  875.9915245021757
-149.17321089146336  1108.399689114413  871.6244278797168
-149.69596702037413  1109.1452388420662  866.2973164512945
-150.23048825451497  1109.7275198235163  860.133608352856
-150.75443869415776  1110.399940240236  853.1723841690175
-151.1370548011398  1110.9043388887237  845.5065326693825
-151.49952058270628  1111.5172608636194  837.2075336902833
-151.9488492941116  1112.1763835822703  828.2940469166042
-152.3813383283288  1113.0333641747957  818.845663224768
-152.79341208755554  1114.0699909687055  808.9303575837569
-153.11982626173028  1115.4262335597643  798.5841667605993
-153.49607456930406  1116.6698516436445  787.9339085220014
-153.85969506762876  1118.0702117411474  776.9825803759662
-154.14139203931842  1119.520987761007  765.8072595583865
-154.30165250319212  1121.2174919592835  754.3749216000889
-154.3990588051467  1122.706450833106  742.7473421021302
-154.47088974807377  1124.0199679922735  730.9438890198217
-154.53909664542  1125.1785050358521  719.0582615820491
-154.54002809264384  1126.2330766976902  707.1347717328094
-154.38287447430955  1127.2757121897757  695.2579107546125
-153.90150347069925  1128.2008400310874  683.3834468989278
-153.0744240538933  1129.137408680835  671.5710974985275
-158.2703933421207  1123.3483821419052  659.8337110583658
-166.13505605420835  1115.4307947801617  646.7176297429054
-175.62926173690389  1105.1315721654705  633.7380994941673
-180.6259026447282  1099.3312160374323  620.7343980866117
-187.1932769164818  1090.5891668507256  608.4963294850721
-189.69539883680537  1079.128531421962  595.7856709833902
-186.87123077364095  1056.583793331969  583.3704534740183
-179.61709761357002  1051.983532213445  571.6421189404074
-174.30018147315332  1051.3640813881916  559.5624713711875
-171.72483007670647  1062.9554754320368  547.2327055317594
-168.34242422173452  1060.2556408797004  534.5587775375953
-165.07953426985065  1060.9083094994178  523.2198783568709
-156.98895595687688  1066.7180570203489  511.3116439672276
-143.49952324979023  1068.2020643274618  501.2720783455801
-127.72664897186985  1073.1806005479957  490.8427823423792
-115.43749570876527  1067.442641742178  482.2651060062067
-107.0383617071441  1063.9658560835815  473.70009081478304
-98.63450688680578  1052.438231173399  465.815239247022
-95.1654606280469  1049.1583790259285  457.71669959449633
-95.58671223782899  1049.890860304936  448.85083975061093
-99.39226927107389  1051.8595584704033  440.3306344266399
-100.83237302886246  1051.375477846856  431.983225479194
-101.30617235032726  1049.9307976232226  424.1439923122455
-101.82545011139244  1049.0224588324293  416.43253644539834
-102.41235498431064  1048.1202411347308  408.8723535517611
-102.54515342137084  1046.6215289884553  401.57550527690483
-102.22452048703298  1044.9278418032118  394.452926633188
-101.41226079430427  1042.8529521727562  387.57945177743727
-100.6354035998014  1041.1062567414479  380.9293467105863
-99.56757928585252  1039.1187384800753  374.60641049373464
-98.45419669854525  1037.3492237732432  368.58135511148134
-97.22637285819205  1035.306856621342  362.8896113408034
-95.92097277958693  1033.2682442236082  357.5488469292553
-94.65377202774727  1031.2925341049647  352.57983382323266
-93.4704915812405  1029.318273525404  348.00835721231346
