-83.83445952760346  1075.8870030796456  358.0289730352858
-79.88104920121326  1092.7370476317567  361.1375851026614
-77.70533022275443  1112.503447119263  364.0266764455145
-75.38527135342747  1123.1713496949853  368.28887567850694
-78.25852613379146  1123.8952041015136  373.0678096142177
-87.71289192984875  1124.8078339533956  379.42225248452337
-98.97683523012942  1126.2699337501142  385.8898749156781
-107.66600748374395  1127.022407014909  393.5544611423051
-113.23635089136764  1107.3814677518646  403.02672172940396
-119.86223208361015  1086.8042080152247  413.3505899857661
-126.39906595233751  1064.3626108513135  424.38456253220954
-133.70046395514856  1062.5378521994908  433.9828387881704
-133.67754935827597  1065.1827288119127  443.0478967722319
-135.33830799884248  1069.2298238146634  454.82453872597273
-135.75593934040182  1081.1568952115756  465.9222783505438
-143.15948593500082  1092.3572322361194  478.4449393961411
-147.8585937765837  1108.4508065342202  488.3474615041325
-151.1107926761381  1117.0000620760616  499.60297684362774
-153.65075809087085  1125.58671873408  511.1380243525523
-156.24491997737442  1134.2337430990071  522.7981975558747
-159.20402068199596  1141.951047834936  534.733337456541
-161.55548627537038  1149.463648534788  546.682674714091
-163.4685447127187  1155.662626284859  559.1137263653359
-165.1435980922913  1161.1810268109587  571.7137200555493
-166.6100246549688  1165.6191346955686  584.636844518424
-167.97953727091814  1169.4035111451387  597.8000003887427
-169.0648941101584  1172.652592808914  611.2184582552679
-170.0549693473194  1175.1600758431798  624.722793697915
-171.00723705555075  1176.99746328797  638.3052396144874
-171.92182736541133  1178.2281915975966  651.8784545593546
-172.30973354894317  1178.4788230853499  665.4921183144709
-172.7282197560596  1177.9171245778764  679.108958055187
-173.0792556729789  1176.3051560489967  692.4498955301768
-173.82890969427717  1173.8634723247237  705.5723957592096
-174.26160044159843  1170.4643397043178  718.3230402772999
-174.225549784862  1167.204941342658  730.8506134920431
-174.062028168722  1163.2340883123215  742.9100503892396
-181.0361385953048  1158.4636087791273  753.6141181809961
-196.38282146059555  1139.9463734953936  763.0094710123485
-213.79135230638536  1119.3149331979773  771.563080418991
-226.27422316448371  1096.4246933721847  780.3360041867022
-232.70170733693647  1084.0631864321256  788.9677905235347
-240.19655785796323  1071.9027690783512  797.4638955403216
-246.8145183907955  1060.083312253254  804.9956052102373
-252.73789206957048  1049.1158591667365  812.5283969849733
-256.80602203996864  1039.0662296628313  819.0061740557212
-260.0852912744043  1030.3167201991623  825.1391327893485
-262.90494770408776  1029.621502795042  830.2060130725752
-265.0014226848533  1027.5765219471284  834.5731527641069
-266.89682197161056  1032.9704860651125  839.0040524583408
-253.57388445936556  1038.7190141774095  843.1285750175115
-238.4867291367902  1050.0603024917318  846.8704454502353
-221.2214591820884  1058.5308821220533  849.3875907828461
-216.3781795230885  1062.9659196004293  850.83819737163
-210.54822725286792  1068.411750994592  851.4513326350705
-203.99082822552506  1074.104810485777  850.9099926571616
-198.34456979004503  1079.830889461823  849.5569573621178
-193.52442674670186  1085.0241509580842  847.2107088511033
-190.41377425477856  1089.936878312588  844.1285111096354
-187.3611415649898  1094.3994881516082  840.0302753268862
-184.74117358838004  1098.7402234212352  835.2282306633631
-182.1255895712369  1102.5010487881673  829.5773229141382
-179.7500328251359  1106.2443074539603  823.3321436081409
-177.69634272556516  1109.847678265945  816.3634979527703
-175.7910662844135  1113.5573670101144  808.7315463081624
-174.11537937434144  1117.7778181174276  800.4565176808219
-172.76537009758664  1121.440564954452  791.6466160580043
-171.49087828838034  1124.7316557252375  782.3372652009875
-170.16488397128586  1127.5528942591473  772.6580179000933
-175.39320412700096  1123.9921465707973  762.5109203935087
-184.29421135732437  1117.9071651721329  750.8274796541771
-197.29829285519725  1108.637620553971  738.9393249008465
-199.07980319989858  1101.1684431914107  727.4721697562017
-197.44811131383835  1086.2377973434325  717.7566328256034
-191.98300473165745  1068.973231853968  707.3186096912922
-190.7657360572395  1057.1032410143644  697.0089896035151
-183.55788064472893  1056.4822239946434  687.0358658471823
-169.09773086842034  1069.2002122372273  675.0715459654743
-152.66677845198558  1090.7289363679545  662.4862554916334
-139.810641719254  1111.4980352460198  648.9319083248872
-137.66123809270354  1137.1944139200261  637.9776456540865
-141.90514922213654  1148.606720376984  627.077121410408
-147.9525064193125  1158.4478123466515  616.2465033558112
-150.72938861317402  1155.1553279462669  605.4191355296033
-149.9741348833226  1155.139168299806  594.4804392843496
-139.72331315383116  1151.8068163221544  584.8497681542824
-128.45786416147212  1153.2182710677328  575.4018459668068
-114.72834615388905  1148.6506798884516  566.2835490363567
-109.39966068321111  1152.507549510864  556.2152047464249
-103.25222034821574  1144.5990641712822  546.3572071485277
-97.19600242195239  1139.3992388876388  536.6257906315498
-91.74812146328004  1127.1463250745353  526.9120184412083
-86.78372046975603  1118.0809741417918  517.2055087505084
-87.84896280611441  1115.2244302066624  507.54087871477736
-87.16275140741483  1110.2119761227389  497.13481296082136
-91.11020080543972  1109.9641222729208  487.5964761873582
-88.15115773618813  1103.5773942117062  477.27931188183425
-91.4441000867079  1103.076289174165  468.6039985619124
-93.45408832203  1101.543976713368  458.48190978833793
-99.31468565312102  1103.4107774192844  449.198001172533
-103.03375887963507  1103.6882919026416  439.32061219899697
-105.05360498680989  1103.1170425399503  430.1915042004518
-106.95957880622353  1102.1367039227775  421.26417824027897
-108.15151385270596  1100.4354024372528  412.29691320007487
-109.10647027231194  1098.1584986527384  403.5297511265419
-109.46953584971081  1095.66947543192  394.84615737079315
-109.52652797097025  1092.9588998730796  386.3782755172675
-109.54952709399032  1090.041341539721  378.07284693186955
-109.42685187996116  1087.104025866839  369.94889301831836
-109.29630850836806  1084.1509164205372  362.1047154955989
-109.20026485037509  1081.492728141512  354.54022354173094
