-106.25281549447004  1104.3978722501972  366.47400454844853
-107.25864811666183  1106.0376394532439  370.0318713684084
-103.59797516917163  1103.7980007198753  373.9622654404478
-97.1275569373266  1099.432734919711  379.141290186815
-87.46873448164727  1101.9053461500864  383.7375935614958
-81.26511033740968  1111.9074222960141  388.38500001320193
-76.55749663027711  1128.2718187392413  392.1095994462961
-76.02169656947905  1131.165758743741  396.23990920603217
-83.68021974451746  1131.8948866685992  402.8006490517302
-93.43520309541633  1128.2140979809603  409.0179939098445
-103.48748267213745  1132.1090043816944  417.2666939533881
-107.68344421397843  1123.0404836658422  424.24813069591136
-113.59218078694107  1107.9098452308858  434.64337210211323
-119.79106693912385  1085.626843369904  445.4668674641234
-125.16910752594963  1072.2942951841296  456.8938947656726
-128.3468768297663  1062.505425541557  467.7884823726511
-130.8569660994699  1064.43436043654  479.94861842505895
-133.56107321015634  1071.870130407877  491.7796168912024
-136.46095179430824  1086.258854555001  503.6884349898386
-138.6404527918313  1097.410355828138  514.496318430553
-140.49145052037903  1107.0220208461392  526.437446388663
-142.05631770045562  1114.4584102592119  538.3010293906644
-143.6170375099538  1120.9644158620458  550.2489932613652
-145.094313164616  1127.060514043817  562.2376778076356
-146.41265771090445  1131.9257727299191  574.1737581598602
-147.4966998882886  1135.6480442176417  586.2539381260235
-148.4963702780273  1138.2401296390792  598.2838120931937
-149.34382770959877  1139.953328311563  610.3165224310097
-150.1301637892419  1141.0866961177526  622.3387010772154
-150.72001339857013  1141.6131676269943  634.2927164859128
-151.21992075015334  1141.4817294891286  646.1625362766695
-151.62440386569892  1140.6129713980645  657.9074485455002
-151.60857681415786  1139.2751428679378  669.6244281020386
-151.45516232722778  1137.4315196874848  681.3262413109171
-151.124765269476  1135.3206226337015  692.9708838401298
-150.94332800333925  1133.2379120095397  704.4394297594068
-150.4672039099875  1130.3051160745908  715.798453944749
-149.93137829052355  1126.9884941591567  727.0206421196551
-149.36304347506925  1122.9880693205594  738.0693938718572
-148.98687299354947  1119.4938577746937  748.8473879419747
-148.61895395905864  1115.7579236673175  759.3734509547054
-148.20533095352357  1111.8565837495396  769.7114661041178
-147.74526995896557  1107.7455425839082  779.7644926240389
-147.09511016752083  1103.4968468870022  789.4563489370869
-146.48536662907728  1099.1170692078076  798.6913683202404
-145.89707083351823  1094.4232066369468  807.5401783675236
-145.50163669282568  1090.4422748831505  815.999706794126
-145.25310803523845  1086.619565024852  824.0797243803769
-145.17565279477256  1083.37693682997  831.7451658499192
-145.23075249817902  1080.156824447841  838.9356554640233
-145.23105354431675  1077.3558917278451  845.6268538569961
-145.16702513316653  1074.7849302392074  851.7877882931805
-145.21135493820915  1072.5760987837143  857.4121109805621
-145.2873795510805  1070.8746771285723  862.4453843055852
-145.508391176869  1069.6101999158975  866.9003491125434
-145.61609140233026  1068.5954527244046  870.6744420686085
-145.75369582208194  1067.7974748489746  873.87564059506
-145.87486200194635  1067.1482830501955  876.364997132795
-146.0782256192885  1066.8473370835054  878.1090266518241
-146.31174887781452  1066.7386943278723  879.0173194451039
-146.58757171543272  1066.8481194418691  879.0903157366739
-146.9515642545705  1066.992016156552  878.4311499451821
-147.3567509336316  1067.5898060699992  876.9694761139474
-147.71124955009225  1068.6565875099748  874.7231234865915
-148.07507254144272  1070.0164151257836  871.6230980909373
-148.39733487439622  1071.3874996005225  867.7654954216664
-148.7008027692667  1073.023454245354  863.1730178822904
-148.8690638336037  1074.6584274439545  857.8865013744289
-149.0721879461002  1076.2355598656986  851.9222170319894
-149.2876202456012  1077.930343285164  845.2412287251641
-149.476183708621  1080.1425983050865  837.8802450544424
-149.6084848128991  1082.4482133931572  829.8515012585394
-149.68533506835314  1084.4753571616325  821.2413116805706
-149.6734289726968  1086.4138566263423  812.0842254688382
-149.6121634760214  1088.634772096423  802.3864390234444
-149.56457981732393  1091.0610100728302  792.2299778107292
-149.4291741746618  1093.3322680437982  781.6932944052653
-149.14715221988214  1095.5299811251282  770.9433185486059
-148.56061092632328  1097.543910370565  760.0314319071102
-147.88974632677656  1099.586762713593  749.0827202118944
-147.123291683121  1101.6257702907394  738.1269303604506
-146.37203941634561  1103.600545317978  727.2405244291657
-145.56075257155607  1105.4071393522504  716.3681281821533
-144.6837913655153  1107.0348041306409  705.4838043863467
-143.7224726704143  1108.4498296006502  694.5776384462513
-142.66017096336904  1109.6734285865325  683.775740725546
-141.52703337340006  1110.8935621235066  673.0620420211828
-140.29903886803186  1112.2307742241976  662.541269220185
-139.1445609050913  1113.535947958191  652.0496993499389
-137.8292033475383  1114.6160359366347  641.6421362203879
-136.56641655717883  1115.1949142286328  631.1939859421551
-140.60806444390505  1115.4186343088954  620.8852665942312
-150.87038832771816  1105.293809082069  609.5475071658623
-156.81943951017897  1099.9355663143028  598.7032806590719
-162.19920058581494  1089.895972921317  588.3080533227136
-158.5795969593495  1084.567421294402  577.6353929605042
-159.11388974399583  1064.4413511776233  567.4360000877979
-154.0075019690072  1044.6696138487143  556.4421292744937
-151.5872175804183  1037.0821671945448  547.0517320380726
-144.06213985482322  1046.6175538045752  535.6601134604477
-138.75732832594926  1057.7652586649824  524.2748584776646
-128.6177042155242  1070.0835283988054  513.1664666673096
-120.59878450884027  1076.892108332703  503.41346248974855
-107.7787448888194  1091.5751829713263  494.2801916416554
-97.62820845861954  1101.7753563574865  483.8814240921032
-88.63102042471908  1103.1819184461317  474.61246917106007
-80.9751571870653  1096.6983274910413  466.0544986327345
-74.05321230850794  1082.572980026008  459.3323776284127
-72.3651386584664  1078.4757506868898  452.04293577074566
-74.44441494217229  1077.7172871884445  444.19593816188205
-79.33846184636637  1080.3768654485643  436.4078024206044
-82.47954889907228  1079.8131193394936  429.00008157679736
-84.77610817557317  1078.5732232580501  422.4572669448052
-87.22079156520631  1078.1655742558053  416.1205281093544
-88.9948652410488  1077.958386561295  410.18695215168043
-90.77430943465836  1077.393205732901  404.6831039004053
-92.06693683631985  1076.3712493934431  399.7376040853803
-93.25724524253832  1075.4111342751867  395.29895689895324
-94.25379170794021  1074.7691250273288  391.3526431432217
-95.05470527265695  1074.2684682487693  387.87789502245505
-95.67892467504547  1073.6865132097034  384.836625381302
-96.16537009181259  1073.059997394304  382.19905306641397
-96.55767187374919  1072.5249650194116  379.9296716890433
-96.81716345265055  1072.0750089249395  377.9727672878045
