-106.14592801320822  1088.5723438312302  370.85725117707125
-107.98987311099268  1090.627785947017  372.82724034039245
-105.04709655966843  1088.5315476503458  375.2842779371624
-98.99971345777978  1084.0440992833344  378.92367599327935
-90.85467174826326  1077.9534537704226  383.28416192880934
-85.32323448623904  1082.9879901462314  387.35086342208933
-81.25591617036788  1098.4940955293566  390.53672120271665
-77.06046336528979  1116.6165352740238  393.1904063105071
-74.38612518474247  1129.567233000421  397.7688848571752
-72.97756877561281  1122.2226901525569  402.7567672151622
-81.0324302165315  1117.4293624190736  409.20204287595635
-92.86482971406805  1107.2776563125542  415.6940028076897
-116.91999340703057  1106.3976467776413  424.0795005083113
-136.4305909122482  1100.096754649187  432.6383997830368
-144.9386968781864  1095.1816849959077  441.84832664876956
-143.6070861410081  1094.4382234216391  453.4943215779705
-140.52747788156768  1102.987124394616  465.2469314157222
-146.3914022775051  1114.304269154874  477.56355999172627
-149.88043569881444  1125.343628327028  488.0929674271531
-151.5527512033852  1130.666290036758  499.90006338266767
-152.23702544716005  1137.3132569168642  512.018455474405
-153.09587979792906  1144.5776998537676  524.3356847114593
-154.51717788122423  1150.9508955361614  536.9021413734264
-155.5655025035641  1156.1706375838223  549.5361765461389
-156.5367152291578  1160.7272287409216  562.3059151860122
-157.3144435448794  1164.693637953942  575.1966341614302
-158.17410783834433  1168.1244465210768  588.2037314973084
-159.05850571839622  1170.9512336044904  601.2734623455394
-159.99131638554272  1173.3161664880317  614.2675774670536
-160.82960233954003  1175.0748329135577  627.1941900821678
-161.59509322833782  1176.420217185137  640.0732619441874
-162.28225693877013  1177.3556220890368  652.867365417032
-162.89057057632337  1178.1736027850316  665.4724196569974
-163.37611743356425  1178.4655214325992  677.8769768209298
-163.88432381456695  1178.3208445506705  690.0822892401643
-164.1127658739453  1177.9304685053094  702.0788391349138
-164.40999651714625  1176.9750299203308  713.9266987837547
-164.43057912069327  1175.7967683992426  725.5007029545949
-164.46686081373952  1174.3911791010191  736.8787383667948
-164.0851446737614  1172.6694425595715  748.0295835600278
-163.79563774991072  1170.1650060606844  759.0280453500106
-163.5980851719064  1167.2612957551062  769.7351086268977
-163.38548422250142  1164.375500234453  780.1204223572907
-162.9034417352274  1161.5406129638543  790.1871372826276
-161.87821591291342  1157.9203659467087  799.9823371471069
-160.91125309905743  1153.7714238701008  809.4193313454917
-159.70101251770075  1149.760352346278  818.4534420949269
-158.49112218592504  1145.4179319201744  827.1117337784306
-156.990930681353  1141.5226721308895  835.321735206073
-155.6527205496187  1136.9443845267688  843.0970724465037
-154.50007862920688  1132.8122505992765  850.3806393589282
-153.35956932047554  1128.6178051904235  857.2830278606078
-152.1055264208224  1124.8054830459414  863.742201081318
-150.80170820018458  1121.4859069366626  869.7683219941789
-149.5365528900385  1118.511208787384  875.2101703426922
-148.477231932591  1116.093505694961  880.1027075797157
-147.51788047051403  1113.7788565819217  884.270422357314
-146.6694781142688  1111.7979356308588  887.8326716694023
-145.86660520094964  1110.0841018914734  890.6358054929128
-145.21545670104524  1108.936418417075  892.7531971802546
-144.74245905242108  1108.1725407457861  894.0032005349499
-144.35504556739983  1107.7382365646395  894.4958496543543
-144.13703620451057  1107.721611656229  894.1922280664844
-143.69562034079078  1108.0651636594005  893.1692351161196
-144.11094285827093  1108.8929120053913  891.3375263190204
-144.82071581542414  1109.8075512039309  888.664417461366
-145.91259462954955  1111.0641225111988  885.2464445771682
-153.41428662169324  1106.5476345670188  881.1402189425198
-158.4850221035286  1104.8303871496175  876.3345990520243
-161.1635631051208  1105.9931038358945  870.8070070440123
-156.58876290160205  1112.9742846272075  864.6349171346363
-154.22722867018678  1117.4049959613671  857.965085843795
-154.59443105026642  1118.6371073301382  850.6076285021235
-154.12715254133806  1120.561975175528  842.5738796970738
-160.65196056481426  1115.701049491267  833.748164777705
-170.17194048165095  1108.3106844169383  822.9734594944167
-184.4218654916571  1097.347392015655  811.8026147893893
-193.93867462559083  1091.1595926474406  800.0201934075885
-202.71392171313138  1085.5660544058537  789.0166515207716
-203.3394247346056  1080.2294536846443  777.2255604987338
-199.65523744332947  1064.3674958963165  766.4966724638624
-190.70734081353928  1048.4591065812388  755.7793365850432
-185.97430585377455  1029.637160714437  745.7419518094999
-182.08802631979754  1019.6070231290612  734.0421841097389
-179.24704189563082  1007.9149719694622  722.6147006833598
-175.82122529075897  997.0453663175645  710.9354432064379
-166.51317589668764  992.4823814014704  700.4949520492601
-159.8761300945812  995.0201487539994  690.6219539822871
-148.67513253093202  1013.5079796339447  678.3642917538854
-145.73500151044883  1031.3033828845553  665.6795302094038
-143.32713164980106  1046.1052654364416  651.9296214001592
-144.73614303843135  1064.7666846700513  640.7771811743744
-144.1162711030243  1083.1189991254992  629.6766223150137
-141.6977362290797  1102.6582554844367  619.1141183566045
-141.1947154413482  1105.0298968719983  607.6657591819445
-135.82138299521057  1105.4174514485533  597.1644753035121
-124.08471103838676  1112.3170278250673  587.9660445414311
-110.47310853838118  1114.510854781944  580.2953774623134
-100.3544047178008  1109.015144239  572.5092093557257
-94.84530387264094  1094.4200626458205  564.2322582306158
-88.52163055155253  1085.6400775862983  555.9686581116998
-81.76008968359528  1083.6500869785164  547.6355309627232
-75.50624979549634  1080.2708107476976  539.2731292653848
-70.16041432763573  1076.3282150559166  530.8967732407687
-71.16412640386511  1072.7130771580312  522.466856226399
-75.32168240776812  1074.4289530970575  513.3767934758719
-81.84428648354509  1079.0536174109025  504.2260478963934
-85.4823961304138  1085.0082783243256  495.0023750131022
-88.33396507071599  1088.9520145839042  486.3830432315669
-91.10597111281976  1091.8657209311527  477.7684769804166
-93.6043615295641  1094.673352418418  469.30585457466884
-95.58668633385109  1096.603919833588  461.08037471201845
-96.88772252217058  1097.9415682614235  453.16266556397164
-97.71452457114017  1098.2131570035608  445.5820268828303
-98.2563682586932  1098.2220660560179  438.3375623392382
-98.62947665192739  1098.258598946626  431.5358230090909
-98.88197604222282  1098.532026075152  425.2195815633936
-98.95310450576928  1098.5876734803476  419.41315741981555
-98.81600675371911  1098.286769632713  414.094168901796
-98.35799777654147  1097.8615063988573  409.2623491541667
-97.87649446627249  1097.329173816712  404.8857850060328
-97.21742531806564  1096.8900533004728  400.9943677556506
-96.726382602546  1096.4228994536377  397.5256035296827
-96.0240523646431  1095.952387950299  394.5226842934161
-95.43106994100859  1095.5171896149973  391.88072371736865
-94.73034546156698  1095.1222798920146  389.5943705377689
