-83.23862451403328  1065.3864495343848  369.2224628508297
-77.09970515241687  1062.2191942338268  373.00885483838533
-68.72796213386061  1057.2115735980715  377.38038318401357
-63.2276100749001  1063.2509592092617  381.38729249783023
-59.13000309169721  1079.720986344168  385.04180762825234
-55.49665981617601  1098.4169615759015  388.49650012491384
-53.341537432068854  1109.394074995154  392.5815922841744
-51.931909318587856  1117.1602141528197  397.17664696489805
-50.561353216678754  1125.3767437534132  402.2722674375086
-54.96845067190108  1134.405496196432  409.4537893049684
-63.06327296317658  1133.756354615465  416.48397451455793
-74.41921252842664  1132.1792929641604  425.9056338132635
-82.15587572797136  1118.5026945227864  433.5545140043996
-88.38022593539431  1103.4572330377823  443.9811473843372
-94.26425160335876  1093.3758496827033  453.8974198776908
-99.39410390729097  1100.7980108059871  465.7490736992811
-103.96189277530526  1114.8080593610525  476.7923110973715
-108.14413968116507  1122.6189671762888  487.833158257885
-111.7797386128143  1125.653758757977  499.1638262895707
-114.9893976974918  1130.2520557230011  510.7420861527248
-117.50230220925843  1136.6074064780382  522.5615944371041
-119.95595199700435  1142.3071284370446  534.500097029332
-122.41319814971675  1146.1004408215438  546.609695270827
-124.97579920828571  1149.4454762772007  558.8610123974448
-127.22902240771964  1152.5961878421035  571.224698160929
-129.07909799649812  1155.4660990444913  583.7978121619547
-130.69447621990307  1158.027546084048  596.651576877561
-132.1335617477654  1160.2438860242983  609.8306493585895
-133.4153003225215  1162.2729524168303  623.3169186195599
-134.47002296180096  1163.931378965534  637.0071068973243
-135.20619928106115  1165.0432769965876  650.8598454893737
-135.5309588166315  1165.9219813109123  664.7354621553011
-135.58246414122254  1166.2868000892702  678.6473478150185
-135.27625819040472  1166.3964468473916  692.4923601220722
-134.5636891738901  1165.827581151212  706.3465403098862
-133.44066370040125  1164.9308432994217  720.0653694864565
-131.89670175281876  1163.245081587276  733.6238599860917
-130.24959586984218  1161.4858341218214  746.7969847149408
-128.34592733591964  1158.4401858758904  759.6728393274309
-126.08138472910902  1155.2420170044527  772.1867242281007
-123.57445167351136  1151.2218602361077  784.3664722178775
-120.82753017015011  1147.6587461031936  796.0410975593051
-118.18760872231655  1143.4852504176833  807.2484772559568
-115.46262107887583  1139.020456204666  817.9708763235838
-112.74001342174535  1133.721627495763  828.255043448103
-109.78150063332491  1128.5180745571768  838.0063708506032
-106.6848983783016  1122.7788232223102  847.2771706796941
-103.36896165432051  1117.0014344872  856.0747548197428
-100.07928927082101  1110.7422907458895  864.4573020152159
-96.90541666981419  1104.9620885635425  872.32870522667
-93.85977745082278  1099.138669822015  879.6172629489906
-91.08849155301002  1093.9172966051196  886.2392119612891
-88.48020982484857  1088.0510414029707  892.1765296214885
-86.22932972116458  1082.822370392442  897.2210327217067
-84.17379127745751  1077.7501340982612  901.446511560018
-82.41010122841294  1073.6567819151012  904.6977498516865
-80.84461870061169  1070.136213989237  907.0265919645236
-79.65881478156192  1066.9223967560015  908.2208519649278
-78.76400440115108  1064.4421806595053  908.3175297578578
-78.16908473614939  1062.443017505388  907.3372293873767
-77.85873548098587  1061.3338314625291  905.3412566157966
-77.78673057505749  1060.9952639840826  902.3710324613103
-77.9528049343632  1061.4520443584383  898.5253500234087
-78.54245632846337  1062.627774558743  893.7762497807188
-79.34065438187741  1064.3865657336476  888.2141397835765
-80.17940408759343  1066.08822388718  881.8361785831014
-80.93456303841937  1068.0895403152615  874.7951438290144
-81.64525147133959  1070.1054918566588  867.1057327499775
-83.05161728846164  1072.6914344189363  858.8402805907986
-84.41332940846142  1075.5948072764606  850.0602344420586
-85.82386703678443  1078.6070485943123  840.8494837743689
-87.0583600304333  1081.7409276827038  831.2675594232774
-88.41580340443504  1084.801739853634  821.3559363725601
-90.11053252107197  1088.0428168532558  811.1595993253829
-91.46182517514828  1091.423423782546  800.769926667206
-92.77895595848413  1094.6822064708065  790.1315506953495
-93.8403056674466  1097.8619512053683  779.3165965604719
-94.84195398144826  1100.7557122707015  768.2768387026213
-96.08294223326241  1103.4467306978347  757.189651493879
-97.04638191212997  1105.9398761784073  745.940620514941
-97.77740026987767  1108.37483460289  734.7732947459078
-97.88192581661436  1110.6889193694003  723.5597252522276
-104.65653771416657  1106.8745857024041  712.4748663386972
-108.49046202450637  1105.285266912617  700.2168447932066
-117.96260392028687  1098.44551283009  689.0416564556225
-123.86570263224398  1094.2132496693625  676.7244359482077
-134.40268409550853  1085.3084663065779  665.5807035984951
-141.2130038334953  1079.0117680331002  653.5199008917787
-146.1026033249739  1058.7756511291248  641.8506614609138
-151.03097222581357  1043.919481371032  630.4786729193772
-150.3695663890044  1026.7438541261497  619.2462624773466
-147.20131654609946  1021.732540683248  609.357847043489
-141.71555669617334  1007.1811149803319  599.0488180991132
-139.01704392900808  997.0775528487358  589.2810952500299
-125.07281469201236  993.7202645636871  579.9105869736694
-108.19384028153719  1005.2575680252692  568.766463730456
-89.4758592056038  1027.362921325159  557.7418638870947
-85.91468950679185  1051.904179780398  544.9391534925454
-86.22210390499416  1065.9885425679063  535.4907016667244
-88.3534229879299  1067.7529147828025  526.1565618438112
-82.56902955538834  1066.821135935192  518.645946202579
-78.09375622985414  1068.1075782364321  510.7509377615944
-75.42173705300262  1071.2668485065915  502.4889626209068
-77.99528541883754  1072.1540512223655  494.165376261952
-78.52063944434727  1071.9584899916729  485.7284730863555
-77.62655679453908  1071.3638591115318  477.67346199167355
-76.85367265265558  1070.8308777585744  469.7349264653103
-76.34850218211709  1070.417538698842  461.95968755327476
-76.15485312406207  1069.9216102228734  454.4483781698208
-75.65596971221514  1069.443193097937  447.2872659083044
-75.03335049569863  1068.8834067362197  440.56570251104796
-74.40369852084358  1068.2298410643057  434.30454507596977
-73.85618925436707  1067.4930833525223  428.5345974023022
-73.4370692008983  1066.7170601842322  423.2804111334307
-73.13555458550285  1066.099817241902  418.5136027538819
-72.9325943196638  1065.6289972598977  414.23219485957907
