-58.3939019028479  1087.7478841579216  354.4123812203768
-69.74370060312978  1092.285901928539  358.7955000929661
-72.89174950807245  1088.0709335661165  365.45661464849
-76.713999613936  1091.6731952913185  373.56393929664193
-81.58506231464855  1094.4656975039518  380.46782879172133
-86.14102252407933  1095.570740305981  387.1035955062745
-89.99309182048327  1097.9230860744883  394.29932229201177
-92.85256322265245  1100.573539092732  402.1389250668924
-96.16893743697494  1104.360256033559  410.1035638691927
-99.32831341485482  1107.211229876339  418.35907944076155
-102.29139355238058  1110.0417014228874  426.94992327189163
-104.57946118091824  1113.163886562501  435.97946424259374
-106.92491735097262  1116.6841441235024  445.3194069864164
-109.22617536701264  1120.3067710023486  454.95972972635707
-111.34946760826737  1123.7251991234473  464.9518254585025
-113.15071313244393  1126.8710802793357  475.33348121072015
-114.83978745495186  1129.7391557613919  485.9952134530737
-116.55817573920605  1132.6249506612533  496.8658196043837
-118.65468928773522  1135.6142789784722  507.8957086816297
-120.90063540282556  1138.7584068504875  519.1688435510387
-123.08270137714531  1141.6852178163676  530.6729083126057
-125.072216157733  1144.5037012584967  542.3292867003414
-126.79440724558063  1146.9384056956346  554.0915208562499
-128.84087618387747  1149.2834419499322  565.9013710127332
-130.64965454589523  1151.2691798213648  577.9010538041211
-132.67795568877895  1153.3718976927244  589.9906425857564
-134.30725372773315  1155.384459552269  602.1693218699004
-136.06861092398316  1157.0040362139907  614.337926266095
-137.52241263378352  1157.8950050287851  626.7688519423258
-138.87617781502175  1158.4799922886416  639.3412370585248
-139.95410322366257  1159.0707632220513  652.0142099653252
-140.95025729052304  1160.3934857882173  664.5868183877714
-141.89730336087175  1161.3577606302108  676.9806179525053
-142.58260804048285  1162.3153235259883  689.5923419133067
-142.98186309132024  1162.0193926350134  702.1555906596792
-143.00802187585757  1161.8585085767475  714.9465973598235
-142.83891483238193  1161.5014106523347  727.3805207841358
-142.6135982751143  1161.0123738384746  739.9205460836813
-142.39497951439463  1159.9250174035699  752.1821496000782
-142.1855034486336  1158.4172903882675  764.4485255609247
-141.86882599329775  1157.009988857424  776.2870424235805
-141.52578400797776  1154.3385563925087  788.0118605565501
-141.01960515492726  1151.1946883600303  799.3462155281019
-140.32731351490386  1147.001741425225  810.3980492086545
-139.60743651496753  1143.973295677932  820.9044741597265
-138.90296689825928  1140.52138008914  830.9758052345768
-138.23045701137946  1137.5070052431045  840.5230005859512
-137.37245988680468  1133.685147599429  849.5524930896263
-136.50725547828935  1129.7304362543537  857.956765284817
-135.70112947371254  1125.917025607995  865.7262297943372
-134.90545734355567  1122.1847072242526  872.9162367486636
-134.0989698992177  1118.809817991142  879.5394656879245
-133.33360151019747  1115.0778698346467  885.6250363256711
-132.6916442131216  1111.8233472390486  891.0657042301768
-132.15473030497566  1108.6577338621355  895.8572340983466
-131.63578540888352  1105.9846867689032  899.9217533863479
-131.20035829204951  1103.5214545244844  903.3812304660584
-130.87592309115348  1101.5015911224023  906.1506635633252
-130.660300788773  1099.7673756583717  908.255748218032
-130.5578391107294  1098.3945762732872  909.5686787165137
-130.5695527114486  1097.309270168431  910.1761967937847
-130.69210612426926  1096.509491405872  910.0432897197144
-130.84142897829673  1095.9413125160454  909.1930096264213
-131.03172846418963  1095.866265065251  907.5504653843082
-131.2327187986167  1095.9802146786108  905.1428175300928
-131.4334353221026  1096.783281854276  901.9381348817901
-131.59483689843438  1097.4713064400069  897.9933021427908
-131.80770199520498  1098.6953881942736  893.1924286956754
-132.08997705981852  1099.9719114040522  887.7591685793321
-132.33349125927214  1101.6510821964023  881.6621689787102
-132.57486937935408  1103.1281137611263  875.1347254097873
-132.7426503552605  1104.4001546244826  867.9815992257869
-132.94427391236377  1105.617029397542  860.3742613611615
-133.07725071450864  1107.3380732979508  852.2214404443473
-133.2086188275949  1109.725296659688  843.5906369274742
-133.34302227363526  1112.4171884675986  834.4541829210698
-133.48593263542037  1114.856015305908  824.9159901099799
-133.63454604544037  1116.9414910160858  814.9846514705041
-133.77074881207494  1119.0307949684038  804.7777252341718
-133.82990419927074  1121.1805020522106  794.2040733329
-133.8025823707302  1123.1950671012758  783.4281028835782
-133.53160738286707  1124.8774944304855  772.3460303788918
-133.1830923512979  1126.3807624460578  761.1043229125057
-132.7611668895301  1127.8083901248042  749.6540943427558
-132.454642899212  1129.1550320193542  738.0325654813288
-132.03764898670465  1130.2834651402472  726.2461519998826
-131.51618856370146  1131.1806120826186  714.3420956394206
-130.85790746130576  1131.9492472578854  702.4078662969866
-130.21090060005673  1132.664634968739  690.5327842200468
-129.4969373138726  1133.2505233867305  678.7036579547082
-128.73680911570514  1133.5478393389026  666.8977820138806
-127.91095163183022  1133.7052846293595  655.0862107656304
-127.06476451534631  1133.6004861977021  643.3392751564065
-126.15186664710137  1133.451928565179  631.647788763834
-125.30213365298195  1132.989777764734  619.9984268318074
-124.37636319537063  1132.1652008119847  608.3759479414448
-123.70734245532881  1130.63529224612  596.8354561823903
-122.83544880826615  1128.542728198215  585.3644243594854
-122.49151809488112  1125.5210171982792  574.1306055098703
-116.29923421335359  1122.8038595274165  562.9106826031248
-112.55987225215003  1109.5166064977518  552.5147520745394
-109.25449361862246  1099.3347980834728  541.0362650911762
-112.55063657653416  1080.7469280631421  528.8866287047746
-113.67684457881766  1081.303139046258  516.9675792479356
-113.82046077993473  1078.5421789022553  505.79198221519385
-113.58970535075738  1087.2975591991099  495.0990196667025
-103.2770139880833  1092.6448030367796  484.0224281157228
-92.0397197842659  1099.5086519059432  473.23135474379114
-78.46243293523236  1105.2669221362933  463.7540579986682
-73.04016485478421  1107.3884062725476  455.07253034250976
-71.73054030164039  1106.4581273188342  447.9105113584243
