-124.79155375105489  1135.6967332780866  363.0609068954909
-127.05273647104059  1138.3060978297565  370.0294889321707
-126.42226285511046  1138.7001034389064  379.4317418282192
-123.43056876226213  1146.3084997837682  389.68927946623035
-122.85100545587619  1151.9651266734077  398.55697216476074
-122.65694942754304  1155.4451907504906  407.5476861608589
-122.04469650429157  1158.8570635595413  417.38422106903
-121.60854978969793  1163.2593305257644  427.3933625861373
-121.40883729714636  1167.7454626616216  437.5831276808771
-122.00786605931938  1172.1107805213533  447.823396207708
-122.70841613474978  1175.5871847523463  458.4852742130764
-123.79600072315064  1179.6150790025783  469.40048521960364
-124.72180000050801  1183.4604471829582  480.56695573842535
-125.91622252685926  1187.3179992651073  491.91171738246135
-126.94718193057338  1190.8704525905428  503.52900359515934
-127.98936641448012  1194.1839828491916  515.4468670185908
-129.0411664494464  1197.1309826112974  527.6191786192801
-130.0493952902334  1199.5408805623872  539.9561152942396
-131.00598345144905  1201.5361316098156  552.4395227387164
-132.0767923170228  1203.2727465904045  565.0977734082483
-133.20214924032896  1204.876528809137  577.9569196348845
-134.4789495935601  1206.1526791635054  590.873538711921
-135.73225123657429  1207.1143365450312  603.8067337235012
-137.0329157298669  1207.6667205741117  616.6962860271589
-138.30183851466913  1207.6250514602739  629.6324689382142
-139.4513686643749  1207.0253195690075  642.5403558794599
-140.53451484238064  1205.5959321639912  655.5016229100318
-141.80539299848323  1204.039398789052  668.4509834347958
-143.22886384372185  1202.1444440695545  681.4900646487076
-144.73169235795373  1200.1455207564848  694.5679744764011
-145.8902859633643  1197.6965169185112  707.6788751686745
-146.80748812573796  1194.7597578371992  720.7159525798263
-147.59044041115766  1191.2925922963502  733.5827437885506
-148.30460165024195  1187.3893864847626  746.22241383277
-149.06781559480694  1182.9798742866635  758.6218824807779
-149.8336653744136  1178.7245959779357  770.6624709813249
-150.5680099882948  1174.3074808603637  782.3051579579062
-151.27313318986435  1169.6877199882595  793.4589211301662
-151.7971627559527  1164.4669171997482  804.1152182978683
-152.29795125354156  1159.0439872891213  814.2437688560055
-152.65988926557088  1153.3271501644285  823.866879652909
-153.0117490293093  1147.70849068774  832.973830736857
-153.3122474250611  1142.002243166162  841.5630148342257
-153.4034922122732  1137.1828560634  849.5447640472331
-153.41028614821948  1132.2068684213566  856.9524197659038
-153.29994926005423  1127.574663312886  863.736651129641
-153.28225488436465  1122.983917956443  869.9102975642326
-153.2602631162466  1118.986091740031  875.4194309176545
-153.21620757764475  1115.4848916242645  880.1961141780831
-153.1777082483162  1112.3308698193728  884.2162173194395
-152.9816844483283  1109.6402006191247  887.5703295136313
-152.91906556561258  1107.2940607824046  890.2696080616302
-152.70911151014354  1105.2608816043999  892.1674749988049
-152.62441923906817  1103.9027181343208  893.2529805089487
-152.37121653658988  1103.1009752605778  893.4413013003068
-152.14243358824905  1102.7498683469785  892.8902867979152
-151.67671086355168  1102.6977622035852  891.4117189584507
-151.0069464672003  1102.9389657562328  889.1686828205533
-150.30729083683238  1103.785849150212  886.0632962982719
-149.2918072865529  1104.7844400896984  882.2170982719373
-148.3376973802983  1106.3570069433383  877.5222728933911
-147.20791847930445  1107.8379117678833  872.1458836553256
-146.34462943127352  1109.8160692134206  866.0045542424349
-145.2528654267827  1111.844114645569  859.3996006701701
-143.96822662552648  1114.9683740824887  852.1630762166574
-142.5568152928982  1118.2815433315875  844.5419734597474
-141.13897440697318  1122.2941978801186  836.322898530542
-139.87352577293177  1126.724639894148  827.666700389944
-138.69547406563905  1131.121891229239  818.4531936583826
-137.60490827049608  1134.9168583021976  809.0151052819092
-136.4992066011173  1138.6112988296613  799.0299589150657
-135.39680051464467  1143.2350557669206  788.8276570969804
-134.33830065310357  1148.3607667527708  778.0699644177853
-133.3598962631251  1153.1172951100987  767.3133849212654
-132.45619778781085  1157.102301845206  756.3236713291258
-131.3365839774752  1160.606466038082  745.2551920850278
-130.18857614951992  1164.1698881891348  733.8165087312731
-129.0666181038793  1168.0441509919115  722.2304776855597
-128.2575015352263  1171.7881215218042  710.5629918440314
-127.36675469423895  1174.8440210732674  699.0497302093772
-126.31643055754246  1177.210401601775  687.4733125694087
-125.11791513005087  1179.4226797972367  675.8872151299563
-123.91743000261724  1181.3404831232494  664.1980034297917
-122.67560648995949  1183.0646580771668  652.5932691478207
-121.34382835930113  1184.357127177837  640.9655663107943
-119.9008588174339  1185.464422081533  629.5070958234714
-118.38861234992032  1186.2849543290029  618.0553937302294
-116.551599502404  1186.5647166142237  606.7527660552635
-114.39867443987734  1186.2574485349703  595.5118363834475
-112.02290168361709  1185.2802523421958  584.4324322879008
-109.61629634915658  1184.1643654877407  573.4785155350392
-107.1555905406219  1182.5232634135168  562.6911929989851
-104.56904393945962  1180.6644607990809  552.0282929075795
-101.90451886909158  1178.418135072188  541.552321264119
-99.28553629774335  1175.9900821393403  531.2706068742029
-96.79818099950913  1172.7811958639834  521.2853036974907
-94.59504958080319  1168.8269709110136  511.5304272177972
-92.50194283582586  1163.8970118482007  502.0743689951487
-96.01395044787162  1159.1104107293409  492.7545285060948
-105.74290027021912  1142.118997686485  482.89615441134174
-117.3874772667786  1142.648749004878  471.2837353534842
-125.7075138001873  1146.7733690849898  458.6807705604834
-125.14864514011032  1156.9051597629868  447.4240603533192
-119.78701080314588  1155.52791495546  438.6625467730904
-107.94574368505515  1152.5419369602873  429.78105530646485
-93.14104109940966  1159.8175034632627  420.86115854335526
-79.42598241598854  1154.2907133799358  412.62521144208915
-72.54695551171369  1137.9117936277416  406.4016228022899
-67.40868369941411  1117.5372023608359  400.77914623341127
-60.166144875197645  1103.751813474008  395.01312116595136
