-124.24099808675021  1107.4456755144656  392.32454325996787
-122.54189461829986  1112.7415562844685  400.1086472301537
-118.06418252997055  1126.0161953334828  405.9499690368201
-116.41249707834208  1133.488112259494  412.8401604590649
-114.80506059884979  1136.006431728704  419.7295660493605
-112.91836927808906  1140.0124157650769  427.2282357544209
-111.31299613794391  1145.9994457964033  434.78579731622756
-110.49740132789942  1152.073717610395  442.4301910769867
-110.06395305264053  1157.085740395009  450.31611883200765
-109.96703004942783  1161.2376439119487  458.46235112862547
-110.0413349807501  1165.276777934854  466.89709926353356
-110.58357194358271  1169.6728632060763  475.47728220217266
-111.25534141928757  1173.6376303822854  484.3449053129158
-112.19049893071109  1177.4559082287715  493.40425709240697
-113.18391091546991  1180.743982957992  502.69639937495685
-114.47343352372516  1183.7312390887473  512.1480304057483
-115.75648084159704  1186.459035482984  521.8183592985251
-117.27538570384885  1188.7101345175975  531.6878564355691
-118.74505873941901  1190.5581700345115  541.7337253259008
-120.26563121550751  1191.9169240102292  551.8617838550874
-121.71705500301219  1192.7900953917585  562.1064069151038
-123.18103268792308  1193.1865974296352  572.4841414787733
-124.63880041871384  1193.2307101729666  583.0034017513043
-126.10590225807195  1193.1744696298877  593.5856199157713
-127.48994394790357  1192.9731670793094  604.172656739505
-128.9828205394531  1192.6503624629447  614.7395908500572
-130.46018373150818  1191.951625846843  625.3499513419265
-132.06259761195633  1191.153435648994  635.9855775748206
-133.62051226111163  1190.1748088334973  646.6591495527601
-135.1822347614916  1189.2896612339484  657.2932782573837
-136.6401986131901  1187.9219992532783  667.9405309471185
-138.03127587240724  1186.6275576020698  678.4953484592512
-139.55505364001962  1184.7177140714734  689.0564855989168
-140.99226064352752  1182.8310876242833  699.6107241019288
-142.2357135663295  1180.5220612231317  710.273208420575
-143.24855122943424  1178.4284662217794  720.9643621909738
-144.30945405646477  1176.455109592842  731.5824035964556
-145.40983632947197  1174.0133485916886  742.1308854886062
-146.29177666565352  1171.0166341567156  752.5496979748175
-146.99327319966923  1167.3562749732696  762.8247947089285
-147.6109550288367  1163.817467942037  772.7956929949727
-148.17338144126202  1160.720950657069  782.3619968454726
-148.77442783311167  1157.5339057900974  791.5426460015998
-149.27300552106666  1154.5512754398985  800.2072160657239
-149.74395412799328  1151.0388031002965  808.3813808270872
-149.96416049403382  1147.833694116175  815.931429091857
-150.12060742718344  1144.705018637942  822.9170836039675
-150.18080130042358  1142.2464965105512  829.2957319487795
-150.25863142133758  1140.2140141006078  835.0292551921768
-150.30224340887145  1138.3615333081966  840.1119975829836
-150.40262706898125  1136.7774836466842  844.4251809274706
-150.48106664084966  1135.4569985879978  848.0728624069222
-150.60946388630794  1134.7038829567548  850.9749222572915
-150.68206788141848  1134.1526878250302  853.2035897958557
-150.85610239986607  1133.764277040583  854.6367441213155
-150.99246662920916  1133.6046837571312  855.270324938607
-151.146423751972  1133.7510237709373  855.089880439999
-151.22386249242481  1134.2927631688044  854.0952451941337
-151.3752068689707  1134.8676019453108  852.3234480612389
-151.54017651780538  1135.5609143353458  849.6610678444117
-151.70779578254778  1136.294112747191  846.1363333097988
-151.82727442671506  1137.5312788709487  841.6646718561977
-151.59119263605794  1138.81558388345  836.3529082832226
-151.35835421651208  1140.1034952227808  830.2481536693588
-150.94996591620477  1141.2593587574647  823.3003793703737
-150.7665593566297  1142.8150055602293  815.612293311119
-150.44224199088995  1144.6219559118592  807.101800811284
-150.1310415301618  1146.5201799169731  797.9520794306698
-149.93633756379978  1148.2465194211634  788.1541133241008
-149.52533563846077  1149.978296820961  777.7749582809433
-148.8762574787428  1151.5191803288983  767.0508056447645
-147.87280818150688  1153.298775924982  755.9385321864704
-146.84266504908402  1155.0995690516222  744.5856736083684
-145.73154798894927  1157.0139439434533  732.9227353805809
-144.48332679209298  1158.5848332587395  721.177763137641
-143.054046936297  1160.111677813462  709.4175637447282
-141.54341436849126  1161.5594299990323  697.7123085072237
-139.90643139186432  1163.0465330082886  686.0399930473178
-138.22768218471185  1164.363211002872  674.4123954771864
-136.3777227091822  1165.2947581352994  662.8630029892621
-134.62906219881833  1166.1688524948693  651.4890829707147
-132.86643348163352  1166.7529699550453  640.311810373963
-131.18932962077628  1167.1522149495468  629.3399981073055
-129.52029564939028  1167.239123942204  618.4863862398039
-127.96552670747509  1167.3402918096203  607.813460085131
-126.34676720726169  1167.5056422689106  597.3356172221149
-124.68209470831711  1167.6354916156658  587.1753715035397
-129.31765704915256  1161.0489155732434  577.2073166447369
-137.0821909464496  1150.9478030262057  566.7349939619158
-148.214019733582  1136.9131351617057  556.6117574271798
-155.04760979934537  1137.8841963932164  546.7492445949358
-161.2157221546058  1135.4205534400046  537.8785667665386
-160.38273808539194  1129.097305918047  529.6110692994134
-156.13186571492184  1118.6200827111472  522.1802883812479
-154.09870287348087  1120.1987475155152  513.3564064336645
-160.39772451596824  1134.1813208097412  502.534034434475
-169.07833323054606  1148.1396731743068  491.3844581644174
-168.6478749275386  1153.3184568910947  483.0819258391523
-158.84260328280695  1153.7971288877256  477.2498360316196
-148.25428985379259  1149.507422159798  471.96445605041606
-141.92742260133156  1148.7389627403334  466.46233100251004
-139.22309423700196  1147.9628954816574  461.32638994851436
-134.96558373780897  1147.177650770076  456.8474548590266
-130.31086483909274  1146.2685262549487  452.7252084865107
-125.99896065862848  1149.8383609258517  449.0616175433722
-122.64724575923294  1151.9011307716082  445.66601272999173
-119.63182490397065  1151.8282967755176  442.6255479459269
-117.06849061234175  1146.6801050622503  439.87901769560347
-114.73125897165833  1143.369434036272  437.3791380501756
-112.66832323822902  1142.1414587589375  435.11321674563374
-110.77230787317909  1140.7413872380732  432.9459291459164
-108.94405426242234  1138.9355271088812  430.8989061979071
-107.21192824472881  1136.9611721505516  429.02610097940453
-105.61591501127718  1135.1691386615894  427.1725363898797
-104.21984232872956  1133.467326739754  425.3836861823427
-102.98220402754211  1131.708425237356  423.4586698619313
-101.8620646093375  1129.9750412372666  421.4985374514331
-100.7905647152019  1128.5446286283147  419.45494135812385
-99.73582152401103  1127.2037703755352  417.3803589054638
-98.72279027560276  1126.2641785585283  415.19841171991186
-97.76220214396191  1125.4263931608753  412.883277412108
-96.7996730335144  1124.5127919638148  410.3900533558801
-96.1341698365365  1125.4361072108834  407.750630343936
-95.60344991420334  1125.0391073462047  404.96975396716255
-95.20008143172737  1125.2546202487883  402.0895533498748
-94.87973056061794  1122.740069600696  398.7713210536201
-89.54452072988745  1126.961868100986  395.5976265088092
-78.65710434818408  1133.4595183407887  391.77762315292523
-66.25925555276503  1143.5754062164017  388.435059754049
