-10.881316758103598  1101.4779062824578  386.5801406096253
-11.454364630472508  1113.3716584791996  387.60105401312813
-17.212848406168668  1114.2742297481977  389.5223952534873
-28.679991813801674  1118.7277958264738  391.738122412732
-52.60008701268212  1127.846658861657  393.42758483049886
-74.63457695265357  1131.0795257122481  395.575805889934
-88.69941860197231  1129.455181984722  401.4191702999725
-90.52744472340979  1126.2018317979123  409.8003223358281
-90.37264957556494  1130.9993574916266  418.9327132211207
-93.82696882703533  1134.4179888560209  426.77174957216926
-96.9990784288295  1135.8050576053163  434.5963451648781
-99.1671670508515  1137.7604397169498  443.3137625742461
-100.48802107571139  1140.4459556834781  452.29431160853034
-102.23294186974908  1143.9042974191739  461.4213977676181
-104.35518465652211  1146.8303549101174  470.61343333593027
-106.33528288520795  1149.6147931668793  480.0384438064004
-108.32335594225525  1152.6668763620746  489.7097936365907
-110.21954580368072  1155.4868734427153  499.58626001938376
-112.16172514467688  1158.0551994126201  509.60241607074033
-114.16737305404286  1160.0743396618009  519.7305558586306
-116.18817285373294  1161.7035002557614  530.0502586739682
-118.34560409979856  1162.9138198918715  540.5448480324143
-120.51081761949149  1163.7291753330962  551.1812673318922
-122.65098409646785  1164.0352418193938  561.8562432459557
-124.79416896544173  1163.7725233702404  572.6233341428576
-126.88142970436657  1163.0804163337955  583.486118928386
-128.89483431069579  1161.8641145935496  594.4471264601882
-130.6783255870579  1160.3654089312595  605.40531126366
-132.40037658300372  1158.4727168810298  616.355654255131
-134.0097443938207  1156.4927887637343  627.3080306312778
-135.49029757236806  1154.197328187921  638.2906301923304
-136.78610355586827  1151.6299434196867  649.2966816003234
-138.17544346151485  1148.9253257729538  660.3075259928403
-139.68227444582197  1146.3902378781656  671.3681403339879
-141.02426230367425  1143.8242480028075  682.5699635938449
-142.1113779799059  1141.2021366576919  693.9200177141659
-142.84093412459816  1138.682975216413  705.3410536543953
-143.68166286756437  1135.941579191004  716.8272001611542
-144.32891962925808  1133.3880483682603  728.3391594321936
-145.00827244515636  1130.5378146795222  739.9400493194692
-145.5587056659666  1128.2966705141114  751.4779600351723
-146.10043510328669  1125.760607246164  762.9544903252979
-146.82719696390402  1123.3666399998829  774.2626449091608
-147.48970747594646  1120.9952363509926  785.3258505026618
-148.17414033178252  1118.649334848834  796.0951868864702
-148.63275131761077  1116.481101744998  806.4515415823455
-149.10808077406628  1114.296099398859  816.3310892757419
-149.53981773291375  1111.778428042946  825.7178141445474
-149.89938407903998  1109.287673485829  834.5588102989708
-150.07736365442665  1106.8243798776832  842.8125177735094
-150.1893871947572  1104.7812210062893  850.3478466343893
-150.14497042940047  1102.6758583514509  857.1596722658949
-149.97918163631726  1100.3700519705249  863.2678201396641
-149.6992721242427  1098.4375642114721  868.5347521390536
-149.34856187989303  1096.6788593021774  872.943391744064
-148.99550165807634  1095.2447881052394  876.5551884903833
-148.62357346599123  1093.7613119926082  879.3712249723826
-148.31187759556508  1092.4814453227527  881.3414846856933
-148.02501521547106  1091.4556947417811  882.353955253947
-147.7247871643746  1090.7175529330698  882.5032556433088
-147.47912423118476  1090.1729103244315  881.8509261307145
-147.21641775594833  1089.7157641955805  880.4200683357558
-146.89031922969298  1089.441385595952  878.2712862561776
-146.51275802770897  1089.706187692602  875.423123952488
-146.3352801761137  1090.1436588427043  871.9631575398056
-146.1535252400811  1091.0271461439088  867.8616452768676
-146.09378895994314  1091.8851086213435  863.2183226701369
-145.9100415323175  1093.6809689245638  857.9484044619346
-145.89344865608305  1095.8939024031404  852.1974692376541
-145.68198590259857  1098.4738731169577  845.9651498982998
-145.53930207739356  1101.2460886512392  839.3639364431118
-145.2943744115498  1104.3390902146557  832.3575478388921
-145.08673683128188  1107.5821241638198  825.0047134849866
-144.56041648779305  1110.7317523187266  817.3726146128681
-143.9727282138271  1113.8957835581748  809.5288452847699
-143.31114600273065  1117.379519863327  801.4688697080787
-142.67335274339783  1120.8500162648381  793.2466113661993
-141.8412200348788  1124.3890382711108  784.8187943071129
-140.85659543532842  1127.4143287845222  776.2403294098787
-139.73751780377037  1130.5245183427467  767.418631259505
-138.60634025251326  1133.268232690818  758.4691670063469
-137.37494453373608  1136.0997867942544  749.3332416686303
-136.19190350752837  1138.5877706104316  740.1399204564342
-134.72095519160956  1140.8880902778467  730.7893612250995
-133.3539401611447  1142.972919214512  721.356465202002
-131.6654117058165  1144.9838593234829  711.7758694448141
-130.2766318874794  1147.082353277566  702.1670947496225
-128.68656030669732  1148.8864784629798  692.5169888847464
-127.28881990659343  1150.4889672570484  682.9199849382854
-125.66611299596642  1151.7226114106986  673.2702879024337
-123.99956710031911  1152.9803202008468  663.6723907399878
-122.30236652463195  1153.93665519333  654.0340059018844
-120.59806960427603  1154.8472759992067  644.4675697959171
-118.66332201647337  1155.580114724438  634.9052674098135
-116.72333978020836  1156.2101029625494  625.4575902187546
-120.7557862532386  1156.4328968088744  616.1057655082946
-131.73460739735353  1150.9755330860498  606.0680373543329
-144.94370750644373  1139.1656638226398  595.8999287858891
-153.4443847442147  1126.4627616130688  585.5928486596356
-156.67689258518237  1110.2427343178979  576.3226588158634
-151.25752668580412  1095.7812487216913  567.790529890502
-145.13878986487478  1086.4713072654808  559.9406629382779
-137.36496392331495  1091.55357231916  550.4637161362709
-135.39603972542386  1100.3092850218497  540.4869270550687
-132.238057848075  1106.32160564326  530.4726493544979
-128.5231972559366  1106.7391022151803  521.6489981718272
-125.18660045220315  1110.3738121049917  513.5892317069929
-122.1746642756192  1112.7564218114928  504.8726653030822
-119.82735744465722  1117.9236106738156  497.4008589489336
-117.6475427845614  1119.2197789682018  489.7314129356667
-115.68865840162219  1128.0145156777648  482.8882083833129
-113.64924835733288  1131.6871692575608  475.70472840974855
-111.81794393922411  1136.429810475118  468.587027997593
-104.44628032529975  1137.3540810948145  461.49069833440683
-94.15136408694254  1144.8478689184353  454.666384507591
-80.2008721559902  1154.3907752977127  447.7288434540816
-69.44803182216118  1152.289064380455  442.3892915879276
-60.17341716620222  1142.252867270817  437.9256901102
-52.53579319457448  1126.1702876202794  434.6017744367759
