-103.70560021461114  1117.0346947774433  373.4312742399933
-105.14736341513566  1113.0534668648618  376.2841204929081
-103.53897305486241  1115.0093755390833  379.4807130493915
-99.12278830617434  1121.1356535293228  383.25042921944305
-97.18477369747376  1124.2152111310304  387.5114656820756
-95.7599455411103  1126.7416633552177  391.57772533547643
-94.17516647938363  1129.5831944274396  395.7906192224118
-92.87565455382087  1133.2527784977617  400.4257440635998
-92.00316296189379  1137.1555363675966  405.39272294037585
-91.70096765421029  1141.118399222381  410.7284596554923
-91.78765414880236  1145.1890164837996  416.45754640216944
-92.11464922476387  1149.2673843748723  422.6653490355061
-92.63197544293641  1153.1169881183016  429.456365262143
-93.29993092907584  1157.0278230708689  436.7862429119608
-94.0284669249736  1161.0031476587778  444.68222040840897
-94.924065208819  1164.9334499633276  453.13134050252347
-95.95127284132109  1168.6600528982685  462.1498022650677
-97.05020641839073  1172.075453963693  471.76205891876293
-98.36232529032253  1175.048100944367  481.98193312584044
-99.82257208547837  1177.5514194285543  492.7176069025754
-101.48763898054146  1179.8611852747763  503.9245302143462
-103.22012820200676  1181.7341687512076  515.4483039283241
-105.08414887209247  1183.3194907328248  527.4090166362311
-107.06837042880521  1184.5293972039663  539.7124238509147
-109.08838982111554  1185.3112014239161  552.4180976915491
-111.00205578807018  1185.9204154233362  565.3083215401707
-112.92586663901128  1186.0463566919063  578.3691079558987
-114.83345769363683  1185.924088934494  591.5971084593456
-116.98331754632989  1185.2157499597024  605.0010699372349
-119.06720718602047  1183.9742903041692  618.5276881980249
-121.13006185663359  1182.2568939142009  632.0806245113343
-122.99543011520402  1180.2083374755591  645.6353998827298
-124.6968367997281  1177.8032825735156  659.1537488735837
-126.21745293798952  1175.0349630283936  672.6105039253634
-127.54590361194695  1172.0498384119796  685.9254956738795
-128.80392816518776  1168.5209181754562  699.1224841083614
-130.04767520375705  1164.246431208113  712.1808790579897
-130.96433958982618  1159.971546674682  724.9733264548971
-131.67483431358843  1155.134458437328  737.5333486525615
-132.1136644855383  1151.067321613445  749.6757917434611
-132.4153008447372  1145.7689882636282  761.6352037521589
-132.3244880546809  1140.7787470246494  773.1752187076335
-131.8494896610464  1134.7587315017167  784.3903236638391
-131.1525046699489  1128.9757299800958  795.1167233149567
-130.45213471449398  1122.922281297942  805.3645826477562
-129.50693099311343  1116.861141508504  815.0836065107931
-128.45780851166043  1110.5863742891133  824.1526193556223
-127.31145856878288  1104.8328136971716  832.540656936621
-126.25393343224995  1099.0333878466033  840.2898110957186
-125.34577577753758  1093.8574844549166  847.4331470683139
-124.47968653541804  1088.3244675995386  854.0099301208836
-123.91794441570612  1083.629060985918  859.9283205721448
-123.53347890371182  1079.1722456355185  865.2540832242103
-123.48139957057795  1075.3877673778118  869.8027927601589
-123.72592315036894  1072.0198081942128  873.679165468214
-124.21284782197286  1069.0865295991248  876.7224177682015
-124.85574798279221  1066.912071911573  879.1325849741161
-125.85046467867798  1065.2141919022802  880.8084930243624
-127.01214790054873  1064.0404035606252  881.8240192493816
-128.20148769179508  1063.279268020977  882.0755850605344
-129.03095075947334  1062.7871306243223  881.5756875095745
-129.65330362666091  1062.8382173774721  880.2954837272462
-130.1732593321445  1062.9549057482097  878.3290460713873
-130.34697991382782  1063.2289951039509  875.7036402022654
-130.0871851654877  1063.4947729218666  872.412792821376
-129.1661723496993  1063.7492022219776  868.5065437914812
-127.77881254847753  1064.1685521091845  864.0313883267195
-126.1590411637046  1064.5764158256486  859.0750514016538
-124.26078014264962  1065.7313305853286  853.655102067937
-122.30047017125236  1067.0544138330008  847.782709801146
-119.92172579697292  1068.5677255718927  841.6238744236173
-117.54784497788214  1069.872392740632  835.0867407526341
-115.0289590315577  1071.4390376945628  828.2127598058732
-112.70336889003936  1073.339155553177  820.9079733564008
-110.41221523346306  1075.544406424158  813.1993572674589
-108.2451248662394  1077.8531609980528  805.0073132007481
-106.11702724989772  1080.293416551323  796.2647305478895
-104.12668928389965  1082.7160955276593  786.9838292722964
-102.19516269044239  1085.1087461317961  777.2439254555991
-100.38363391549277  1087.4574219541237  767.136006967999
-98.61328700074648  1089.6566801453691  756.7192631805666
-96.95372776755987  1091.900836288784  745.9600569280437
-95.34399920726764  1093.9055087559666  734.9144852255631
-93.74789532268865  1095.917482909505  723.7068297197214
-92.21923240171942  1097.7111050067188  712.5346677527367
-90.75180358749776  1099.399834138293  701.471275350829
-89.52453978584167  1100.8309196374084  690.5016268721117
-88.38168591312689  1102.0467800559866  679.6182231151204
-87.3554748763593  1103.081106468489  668.884927851315
-86.35951675806812  1103.954851913362  658.3475276177641
-85.54015270886171  1104.8574827766924  648.0514601008924
-84.7974532396572  1105.6181226064923  637.9682831946504
-84.24162886669664  1106.3692261026279  628.1793402349678
-83.80764870464287  1100.659087920958  618.6353673749487
-88.59354260505332  1092.1803928837667  608.2455348154028
-99.08519820311398  1080.4831521300673  598.0670607151078
-114.2511247648955  1069.096227349239  587.2902107918846
-125.9251353930503  1057.4191501608323  577.1708892415389
-133.6473812088445  1045.7111891681077  567.0006203673603
-139.3162396468697  1037.4680070865015  557.3850644914119
-139.83018171459673  1029.8357281118435  547.7194182009129
-142.32935399728208  1034.2817181095654  538.0609503866385
-133.16886554820542  1051.9898528296062  527.8630115859828
-127.91089926603729  1075.6503219132032  517.4726643790383
-112.91928228490514  1091.6605303813399  507.0575011304981
-99.85780066778457  1098.631098293195  497.34409946038386
-83.69358978599554  1104.7933120658638  488.39310961781774
-70.50324546161599  1112.030204435401  480.52074202171514
-62.10289464516732  1110.3293815111253  473.47649895118167
-58.94600400474607  1105.9284799608656  467.4212782726996
-54.60421708581993  1099.0198787833065  460.8228191654748
-55.01916770549623  1098.9884820945704  454.44959350361114
-56.11633037324632  1098.2623349731584  447.9240164893354
-61.65157150110636  1096.6866460403785  442.01385079778777
-65.26295289630187  1095.1354086065348  436.29946977861357
-66.13992563274633  1094.1144559372435  431.00033121685277
-67.75460938861214  1093.9371488314857  426.01060772327503
-69.49180334900163  1093.6890779236  421.2545095007331
-71.22790715847104  1093.4179636049053  416.8627586271578
