-87.37312917125735  1143.248925610575  477.2032174181429
-89.1010226108305  1144.1235970597738  482.2587805655137
-91.01573225839661  1144.9737225757603  488.09910879807103
-93.11049654460413  1145.9373753615582  494.6700187301816
-95.28979109889839  1146.9493580692815  502.018902398948
-97.58930771049836  1147.9413792096186  510.1144784888572
-100.12717002790349  1148.906819659499  518.8763986226965
-102.41368345503761  1149.7529174844647  528.2036758798442
-104.58090735461774  1150.5697237230527  538.0491967650659
-106.56820745586944  1151.6424172682396  548.3753690194264
-108.73131075049082  1152.6197096681094  559.1749898469863
-110.81682613048989  1153.5820522254207  570.2991537667524
-112.92088314331318  1154.306483796161  581.6075981597594
-114.89187060434764  1155.089397085123  592.9528134447487
-116.79299601056388  1155.9505175053819  604.4375905297093
-118.84403207990067  1156.7593812850246  616.0075932184945
-120.6830022460769  1157.5175539871389  627.750056139933
-122.65146801052528  1158.2068860823538  639.4979064365806
-124.3196573689268  1158.8422385556278  651.4074949711833
-126.13911946449919  1159.233214833191  663.4235926619875
-127.65442364624111  1159.353173874167  675.6485179285223
-129.15917884203367  1159.1383357603097  687.9758835172757
-130.33262529152825  1158.7602811382062  700.3642119394436
-131.44920620165362  1158.2168280201877  712.7636751273014
-132.38853543074447  1157.2923129532576  725.1228601468163
-133.23340555152512  1155.863542718266  737.3984060824199
-134.03979453968566  1154.1556888237783  749.4688671016572
-134.78865337689214  1152.677860456712  761.2996025497049
-135.57100938756264  1150.9705278715253  772.8974888759876
-136.24082853580126  1149.3104053529423  784.1376280945733
-136.80620017393335  1146.932625652903  794.9934490880429
-137.14057950173438  1144.2462397697325  805.3771669637457
-137.38858137199048  1141.3663223879769  815.2109669465069
-137.54659987137777  1138.968833879385  824.2790374961071
-137.28563868185464  1136.7222758803675  832.5017935736221
-136.8730574501113  1134.4171434462955  839.8641892585032
-136.15053460963358  1131.7828706704695  846.2811630298106
-135.64618024812097  1129.707827033062  851.6405531630688
-134.9595863576373  1127.0191551136975  856.062426440139
-134.18088716841976  1124.3923252679865  859.3526313081429
-132.99978947924035  1122.050578316439  861.598895399958
-131.7202459828815  1119.790956925207  862.4677586676398
-130.62701615453747  1118.2067642070492  862.4207456223685
-129.63639439283955  1115.7769118537974  861.045832179781
-128.54038289723982  1114.5597396338098  858.7996953972364
-127.38587736334235  1113.0411680232878  855.287053408373
-126.46795772385511  1112.4938602835189  851.0150481594249
-125.88309950397681  1111.8010149767454  845.6452593458979
-125.3935261726567  1111.3779569792073  839.453923561339
-124.96482639513387  1111.1925560730087  832.1957974840338
-124.56318651987061  1111.331437666971  824.1205977448836
-124.10961266443664  1112.0858401224314  815.1864907869475
-123.62439390700932  1112.7519363522956  805.5036586153877
-123.12326445738839  1113.336880274239  795.070058524074
-122.51368299297985  1113.1756363111183  783.9021003944158
-121.9023850677106  1113.249329153382  772.4019007582136
-121.2566823861906  1113.5467905891833  760.3695386348799
-120.74709610140985  1113.8446993975274  748.0367446158714
-119.20316762570992  1113.9565272781815  735.4858678659317
-117.65627302175012  1113.349739872424  722.895431533664
-115.7332217753464  1113.2835386769623  710.3968979260701
-114.70578323880086  1112.4727465470974  697.7462225720521
-113.49929834537714  1111.9718662566804  685.3514205641987
-112.06077112587306  1110.8090634714963  673.1458425577396
-110.60692093839344  1110.1177355493714  661.3244143942154
-109.13620317797387  1109.3905143253965  649.6349622517845
-107.91653904080229  1108.7297859396538  638.1421327924988
-106.66876598480248  1107.1151800678247  626.7359590700546
-105.41175118973064  1105.6277489817178  615.4051888832867
-104.75884638521285  1102.9439025767456  603.92978217398
-104.27611690981527  1101.9560949082922  592.5076281464505
-104.02565303254542  1099.5255962702167  580.8856488832838
-103.59657140651332  1097.048794530287  569.520188394632
-108.71132477172719  1099.11132982247  556.6579545602041
-120.02533781322674  1108.3809177010014  541.6377377698188
-122.7065789917285  1119.5739847165335  526.8703197192985
-110.25189125196765  1127.9772241300634  513.9097561659047
-90.20305515439543  1131.9075013625443  502.4214695762322
-77.3077082478807  1137.1454909665767  491.44636097393226
-71.91068943239988  1124.6646128595899  481.2356742756483
-64.97991338479652  1109.6735675044133  472.588303838877
-57.33355880893002  1091.6181491028983  463.76994560382434
-50.49650450355032  1086.9898629120028  454.68126928356423
-50.12308929719469  1085.365388886935  446.1433692469808
-56.05312642835893  1086.9567395019799  437.93544528111187
-63.38319236535381  1090.3895883322787  430.2751041567948
-67.60776661292348  1092.0590274045119  423.06847919653455
-68.48769346342264  1091.9198587547135  416.65622089562333
-70.3571108334067  1092.4674688913024  410.8503523471307
-72.5317501504332  1089.1635611887234  405.7737814846494
-64.17767589069247  1083.5390071730037  401.44007351009157
-53.71759268135981  1075.746723602313  397.72615717925373
-41.338796889914356  1070.5683311641476  394.45829817709364
-37.38135685572582  1066.3501712543894  391.6185578372774
