-31.208694025823924  953.7275100658967  51.961668493775164
-31.563258342654592  954.2386485909229  51.89617285006305
-31.9701299134252  955.0687526673917  51.90627874527755
-32.51899879584985  956.2440722944825  52.057391336994655
-33.07967907046087  957.9219594357526  52.247507429563015
-33.7958886435268  960.1448003818057  52.49990198195918
-34.75370772073966  962.8949716712943  52.80767704298218
-36.0094305180003  966.0603158063408  53.55814369209707
-37.61348809357219  969.6257936987093  54.58772418544952
-39.34359213078748  973.6405776242378  55.850214791506374
-40.95831901332831  978.1346898977986  57.01389171174929
-42.450559934553496  982.9755035872975  58.36298330297305
-43.91619971128023  988.043985076798  59.58014033547192
-45.469877985440206  993.1842687356051  60.821180353393764
-47.078484471923716  998.4104406152171  61.943176374386795
-48.67106351456574  1003.6184484890896  63.24971819724685
-50.30651982722041  1008.8228183130011  64.45688794543405
-51.96335093880378  1013.8529576537139  65.60456133824167
-53.54416771724423  1018.6881042258283  66.6130742135879
-54.958567308719736  1023.1696211621063  67.65732475861216
-56.290621538319236  1027.2864437304675  68.68118661914033
-57.50294479128843  1030.7858368856396  69.58144979687701
-58.535797849296934  1033.7408892072194  70.32025734080739
-59.28150455685858  1035.9641806514076  70.88486434112811
-59.88605028681037  1037.479271454605  71.31244648207063
-60.39500472157169  1038.0945527411675  71.66388344750294
