-39.93589496669161  956.0130925196094  45.53697412960369
-40.93599738746586  958.6100352100514  46.50382158105193
-42.065832819279784  961.6378919553804  47.408104943437706
-43.35184758857082  965.0850732721719  48.58952731950874
-44.97184123598118  969.0949737223201  49.88704152710637
-46.65475987474866  973.8125008349416  51.19238731258855
-48.77641886325579  979.3353193743582  52.624123085461655
-50.84353879772953  985.6568573948965  54.070332273512875
-53.55533167003575  992.7127530748361  55.848958064772276
-56.277100930218865  1000.5816255501691  57.691825782930216
-59.575471766998575  1009.4287695286503  59.5472896899082
-62.78334987852982  1019.3651781153638  61.20236886207316
-66.41993413043906  1030.3016979579895  62.99167145914959
-69.94754979702775  1042.1259280283762  65.03463910735418
-74.09101081290176  1054.8388248975684  67.43923648767692
-77.91468667323711  1068.6426498159935  69.89986645077025
-82.26728341151693  1083.5382473519114  72.81691829587801
-85.94212310314033  1099.61619350648  75.59421222510363
-90.34362422472799  1116.6590679500412  78.86846757084786
-94.60263727819051  1134.6383104402494  82.31143437878458
-98.7974668363516  1153.4137086330845  86.19095399017304
-102.54790810674092  1172.9036409852208  90.23401205759839
-105.73283869364391  1193.0538401893843  93.77266627781344
-108.92432501745685  1213.6468085247477  96.83152740940217
-106.39121424154798  1234.842888596586  98.86630238922145
-105.75125592446767  1257.0987108661282  101.74140589052607
-105.67567934173218  1278.7658361452586  105.82090925307018
-111.48585537110608  1300.387223040263  110.22350640250417
-114.76321914328884  1321.250708396623  113.63217954309049
-116.82821925276784  1342.9259333806074  115.90068699730153
-117.71972550417034  1364.4839889786101  118.17406804206158
-119.11416513913316  1385.8025862426703  120.43839393600348
-120.70354820755828  1406.7192425048468  123.71652358387016
-122.15338910898981  1427.1096574379199  126.9673790127909
-123.06326875313994  1447.1896635680819  130.31179144650346
-123.69369538990519  1466.7008673415162  132.6105076276537
-124.3859531002314  1485.6065521368796  134.71148757585271
-124.82494358267337  1503.4491728736557  136.91310178083387
-125.17686024821512  1520.2307891697567  139.79879593045433
-125.36702649413392  1535.8835681362361  142.63124429516228
-125.43868613851598  1550.3124812072556  145.5599046512446
-125.41821244547123  1563.545420440473  147.8986005291935
-125.0261523636262  1575.5641664784223  150.42454839836105
-124.4703547112453  1586.408853179018  152.58061547555198
-123.54935651912406  1595.8402049301758  154.53143729368918
-122.67127527224785  1603.7577564044182  156.08188298100504
-121.86450766396433  1610.3334908040636  157.8274285534751
-121.18807831627598  1615.3548308495122  159.24527682213528
-120.4375090603572  1619.0242045208984  160.80349900791956
-119.56871585399618  1620.9197359386335  161.77710939087177
-118.71086327085521  1621.5094273146906  162.83807774872272
