-53.701893356581536  958.6724285335156  49.17538331693456
-55.1451177312234  962.0214478887822  50.66645721789788
-56.6589061216633  966.2450681578472  52.26949992972055
-58.57413293711228  971.4741701338843  53.77663965534674
-60.61063913428352  977.7608028676689  55.49955233818042
-63.112693660108  985.2207896977122  57.236409307260026
-65.62577194804881  993.9094973432368  59.068155056050706
-68.55659447515198  1003.9146285250437  60.76167491081981
-71.43547164433807  1015.2334860709432  62.61286165845722
-74.8641259827413  1027.8225005630754  64.78210028384602
-78.04552458879851  1041.6024002750014  66.96628752705422
-81.79437770488484  1056.3681390971626  69.5703964295285
-85.46485654948933  1071.9922818164032  72.38640235121322
-89.2252758087815  1088.4394759778231  75.1375255312624
-92.46748632933692  1105.688237216183  77.75626864036305
-95.93213262266138  1123.6330167978217  80.19320305992767
-99.70679487689424  1142.0004563631742  83.07328112653684
-103.47770327339542  1160.7827210214257  86.0423742136629
-107.0753153638837  1179.7957384220535  88.55342107146912
-110.24549780827147  1199.3221587275825  90.77050695149495
-113.72462424313828  1219.0629114165072  92.67343424038644
-116.34718069569789  1239.0341732438428  95.35142126294379
-119.25739767304835  1259.0098128539264  97.92110221749465
-122.13142822300497  1278.5934868329891  101.34556821797362
-125.23961983039511  1298.5407053843562  105.17863536128668
-122.43636083316056  1318.5003487164527  104.31893916251066
-120.74816015691337  1340.0633408789458  104.14663865277618
-114.2875392145653  1360.6761243333337  98.75971582650521
-115.75179446975493  1382.1829757682597  100.50470290263154
-118.33200050059867  1401.7619368851683  103.25099961321378
-124.8200683343741  1421.96801582277  110.15896264470467
-128.4911134595258  1441.0383992110596  115.49056495497892
-129.13681137235233  1460.6751815025739  118.96283699275428
-130.89026851707573  1479.8075386487292  123.6381065135354
-132.89934527299081  1498.5915590087875  128.5177857148984
-134.76642086953984  1516.8077992742399  132.99760835260898
-135.99141243643555  1534.6300472056737  136.669259691097
-137.03967918354928  1551.6000782050007  140.86901403311177
-138.01617359744893  1567.699840292804  145.22129553815643
-139.02604782624556  1582.5700654983132  149.6325810412341
-139.54155556727738  1596.4323913095038  152.84444420702604
-139.89547674043212  1608.776515313912  156.1175405638282
-139.95284618468165  1619.4949175774416  159.31841411041955
-139.8749627629482  1628.2455693739967  162.37202412008307
-139.61612613519813  1635.4575980091458  164.48067331782389
-139.0246121738172  1641.0056083229997  166.20035328989758
-138.24620924963466  1644.579188574687  166.77770942525655
-137.31556706328496  1646.2360102322837  167.36087303293507
