-46.92734295280507  936.0986910097068  24.04364762849031
-47.025999666721354  936.1689992468667  24.09757496600023
-47.11789419031231  936.246823857718  24.143918143203102
-47.22573957253491  936.3393906416856  24.2152996772137
-47.31985818277328  936.4638413067048  24.293614911666346
-47.49647807064336  936.6534132578352  24.39573210332171
-47.69827408537316  936.9099060388512  24.537439037675636
-47.956709762704634  937.2460343878495  24.70185185913506
-48.22745008425367  937.6621444541157  24.89388569862656
-48.535394773218506  938.1955561806695  25.10212995130317
-48.87121759702417  938.8464217899152  25.333823581257768
-49.17057435032177  939.6332028564252  25.555666140999776
-49.44087763344035  940.526988708622  25.761477528915297
-49.70704586728231  941.5323717487184  26.00468961263782
-50.02850890266089  942.6637989105438  26.272832851889227
-50.42314554384119  944.0083567517781  26.56699733946249
-50.83092378719331  945.6211523720109  26.879835809238077
-51.25526646680226  947.5393323114591  27.228197517767864
-51.69209182097249  949.7679065118137  27.683365641374433
-52.12852031518378  952.3449471072007  28.19763939496651
-52.622709491749134  955.3116431317827  28.83570683785117
-53.29821923523762  958.6987476792834  29.561025400149756
-54.09502679124316  962.5500620926925  30.410363724013717
-55.03899233179827  966.8889908153466  31.35225574979445
-55.90721114565149  971.6996063532882  32.41282076334695
-56.863465999459955  976.9897737590491  33.537372809394505
-57.923404562923814  982.7432850874575  34.92092355583742
-59.15827497888458  989.0126522634791  36.26827007529838
-60.58744112733976  995.7188635348275  37.667425619208956
-62.12467010178245  1002.9295476247627  38.92545735288577
-63.77918072129882  1010.5889777836969  40.56368642657813
-65.44761456152868  1018.8076657867779  42.248640878726086
-67.18021856135428  1027.4816758741931  44.19642679408717
-69.100844259163  1036.5257538255323  46.11094788393576
-71.0393650256409  1045.6908276118702  48.53905641702661
-73.23285939112321  1055.0131126102588  51.106782925044214
-75.38125847485126  1064.703391963579  53.94369986235248
-77.85889433901657  1075.1588327356792  56.69735223530578
-80.23889181122438  1086.473414843365  59.782004290458104
-82.69271800523205  1098.652509970594  62.72840346627339
-84.86987625268092  1111.5091577654346  65.75872784742926
-87.00412948537566  1125.0494009098315  68.41913271272738
-89.1093842366912  1139.212739528113  71.20541069402424
-91.15505034890053  1153.7681028771674  73.84934956386404
-93.00101041611005  1168.9106638813926  76.49430697303978
-94.43480634246978  1184.1600706202425  78.71571572388558
-95.71810166619339  1199.4732847270934  81.10883361469263
-96.83744693879562  1213.9741202042512  83.39540846181329
-97.87164290155867  1227.7985802887683  85.82019949528691
-98.69680853314094  1240.5948774652186  87.98198001796477
-99.1325145477698  1252.2141791631968  90.1934380392054
-99.11851257343231  1262.0747364810659  92.33331714112038
-98.90825693683718  1270.3313679503126  94.06017648817384
-98.47621706159237  1276.8202989185702  95.33597061646891
-98.19565108159658  1281.6492574972954  96.19220044411665
-97.52247352515353  1284.5400675013052  96.40841521613565
-96.6938617723265  1285.6619910435686  95.90426073825193
