-68.87277079083121  923.9538408850811  66.50085820326133
-70.57507497325463  925.9256023238961  66.99294494425304
-72.52887169397562  928.6853729119844  67.51809776049848
-74.75845585723532  932.3175798859603  68.09636792724316
-77.15939253410282  936.8857370341534  68.64596098250745
-79.84896360617495  942.4000941301343  69.46882685222043
-82.58885608309292  948.971955785766  70.23407593334032
-81.9759547843227  956.6169287184997  67.98348486947624
-79.31246113936608  965.922573194314  63.812446226848444
-75.36240759650742  976.4085611078583  58.53131837367411
-77.7772640027455  988.1509141170716  58.75172803975744
-79.81214806403558  999.9404541154388  58.63868437179331
-80.47615938977842  1013.6221289066478  57.335995192224935
-81.95768425452287  1028.7283539301663  56.702844490381025
-83.40396766344873  1044.9943390221479  56.21901858972885
-86.91330467181638  1062.720361261434  57.6511819136107
-89.80917950545025  1081.3904796544793  58.75196729627985
-98.97244043562708  1101.0330953468592  65.25432294309067
-109.94245031635816  1120.2856661518858  73.42157424007388
-113.86815376158758  1140.5137301796008  75.719076497848
-112.50410124260495  1163.5147415742824  73.30595098636289
-113.9468641733285  1187.7571766133883  73.9986794954569
-116.75186862400079  1211.2367137332521  76.52976895785403
-123.93312720614125  1235.157603531551  82.71738499094945
-130.26969470798915  1258.5651707040092  87.11701145980891
-134.96919439660184  1283.5641132695603  90.09032076755402
-132.2303730135077  1308.8850972314701  87.87277945895292
-131.23428724353008  1335.2663248087306  87.17223445438992
-136.10562425847127  1360.1217261931652  91.32792076645688
-147.0307801400125  1383.774804025867  100.48980148839533
-152.59099394401542  1406.594858191099  106.17033024196863
-156.92706857494213  1430.4786138062916  110.59737705127046
-160.33755552012144  1453.0443408781443  114.28615300031015
-164.30829030469533  1474.649480386821  118.54663406855018
-167.13052356047336  1494.672862161028  122.58786323131184
-168.85494711303096  1513.3881944279228  126.3664934491764
-170.01495250915792  1530.505286457526  131.5432838500774
-170.87974112593486  1546.1568580389303  136.19742782492824
-171.05534870166156  1560.2506851840285  139.7230046780055
-170.24966225128236  1572.2745795336796  140.9825585041874
-169.01722271263347  1582.126469205261  142.22450103829686
-167.86239278758376  1589.6282910524283  143.5852919869369
-167.001360322387  1595.252860376791  144.68861300404436
-166.25232647194352  1598.7593606690236  145.65478177643388
-164.89784931822874  1600.200795104648  146.34768610123743
-163.44165270159706  1599.5865470510191  146.89933205086868
