-18.097527531471552  906.8253646876788  59.04154192729691
-18.535906934686523  907.9535779801909  59.64156048980992
-19.190395097670525  909.4698323498628  60.56276173085494
-20.18345122408078  911.6168842365514  61.51731376649704
-21.54806994135306  914.6012178180769  62.67256249754495
-23.128873716157806  918.5537646340451  63.66397117650046
-25.138203489243587  923.4320383773409  65.04053920765091
-27.33316055856322  929.2923109269846  66.42142117238105
-30.241378991174805  936.2546607491248  68.2339409775718
-33.34159271206156  944.6632290631965  70.03166950395615
-36.97881830840012  954.6964554688365  71.76720412975754
-40.445351757430416  966.3613418231853  73.23512987391467
-44.653911040953766  979.420824753916  74.97937483219765
-48.90519222625258  993.8391139822825  76.84889591467474
-53.9154910056373  1009.6460706364271  78.9420364068126
-58.46561004233427  1027.029025833081  80.69863614466966
-63.67823713407604  1045.7414096286113  82.96818777153366
-68.38442855615673  1065.5790056042897  85.40912300873605
-73.91112024555713  1086.1640282105864  88.26976540580334
-79.31388512297018  1107.3951674891246  91.49367234219443
-84.71862013763679  1129.2754920957116  94.55801933411713
-89.25332639954961  1151.8059378785404  97.33649848279808
-93.8618488077338  1174.7514039097814  99.98328482170614
-98.25751008918094  1197.882853697968  102.7744500483274
-103.13101506963392  1220.8578943838909  106.1299168786429
-107.0886875629669  1243.7961102457366  109.00126119569896
-110.66295849113315  1266.7051625144898  111.56752392839668
-113.71922250258109  1290.0586405939835  113.9044377340965
-116.93332421443701  1313.4952826795086  115.9759165356453
-120.167939730094  1337.041211302201  119.60378031531003
-122.8919496876515  1359.79742591699  122.71337785426843
-125.05143589073708  1382.5850028758966  126.64072349127711
-127.04647978443757  1404.9039454210724  128.9710639639809
-128.46321842904464  1427.6053335244585  132.79322375638833
-129.3142055183706  1449.3556773800774  135.35922354081717
-130.74540577315517  1471.0843231398119  138.40838525992353
-125.99903454946813  1491.7790602926648  134.6477805935894
-123.79026819430952  1513.1446299697607  133.71288868535794
-121.64121115179351  1532.1781280383466  133.4845485025198
-125.97672919526212  1550.0999773525828  139.57610543978038
-127.87958788143607  1565.3884648491457  143.46950634914785
-128.30299788325243  1579.9258325628125  145.9019268212994
-128.69081797185046  1592.453510346581  147.75601103726316
-128.84418340498058  1602.8787797686834  149.39576992500133
-129.11773079209772  1611.5143237349757  151.49441439968652
-128.72460849170216  1618.2192857827747  152.7287951681123
-128.0914098179854  1623.1955165244783  153.71757984470162
-127.26526380982705  1626.0765520196865  154.32441405075184
