-46.88779900775599  906.558195749799  51.135163422547905
-47.17791484367014  908.1558303139676  51.47091513939279
-47.59960583997  910.3332951158771  51.8035520527356
-48.200882038167904  913.1117631170124  52.12947488910935
-49.03800958655553  916.5595103137964  52.469428735408755
-50.14102091451494  920.7997455763066  52.85336552989931
-51.50602102785981  925.94109305462  53.40546654331823
-53.17379280088352  932.0715871472014  54.04860196880891
-55.135115920997706  939.1729061511171  54.77857320831807
-57.14192453135143  947.2295902803802  55.422757248219156
-59.40739389945092  956.2099715262032  56.199428937320455
-61.59788202256793  966.1230960199402  57.083224863248105
-63.81863995940644  977.0153688906053  58.17681465323933
-65.78807685422181  988.8519916085309  59.200297488793126
-68.18896872087481  1001.4993147907076  60.33095033635252
-70.42771493206524  1014.8664678544983  61.4991419723692
-73.09906568614203  1028.8338798955353  63.09202572675028
-75.25355626908879  1043.4813278799847  64.70834464718806
-77.91540505779908  1058.814197753657  66.43579427143165
-80.08482108324625  1074.8949985217978  68.27497436926146
-82.39047562854269  1091.7022339881842  70.26453168587508
-84.38984584060235  1109.2296047548948  72.30758065006333
-86.4720237349099  1127.395620362315  74.29567514047744
-88.57934079313755  1146.179806922606  76.32043776463863
-90.44682838505484  1165.4250705687248  78.6785290762895
-92.07188367278091  1185.0705545745907  80.932676539668
-93.2575534283107  1204.9017571478914  83.2502731463921
-94.65214250177424  1224.8619636970159  85.33725120843322
-95.97946609763228  1244.6968566138535  87.69832984192767
-97.37759301069411  1264.3189128252595  90.3209588515888
-98.63473733889903  1283.2513556073263  87.71871126100123
-99.64890029716378  1300.6182182364182  87.33266494491787
-100.56573490577043  1317.9370758724842  87.7841059041086
-101.31681583126995  1334.5701648944178  94.67334605356801
-101.87958173547464  1351.2372284294884  98.84583348627307
-102.33694016982223  1366.241230380017  101.5770883312336
-102.51384614868763  1380.1186772266033  103.52429546501264
-102.5289371926281  1392.826347100376  105.8014549050245
-102.27623138473533  1403.8268060038629  108.34512478013897
-101.82824520391851  1413.1930298925436  110.12799524596035
-101.47766563747398  1420.9865675754254  111.58900140342125
-100.85295244593044  1427.2226472248515  112.5842735061947
-99.8685177330858  1431.9393247246326  113.43806724571748
-98.53707605064301  1434.8674219276645  114.04294660080409
-97.07312263388147  1436.42496141814  114.40367198463724
-95.41363656262683  1436.5752778588394  114.37202696759685
-93.78889567827095  1435.528479144266  114.15996203811878
