-65.05168357379844  860.3742018827013  -3.5108253298595997
-65.15023180815592  860.609158742192  -3.0475632504908656
-64.56882719908998  861.0292449720777  -2.1199490701543526
-66.69971695682305  861.4956476236409  0.9127593277632082
-67.64470926968556  862.0216831429476  2.872770673751578
-68.0204182108074  862.536363295445  3.4440011688762455
-68.48527254800189  863.178499722038  4.501863606218227
-68.7765334305217  863.9297310945186  5.630747713306863
-69.0389253544702  864.7639018598238  6.791921561239515
-68.91116835168584  865.6341048893466  7.660620590424053
-68.54661261193587  866.5811638576465  8.312778080008112
-68.07799316207694  867.6237064279219  8.918037818899597
-67.49303223883632  868.7796347661572  9.514417595484769
-66.76699396487565  870.0164927251119  10.108066830757007
-65.79193191617632  871.321944083273  10.755051489446691
-64.82626598673764  872.7041752325138  11.430020664324521
-63.729603533587856  874.1846004043721  12.101105237364074
-62.65615595502672  875.8028009014284  12.661199289672133
-61.254747794550525  877.4925129183374  13.125827063945554
-59.74728689825988  879.2839791924905  13.656771093094122
-58.10945314602033  881.1883023311427  14.21391341855005
-56.41652004093067  883.2858732184714  12.16507682532824
-54.66502841684852  885.1890873202339  11.155968492573763
-52.786310849576246  887.3112518725844  11.424207892936465
-50.896888106454455  889.4257167418654  14.38881393406033
-48.95592669497878  891.9503551855372  16.234199445431106
-47.11035376359858  894.4112280423366  17.11545232379124
-45.23893497893208  896.9829248953198  18.467055011099113
-43.38302229919252  899.5847458422054  20.150701888414783
-41.341864480394555  902.206731338408  18.97325073159957
-39.401507027137065  904.5551769129758  18.614690128166977
-37.513337193656845  907.1907458789058  19.38441727600896
-35.81486999741413  909.8525818584769  22.990912426286172
-33.97304612472439  912.8458064788715  25.34006905630956
-32.09841897791587  915.5729453084548  26.264036577296405
-30.104944290106037  918.3061520547105  27.27208993300851
-28.142307947977155  920.9556401974274  28.5725751586137
-26.250081667267196  923.4978269872427  30.030188018939292
-24.39216287599883  925.8775526283383  31.176055843020933
-22.69786371990814  928.1514683970217  32.165113753859856
-21.039384312657173  930.3157512830927  33.155909150930285
-19.456548452976065  932.4039474366405  34.19254442817051
-18.054592028600926  934.352084591542  35.191381399365106
-16.763581217517643  936.1441367920794  36.128054321918334
-15.637500647707494  937.761104812547  37.19774475678051
-14.600978957432414  939.2759418644877  38.27847400714559
-13.69069919115432  940.7825381871621  39.24255923917251
-12.9129861459266  942.2954670309774  39.98522771554776
-12.176805979342308  943.7690298359068  40.50416138007059
-11.417161265195391  945.1309339663852  40.86570851233962
-10.751597292381378  946.4142538606148  41.143035294284516
-10.183698871749998  947.6706103601309  41.38710258017688
-9.819463144324457  948.9996118817518  41.54260462280242
-9.599041356624191  950.4381937380987  41.57804942370926
-9.443012716284427  952.0678879758726  41.53679417916409
-9.725683722670556  953.6293403520585  41.53855638751714
-10.419499976456704  954.935125225989  41.60382233667122
-11.754625364545042  955.8906733342213  41.71428993123302
-13.242704642072615  956.63999789078  41.86552471978684
