-41.9690138724341  942.6339890191028  47.585246430582565
-42.059941326776354  943.1796848544082  47.589588184273694
-42.277277767130386  943.9215985453517  47.59983066984394
-42.65242804690263  944.9155513235924  47.942536316901574
-43.24534845812403  946.265003614838  48.419868143197
-43.92573118392094  948.0456934196616  49.17028296809984
-44.692115222856785  950.3665739697315  49.7489497852895
-45.53682158486684  953.2056513591469  50.73722873541647
-46.64065356208391  956.6019454608713  51.747830493613044
-48.027411626481566  960.5264122280311  53.128898765701976
-49.650594147526256  965.0868145546802  54.419631843515106
-51.300479267976925  970.3415971965577  56.08534182794202
-53.07265152361694  976.3827300999109  57.694173333273575
-55.054109265960705  983.1952999425064  59.526557783005714
-57.3288601039453  990.7828067527107  61.305001319179794
-59.57207316362827  999.1457310682957  63.11707301336452
-62.04979454064102  1008.2784081324976  64.89466515959569
-64.63755782472403  1018.1187594994901  66.6664537010524
-67.48544498736241  1028.6181006744375  68.40043162202477
-70.01140045253763  1039.7563132659288  69.93284810190215
-72.67482149611166  1051.4856140800812  71.37867226224243
-75.1504136626721  1063.8149744565544  72.89602004335218
-78.10266780292596  1076.6865327470616  74.62174440382174
-80.55187617520122  1090.171054403008  76.2541275541679
-83.03912538618107  1104.1790611190793  78.1035387956858
-85.1286440028865  1118.751867100723  79.70320163240875
-87.84529906623337  1133.8030362283032  81.62482792867955
-90.40705192917852  1149.4282564497719  83.30455091434547
-93.27454081996008  1165.5591344126105  85.60872972816094
-95.65138452555495  1182.2097944138109  88.14987474991007
-98.16244066797667  1199.3061735756523  90.9806851191881
-100.24010650111296  1216.8080868850188  93.7638573050355
-102.1433868054729  1234.579730717108  96.83631722708002
-103.8377711650097  1252.489840000525  99.70086989117183
-100.1218732081409  1270.5293156990144  102.13105366154818
-97.87577591846414  1289.2266683596647  103.45639477550296
-91.46821276227509  1307.3285302076665  104.29382785754231
-92.31432338867035  1325.5955981229972  106.01624230160567
-86.87469719594502  1342.2879190487336  103.58752412342136
-87.50444031699945  1359.8178539297596  103.53645774620254
-87.23694426420052  1375.8153087086025  104.78662263178435
-91.77747627421444  1391.75473875222  110.65221930131955
-94.96280190851934  1406.3557523202892  114.74947763804168
-96.65935432115671  1420.6635965949506  116.64724705509616
-98.4384871356363  1434.3128812882278  118.98634179655552
-99.54034298796591  1446.8916097080364  121.82176355284966
-100.76534907843659  1458.6399098329657  124.72173616798281
-101.33995567896436  1469.2486312180588  126.95202077631572
-101.66220552526997  1478.63409108028  128.65605304359997
-101.92316067578415  1486.607946640946  130.163040354663
-102.21303986830263  1493.3028423100359  131.76651845567642
-102.21156510334471  1498.478896385286  132.73092320915475
-101.93178960645822  1502.0921009543258  133.27889752680122
-101.58192634739495  1503.7469346713592  133.4712250893619
