-44.786637928778674  921.3577227393585  56.29873069857372
-45.180186802358264  922.2154094381366  57.00913224102505
-45.86813481999358  923.6846209577343  57.73166170637423
-46.873411243001  925.8248603494646  58.76467847915152
-48.16808440966109  928.7400105542135  59.74280367583174
-49.56384452547407  932.4400767548634  60.96012947511954
-51.318932475061  936.9897960068016  62.26589794718775
-53.19021468414885  942.4655230778848  63.67461341045811
-55.58024816716825  948.9579170929036  65.16349912346858
-57.73361140768916  956.4752179358334  66.57920820400821
-60.43114115744267  964.8862326085359  68.24346714503028
-63.032941611438744  974.1744358402449  69.9152241037691
-66.25731912848595  984.3854533194254  71.66757974834178
-69.3982396840281  995.5664070996179  73.51288266557724
-72.84658674863557  1007.6770183504573  75.55990560834083
-76.05672854125388  1020.6884059022851  77.5842891588824
-79.56698646423028  1034.5805775640038  79.83346178561392
-83.37600857082921  1049.3414577794738  82.47991562084452
-87.40904000112212  1064.9053208369796  85.40938347990736
-91.03847129075888  1081.17637255415  88.22632383169862
-94.7277206085243  1097.9077918296116  91.37809298461835
-98.16945586693308  1115.0838900705273  94.70297346283535
-102.30666454227095  1132.6601291338427  98.64505242248804
-106.37041653870115  1150.888013053139  102.25005077269347
-110.57689985589855  1169.631612080159  106.18462793429174
-114.75397967654101  1188.67040452091  110.85031594711586
-118.6708820600431  1207.8636436073223  115.42981694242806
-117.78851358418186  1227.5929752994216  116.57466862737714
-110.9144112144207  1248.726206070119  112.98741377798828
-102.78749461138565  1270.7389051972416  108.57563646615014
-98.11716233082153  1292.5196668368767  105.24432381388243
-97.29051666260659  1313.8051996263723  108.94572106285327
-94.97893892542704  1333.5658191287537  109.8622341482189
-97.6041333430827  1355.0794746074205  115.09878193598038
-98.25461060916544  1375.2229206745833  113.87495350455751
-104.62940373388791  1397.562722609251  118.8496582212725
-103.28624559677121  1417.1530795807978  118.0070583156533
-108.35173399479177  1439.0389395751008  122.97080449398183
-113.86663775346237  1458.5715671308942  128.94178019247562
-123.33577561725983  1479.0772411963283  138.54789330217426
-130.25466271202163  1498.1270187615464  145.77363869069467
-133.56005633428833  1518.1306307805835  149.18876093687246
-137.17771642647799  1538.1897621805565  152.92610048327487
-140.34559548043876  1557.9048775062386  156.4392927163115
-143.12630894631081  1577.3305413031565  159.932308344291
-144.8403762374422  1596.12819131651  163.60410475580557
-145.81934230311975  1614.4504628858808  167.15616902956944
-146.2769130492237  1632.3105918990427  171.04986254115656
-146.3027938770669  1649.5350956138534  173.57335467339178
-146.19850180164542  1666.3693978773053  175.5671346055268
-145.63383840856224  1682.379829949074  177.06553616943125
-145.12345117995227  1697.6910097781447  178.84388572113446
-143.9711385395563  1711.9093656396776  180.5258099950801
-142.67920547584788  1725.1678498572571  181.95852639557054
-141.3738988006955  1737.2866816376825  183.52533286084287
-140.41934217557676  1748.3597421077297  185.2819413927574
-139.5491032714536  1758.3289186275615  186.91167017067315
-138.42110915789127  1767.0818509837386  188.12049197686548
-137.24898111018314  1774.4900897767461  188.7953559745887
-136.25742868947503  1780.6693072666822  189.40789904696598
-135.38685992557248  1785.617266720307  190.20343544523132
-134.55440901932192  1789.1300166718793  190.29364688929059
-133.47920473780547  1791.336478927419  190.56651757286775
-132.68479793529477  1791.9378699203792  189.67475256924303
