-47.670756876603875  915.6197536262999  39.57552206044901
-47.70635271200776  915.5759685815176  39.968679129449534
-47.75010466958906  915.7225943411621  40.39576530160608
-47.81289198785237  916.0722760999314  40.886364602609405
-47.868618875837285  916.6498203425375  41.343677026123906
-47.94841251523629  917.5024178739311  41.881564390029745
-48.120717470065344  918.681753404885  42.45472580622734
-48.48161306482255  920.264857757806  43.18981801582456
-48.993785489226724  922.3547906848863  43.971801730101866
-49.68846867689853  925.0609537580058  44.899743246038426
-50.494954527031176  928.4955329349392  45.92465902352774
-51.46269140350554  932.6961923175653  47.02866560271499
-52.59635339518556  937.6495571816503  48.333704952275944
-54.06841306148094  943.4071071096308  49.58691569433236
-55.87951063301272  950.0219641627239  50.95984256486118
-57.87740875252699  957.6165979633138  52.10876447971403
-59.902725405713966  966.1474410918604  53.47908903673731
-62.31607328099002  975.5978959386473  54.9719673409901
-64.78865001671556  985.9223632832719  56.61022051457937
-67.75253063611991  997.0840328049771  58.300977117110236
-70.43932838650831  1009.0454913852589  59.974883686141375
-73.56413596575597  1021.7439030630019  61.6843072744448
-76.28648266076121  1035.1650983093946  63.33725692915823
-79.46627108323261  1049.176636105738  65.15022512767925
-82.20715034154726  1063.7721577085465  66.92018751681674
-85.43099130472568  1078.8879108214926  68.83662444178005
-88.19307816950284  1094.5846007510215  70.53362428623488
-91.16663669497119  1110.7864879620242  72.19816810020865
-93.83593469924745  1127.5218866686027  73.63183912158995
-96.5165676512493  1144.642742988961  75.51967424582878
-99.09611731496207  1162.1315911490128  77.34377264945527
-101.52171681624161  1179.8290886899526  79.0465726754147
-103.92539414708395  1197.853974682319  80.66673284906217
-106.18326320359805  1215.866085522356  82.83706506766885
-108.29499176664186  1233.837510379075  84.76820481092872
-104.99483428106593  1251.6792188028394  85.78647725656622
-103.79113927682891  1270.0040722595677  86.57983464495508
-98.29863145940234  1287.5549577057695  83.98095529739763
-100.21110631094213  1305.246843083701  83.95621368156455
-102.39492569936014  1321.299612778869  85.96451194580153
-108.33059994094994  1337.3644505788434  91.82539868141062
-112.09974627343543  1352.1404670508439  96.00168553139116
-113.16949089801125  1366.8510038997533  97.86764001719567
-115.01828457783736  1380.8945471740012  100.09563060717042
-116.85720686119927  1394.1268726852886  102.19666522287116
-118.72130091267915  1406.4543426735913  104.36882750750486
-119.9887873622703  1417.7753041854348  106.13943486076667
-120.96367316243716  1428.1603213272585  107.67019602693861
-121.77958815252167  1437.5199735056967  108.99151615315645
-122.43370164623218  1445.887201797159  110.33711965890471
-122.83629376779881  1453.3018804361427  111.50363849465892
-122.95548551140752  1459.9055976564614  112.63853588367817
-123.02674653004966  1465.6816593403398  113.4828944490421
-123.03634820100123  1470.6706703419752  114.23112097055505
-123.09077195706116  1474.8864449465098  114.80138743210487
-122.8405957459148  1478.3686128401787  115.3542540287549
-122.4064997431793  1481.1417231406833  115.5302594080169
-121.91899777215077  1483.2109138262108  115.66275094230923
-121.5563366774134  1484.4689331369448  115.59676612896762
-121.24061148696492  1485.0567784863158  115.14349208626919
-120.85400767820289  1484.8479201787918  114.53735407428972
