-56.20347628196974  937.6034057487693  73.65943521513215
-56.428301131023076  939.59250414549  73.82494767077654
-56.85051735913976  942.2223507152878  74.05813190357333
-57.362022004753406  945.6394334040868  74.39112509436224
-58.072306574835366  949.9312398751956  74.80364952953093
-58.66486891896516  955.1592879861038  75.2047223016719
-59.552320623589594  961.3230407657705  75.71239281248937
-60.46435906016042  968.3901440933055  76.28409495520347
-61.579263522788  976.3412245155578  76.87457408665723
-62.44350871254231  985.0492546544916  77.3688215856941
-63.47073860475569  994.4093440019037  77.97949071771451
-64.4859344404795  1004.2381260038786  78.60740658221982
-65.54391148009074  1014.4189741586421  79.27859617843615
-66.37883828258204  1024.7439654168093  79.96769320634023
-67.30651087755628  1035.0204205294656  80.75387222130061
-68.28250233568303  1045.0854162638373  81.66129742575141
-69.26571967704895  1054.811900296579  82.56074076425602
-70.03469020662013  1064.0659720831666  83.32495991201056
-70.69755029743631  1072.6989218237322  84.02020553495736
-71.33537167429309  1080.5416913745976  84.56093577915951
-71.86090727388519  1087.579337730239  85.14030795045436
-72.29730639116046  1093.8250404135392  85.48759194182347
-72.60509910542439  1099.421970428159  85.65865676089442
-72.83340459277493  1104.2752827212832  85.70589945294239
-73.00291025469225  1108.4105715834773  85.64992623565927
-73.08888357724216  1111.8779941095872  85.58514716772174
-73.13395161516176  1114.8359636570058  85.34595644488017
-73.12457614316193  1117.2961103124392  85.08394300776224
-73.07827002287914  1119.230915297974  84.69611928862074
-72.83122132664215  1120.6591943700605  84.30577939308053
-72.52312708563589  1121.6149097183834  83.95526960025818
-72.11829064918511  1122.1428491694828  83.68483390432523
