-51.681105044404745  925.0731278896399  75.48785698592752
-52.253222047288126  927.7723853206809  75.90147561101571
-53.088368835084054  931.121186634407  76.458392223664
-54.27892064696711  935.1669094973232  77.1207421960651
-55.53656176441714  939.9330544293418  77.85661215562487
-57.11641704227014  945.3664304714241  78.74789877153717
-58.92037504200333  951.4464845441471  79.72239624473835
-61.17184491634272  958.1987706970805  80.94484294895368
-63.39453217650005  965.7113487049147  82.0815581646149
-65.93090374269167  973.9837111058637  83.30669128568363
-68.33210573997599  982.9969931904287  84.36435655194097
-71.12207432718922  992.7022510303043  85.48195989949143
-73.64874011283746  1003.097496841074  86.51345923133557
-76.4980415123993  1014.1380126090731  87.62617614163332
-79.02282230438671  1025.752420597093  88.82457138876062
-81.8671044995986  1037.8787092834966  89.93318252664524
-84.46336946955141  1050.38136129513  90.96753664848328
-87.2447443623467  1063.0767875782333  92.14055124210725
-90.02087901853534  1075.6708989203782  93.3333670559537
-92.84024870680234  1087.9823097092913  94.56813042024376
-95.53758825710429  1099.7670833483162  95.59832929917916
-97.84736997679252  1110.9834551064187  96.67734245824589
-100.15366629019763  1121.4855793328297  97.75661818446623
-102.31530903117901  1131.367790802154  98.7602409272611
-104.52144528275947  1140.507077287376  99.61921703617452
-106.39107860475411  1148.930485734637  100.37415786316586
-108.09105739821035  1156.486123532927  101.02844518366419
-109.57489707588758  1163.2995070862405  101.62045739934149
-110.88445342409881  1169.3431105554168  102.0798904262009
-112.01695647321378  1174.7695880245747  102.48236505106837
-112.83739287202057  1179.5200643667245  102.7208815216801
-113.4706959054289  1183.7465116957355  102.92399096336938
-113.95543696883121  1187.4742477160864  103.02629699833253
-114.29749570544917  1190.8916527948172  103.0844739794564
-114.50082224061795  1194.0019580747423  103.03602356423835
-114.54081108654347  1196.9678418310134  102.9539540033846
-114.54594086335882  1199.8470765140491  102.84290900109767
-114.57639148310007  1202.8446721163386  102.8430004745637
-114.59120142238368  1205.97985016637  102.80320489346758
-114.5064171370005  1209.410562337814  102.8223057499065
-114.41461399904831  1213.1581878706982  102.78168555436501
-114.29556311311143  1217.3901061256588  102.81097988886256
-114.3288127693305  1222.15174732711  102.89241582014567
-114.3278351176093  1227.5307817284563  103.15037023834343
-114.5534154232625  1233.5796231737172  103.59826090645291
-114.96755958404526  1240.284543278205  104.0624834260212
-115.47722809466987  1247.8919502041435  104.42079315997823
-111.30131299861469  1256.2317057139542  101.19701469386769
-109.14930446477521  1266.1640630123097  100.15435699058293
-103.24781866442095  1276.067873172791  95.55110717836287
-104.48963396019074  1287.6140169226755  96.3657271342266
-99.75656895252143  1298.3497386282343  92.23549005868978
-101.39067521990913  1310.8525246812455  94.33006871399749
-96.79133464014906  1321.936164552157  91.63313042549808
-98.85111160835984  1334.3991272446378  94.32764045935465
-101.99193778494596  1345.1355965036187  97.75035123275988
-109.08298135483724  1356.0181814512366  104.54431273921716
-114.37181257602516  1365.517986804112  109.81810044635341
-116.59926349553967  1375.0709195694703  112.49652566289791
-119.5836083524635  1384.0996514466344  115.78444381757288
-122.39918419547644  1392.374691971884  119.01569798735015
-125.12775874679275  1400.0417789054172  122.09238258167393
-127.3175709207872  1407.0091910871897  124.70159006198102
-129.00421571388245  1413.4619666225747  126.77607063893447
-130.5311247411753  1419.3407100042125  128.73196532343906
-131.87212866476426  1424.6268798239098  130.41899801167233
-133.03081328592526  1429.3601408054128  131.8829692647126
-134.0823208845668  1433.5744735429125  133.29700822509244
-134.97547189566427  1437.3012713498779  134.39339408923138
-135.8732600511995  1440.6393844407908  135.48268506739348
-136.5902744063588  1443.5312562453628  136.12453030882529
-137.2616800947612  1446.1980032980443  136.6165207522194
-137.81311030621728  1448.6018236096234  136.94561164128277
-132.94610347659935  1450.8913673679624  132.74200985736906
-130.14672404555412  1453.1609106202231  130.21098695338625
-128.2221759805174  1455.4527138926521  129.38300656413534
-132.69651721195518  1458.0316085985633  132.8650533460491
-129.3474190564384  1460.9880655111278  134.4824610452778
-127.17119375263306  1465.5729332488163  134.0777184707772
-119.69793783401227  1470.0272414839228  129.34264410995323
-121.06859739350702  1476.2955703418852  126.99895603577407
-121.58781023809948  1481.5405148980394  127.07749096972894
-127.64310156949253  1488.526540685474  132.0411186101889
-130.89020923518677  1495.3285500822672  135.0997210245528
-133.59644484628726  1503.9699271864486  136.26793884377474
-135.71100369157162  1513.308450399264  137.94847318550242
-138.39953283820472  1523.4980229064367  140.06819282921848
-140.64801609290538  1534.0783864074863  142.05957868665467
-143.04172812317572  1545.586554622738  144.27486275871289
-145.0898655915962  1557.3207551902967  146.9801604754829
-147.16367886347078  1569.7894586907778  150.4437050544464
-148.6533713263644  1582.2528597272171  153.41432810056443
-149.91898329558748  1595.1731893298145  155.77551625948269
-150.90867340002433  1607.5508271951055  158.49966595608618
-152.0359978096304  1619.5944987666514  161.97100198075782
-153.15456183688468  1630.8645167136958  166.1558496689172
-154.1799459585614  1641.7247864665605  169.78189649572604
-154.81861028758607  1651.6839648089785  173.37047379512126
-155.05022491158584  1660.736299243874  176.47138348707605
-155.08958010053104  1668.70972074997  179.6879719284498
-154.96429788689363  1675.7113734978848  182.4117344219113
-154.35433114314475  1681.7121243459085  184.84566876603557
-153.78688179121767  1686.845166580827  186.96181467482424
-152.6644682291716  1691.052266802308  188.72513228478715
-151.69407864386986  1694.3293314971122  190.29516963450104
-150.2250522117872  1696.5913703405051  191.56835622275742
-149.05360525239888  1697.8116824458327  192.4691826978632
-147.58082701605565  1698.031964708323  193.13598443934163
-146.36912891916043  1697.27496447426  193.5905631599063
-145.414339630409  1695.643114183254  193.9505007692962
