-36.85432317453432  912.2632078805051  62.84067760453678
-37.37556253061039  913.3384827333596  63.345543339479036
-38.090331611198295  914.9799015545908  64.15142676494393
-39.10001710993035  917.4302964743042  64.96481900467273
-40.31523127106662  920.8659681397705  65.91192506719476
-41.9122478371675  925.4799683478163  66.8110613476034
-43.863616544996646  931.31442465623  68.01471044048674
-46.33860854679493  938.496019896589  69.46033920311271
-49.31559866374451  947.1518996893387  71.3107377578838
-52.70858260797127  957.571917591218  73.20315435203517
-56.179171900084356  969.9262775226489  75.13620251264024
-60.450477532948966  984.3360549195031  77.37405678326982
-64.729277406443  1000.9078587024123  79.70110257611772
-70.102583138899  1019.4451885531402  82.02402049774334
-74.97300807329333  1040.400162161115  83.85505721522578
-81.00580350645859  1063.0448052323525  86.7213188231246
-87.05452495725537  1087.9013086960654  90.81248873693515
-93.37523213529366  1114.2487279181355  94.70313948114332
-99.3151939764  1142.770686570101  97.84246121927153
-104.6371028310876  1172.6820488222213  100.13705380946254
-110.0938771758119  1203.7176221548593  105.11534588374215
-114.04586950948105  1235.429124270173  108.99086426631935
-118.34976539100926  1268.7014012169363  113.58995589499236
-121.18272720422371  1302.3145603792866  116.99603794672349
-124.77093081082668  1336.2912696054348  121.92431566265499
-127.35427340985657  1369.2986972033361  126.62883870680403
-130.1474587398934  1401.7638940843958  134.64433905968679
-132.27878731556996  1433.8106403111735  135.47477934635774
-134.04749064207755  1466.6725701979533  138.86791899652837
-135.44352323977802  1497.8865339252866  141.395057877754
-136.32589604339694  1527.8023419652682  150.90248971714135
-136.3880301225895  1554.7381850605097  157.77055749968355
-135.57713717042648  1581.504158932524  161.2554685546831
-134.27754340228356  1606.201873760193  165.6645809557238
-132.8458137473093  1629.2262367054725  170.5014155756232
-131.01832881075072  1649.8533370529958  175.84901278785688
-128.85596165666993  1668.7091364389617  180.0294119216963
-126.63687559843  1685.3269428612682  183.51342872444792
-124.89231040193044  1699.6779033523615  186.0596631206685
-123.31027752688631  1711.7959320513824  188.2815724537866
-121.64621674933342  1721.3278189696211  189.798355813557
-119.90420649165627  1728.7403292091994  191.49606994176952
-118.09189709602954  1733.3452283054792  192.12885719427868
-116.4495666582295  1735.9991764860054  192.43717028425755
