-45.84212323324788  931.3879651341304  55.24543121428354
-46.25474338867377  930.7299609338114  55.48263970677901
-46.7073480388349  930.2198112320485  55.74009721805454
-47.210197788761725  929.9637340971805  56.062749816849184
-47.85948432230019  930.0633541617791  56.408557455602036
-48.73890334647731  930.7286144448688  56.965383926446044
-49.85358311063098  932.1163893587111  57.535829265466354
-51.134522950875635  934.4629491618235  58.29724421030227
-52.69074831488073  937.9883526530454  59.01535870933324
-54.4969526306456  942.8256649725284  59.92985394589374
-56.79594904418878  948.995218823872  60.944240382180205
-59.44325075640272  956.5350206212474  62.230223814146974
-62.45706058712418  965.5075857790646  63.77543088273205
-65.43279854165525  976.0566303562198  65.42707459178578
-69.06362619500206  988.2329525691165  67.38152720209234
-73.25684551554663  1002.11387601869  69.64391010911717
-77.84589569946635  1017.6572456680423  72.20106944998429
-81.9137521923493  1034.7219487988916  74.84954140446395
-86.28756726800245  1052.92033167637  77.26928390718044
-90.46317710879585  1072.5545318413888  79.59411057160479
-94.88704722302008  1093.2712167504228  82.33345536779385
-98.77469868645426  1115.9275843418895  85.77790633762842
-103.38106280982774  1139.9207266761202  89.92501719858394
-108.26971538701255  1165.508936410774  94.30194167284893
-113.05805765188882  1191.9244745025744  97.8466445185575
-117.53997646977543  1219.4037798352226  101.71801907442659
-121.53471762561985  1247.6487002208228  104.67856094400568
-125.15583624301554  1277.0545522056893  109.07691659792783
-128.009595422164  1306.7231053968853  112.88304906190831
-130.44211855155797  1336.9331640201494  117.12450607929075
-132.6855049140166  1366.3589127098462  122.7425293212574
-135.00605971954676  1395.6801168191744  128.57234275054876
-131.34992541878762  1424.4221313939681  128.70410378886663
-130.16004772200912  1454.335291292503  128.22228384398397
-129.26269983761475  1482.5689145294552  129.34483819174343
-134.76616268587185  1509.5450833431182  136.64615701830002
-137.16877812610377  1534.0417546722772  142.53597632418033
-138.3995785987984  1557.8566094039152  146.8603642708843
-138.82868649629972  1580.5356816551587  151.7578099561365
-139.35650196808606  1601.3278679504906  156.94237884515556
-139.30045098439498  1620.76167462812  162.2004351768321
-138.5604695217104  1638.2628235387451  166.8451624466486
-137.0111309461612  1653.6241946470539  171.35504758695714
-135.73335498958153  1666.461811552446  175.3073073764662
-134.50159105124177  1677.116377789607  178.71478611650744
-133.60997218663624  1685.5521165194964  181.13786030667646
-132.6788635869164  1691.7653655059185  183.32279008853197
