-18.5334009861451  945.0722002553883  56.68839366513201
-18.43102656985196  944.9706034304188  56.617981227520346
-18.420120743861624  945.0499781540245  56.65129808621695
-18.502333443228444  945.261447591704  56.738757187981236
-18.61029626905406  945.6499012446799  56.80402564833404
-18.77099612651765  946.2059638345269  56.938347164398074
-19.056136769064214  946.9852655319193  57.20294278930633
-19.54411391896575  947.9664570446068  57.845457484529575
-20.260996690853766  949.2893981559296  58.542101034318655
-21.128301721806928  951.0207332264578  59.47306064011084
-22.06510915340104  953.29265222418  60.27367288908293
-23.28038765676146  956.0540995228866  61.53125310466854
-24.785961892723616  959.3951525217576  62.74160826908883
-26.72444838944335  963.3781919564015  64.27558324215872
-28.854668976767048  968.1699086814604  65.57118626813873
-31.359656758637065  973.7803656133358  67.24670559664222
-34.23471683429157  980.3437422869802  68.74791043508712
-37.28945523148283  987.8799201324919  70.38526972638945
-40.79394477382774  996.4454035838337  71.80504940855204
-44.301849571875785  1005.9519425372627  73.1693730543512
-48.439921271264375  1016.2622092692379  74.62492877762776
-52.46655721034279  1027.5061647262257  75.99267680025093
-56.62759688234919  1039.6385050311314  77.40586372089642
-60.54054483870748  1052.6359656434613  78.6198889702098
-64.40678484681744  1066.221985900915  79.63098772791702
-68.08871538118515  1080.3124913213712  80.67199246836275
-71.99823676992526  1094.8031015778881  81.45182332032961
-75.57292496487307  1109.6777811843458  82.34907320565193
-79.56395060018855  1124.7456657034975  82.95328436390264
-82.90633357037368  1140.046640711002  83.62286908694236
-86.58741391081821  1155.4074475622633  83.6552455312346
-89.58445747702235  1171.0453045923746  83.91549405130061
-92.57809069040948  1186.6143799691854  84.34207532821887
-95.12166640610154  1202.0201423172905  85.08811831131317
-98.01121588184067  1216.9124393940144  85.53330041362621
-100.69428554577404  1231.1221142293912  85.65136807946168
-103.06411075014351  1244.4086850627823  85.88306839799006
-104.82434490928365  1256.610545121583  85.99456506632625
-106.50589418664293  1267.9001282656327  86.10059915858966
-108.0834645342106  1278.2550640091754  85.97138595199922
-109.43088342825685  1287.7276795860707  85.97482448804584
-110.43108441356719  1296.2069377556554  85.74149764849388
-111.20862424649516  1303.8492818422646  85.67635435949434
-111.86087385114658  1310.58714893235  85.2929040484841
-112.42045255920955  1316.6164515156895  85.05865898589279
-112.87030356233441  1321.854699954004  84.59082234071542
-113.23757732909411  1326.4890149999956  84.3257886850921
-113.51690894353497  1330.4507871555381  83.92009080856336
-113.71349578066494  1333.9083190696972  83.64756086164525
-113.84148227185474  1336.8906903368654  83.2295557742645
-113.9198259859354  1339.4760076895125  82.95371740329803
-113.96768003888552  1341.706821156451  82.56103523886436
-114.00253412760945  1343.597012551008  82.33057072195766
-114.01780727561876  1345.237023537942  81.97424741806785
-114.03396433748799  1346.6291405027223  81.78038809108861
-114.04871209569214  1347.8326049765797  81.46880255742558
-114.07783535941172  1348.8569343249628  81.31164091505852
-114.11990414947748  1349.7573070647768  81.05865535626629
-114.17816165221102  1350.5472700508728  80.98783836389661
-114.26538907428503  1351.2344883649894  80.87292375879609
-114.37956591638466  1351.8372693477727  80.98971160559495
-114.55060264397123  1352.3686398941718  81.13727655578383
-114.76574417954119  1352.898690590323  81.41035485397035
-115.15684668329914  1353.441394781016  81.83524590023126
-115.60439106218516  1354.0864478722842  82.58083558429706
-116.17762631067266  1354.933030310696  83.4054796874847
-116.83102510995866  1356.1116629310613  84.2568449477209
-117.57482166820711  1357.8439033106727  85.04767049671302
-118.50563135429034  1360.1670424007161  86.22115120205586
-119.65141568816424  1363.191660853179  87.97933811478393
-120.93955126641163  1366.9956999757908  89.8824950560948
-122.44412313587901  1371.7392586839273  91.65282760217106
-123.73618163911905  1377.540858153036  93.08475530897732
-125.15168538548302  1384.359865008331  94.53156841051036
-126.45404213938211  1392.199380334283  96.04116306156719
-127.97100982078433  1401.071070269421  97.2495318049151
-129.53604214008095  1410.8944290561246  98.73460858601763
-131.05497451560618  1421.4324128526493  100.56054370899845
-132.52914800016705  1432.6011321901012  102.45165163400111
-133.75225020200259  1444.5722155878225  104.81678672443743
-134.88552839733015  1457.129282494515  107.04283624479622
-135.66012431314834  1470.3333340226518  109.21753383103137
-136.2104814597818  1483.8883846434674  110.34830886165807
-136.71881326530374  1498.5996686173196  112.33189606824054
-137.3320325171958  1512.6188106707223  115.73235709127046
-137.85203077534499  1526.4449600560847  121.4830146371246
-137.96853294759683  1539.6639947512808  125.27035693616563
-138.1145412144029  1554.1600898423594  128.0721982618074
-138.40185727748053  1568.7929404922206  129.08037443682608
-138.64917356025262  1583.1911244765834  131.87044985789927
-138.48400806563473  1596.7341137023163  135.31373864122787
-137.71811116442095  1610.2276329080953  139.19811789174076
-137.17720953527396  1623.2093251776969  143.76412426118767
-136.65810776288285  1635.503142094614  148.4665206361102
-136.45672907355814  1646.4367547949132  153.17188891102072
-135.87464163772134  1656.1500210847046  156.8281400426609
-134.86392114673217  1664.4096845075028  159.91302021784003
-133.63796614452104  1671.2963159574288  162.66003863360245
-132.13338822067695  1676.6088898048956  165.1444804301543
-130.80692077790118  1680.335870768681  167.2645047794098
-129.40837849094407  1682.4465977654017  169.1723689504584
