-56.522725565014824  947.6633503578677  73.84713176061504
-56.69529771525674  948.2212225114017  74.94802824299899
-57.153764975963114  949.2321553314689  76.1290387718371
-57.861476831114295  950.771629589077  77.68832204141086
-58.96946370561242  953.0036206760341  79.06301025092989
-60.278301724120176  955.9486785582311  80.68686375847399
-61.89900911900834  959.7150095832766  82.26893613320635
-63.7351304194773  964.3255392172609  84.18162174448226
-65.97490234991656  969.9550797029849  86.13080199106291
-68.48936341476686  976.7076009672235  88.09195023476943
-71.54178362841115  984.6728885036221  90.25399348274937
-74.64617699144753  993.921327246796  92.39179357328379
-78.62935210050243  1004.4499294547359  94.93738762829346
-82.46197931063058  1016.4353282344202  97.05788711376987
-87.20695068071981  1029.7432718008497  99.59266525410823
-91.48728033896393  1044.398805655053  101.98844838152559
-96.67749992778303  1060.1491827989819  105.13198149387262
-101.74828529482498  1077.068727243005  108.51136873394621
-106.61521069411532  1095.1101769665388  111.69583574715281
-110.47719961705087  1114.5513080580536  114.27047432632567
-115.32747698409227  1134.8466500902039  117.64113296035286
-120.5159715647333  1155.988418144598  121.69654165770628
-125.40872551935209  1177.6298350627999  125.82843230318548
-129.26263992241797  1200.3293985402743  129.38528931184038
-127.75322132595579  1223.446801236991  128.6236501011763
-128.87504728956893  1248.3364128843582  130.42348161990765
-130.07526332775353  1272.1055707336277  132.4116999757895
-130.35502161063104  1296.3830523072565  134.58900508976865
-124.6434085282909  1320.6981794628134  130.22631526621655
-120.93817393215004  1346.758202078131  128.88716342457607
-124.3051401719868  1371.4948521832735  136.09357817203232
-131.09176698932032  1394.773232095638  148.43619524104787
-134.79493149389114  1417.1510522658891  156.25959027420518
-136.67789162773616  1440.8219272607184  159.97530873475972
-138.48564865188555  1463.7949332354563  163.68973557457767
-140.01746674185247  1486.1583996301217  168.68091271832785
-141.0149856880857  1506.8723305609778  173.31442609911477
-141.50105365043137  1526.8496678691454  177.25857355012312
-141.7377101699989  1545.4114073195524  181.07780645961287
-142.10316811278173  1562.8558923269068  184.99569805021954
-142.1058349203938  1578.648999713338  189.1960396096748
-141.58419594271146  1593.1122122237398  192.75757297109314
-140.90806659953967  1605.9771224315855  195.79769695509046
-140.1220669681782  1617.3273417518903  198.09653644321136
-139.1864190679506  1627.1180523059327  200.28829644116115
-138.14924918734673  1635.3843941783107  202.13504811502887
-136.80520347071584  1642.3506809864323  203.26242261569814
-135.73416066171637  1647.786320831769  204.01078007127373
-134.65184804448847  1651.719423756792  204.50059483579665
-133.80860317902724  1653.9075465074047  205.15771838486984
-133.13585431791182  1654.8252707825886  205.46646050283343
-132.13603152173246  1654.2903428581233  205.38339392630897
-131.13252924685955  1652.6959505920845  204.75630284013533
