-86.88766283455114  988.0096733610657  -18.879095744891018
-85.7878139699846  988.5878340896402  -17.635594157101366
-84.54198498327918  989.3426915477852  -16.554467010659224
-83.28681081610085  990.3219012749051  -15.138023878159213
-81.86960698071435  991.6245954744329  -13.585107856345639
-80.41935182307876  993.2171432184786  -11.585040209644559
-78.79797969664473  995.1201832006551  -9.73942888523875
-77.16230466247724  997.2481143395321  -7.792812847505923
-75.402826122377  999.5861171885003  -6.063014048361761
-73.73189341066151  1001.9064066776998  -3.977437870887079
-71.79839958940491  1004.2089705781082  -1.8104343014547593
-69.73554293519567  1006.4290739980619  0.5691936495689656
-67.51545321501453  1008.6974478477377  2.768538822669931
-65.3747579090817  1010.9266895362634  4.732117781441913
-63.15085313241979  1013.0534610797339  6.280649385167372
-60.86232659763957  1014.9530553799881  7.754175292174178
-58.502383848668906  1016.6320159802232  9.153463866377795
-56.105903087853065  1018.1413462279933  10.551461143478898
-53.54202994695788  1019.5277335255253  11.790133558580019
-51.03525295169241  1020.811939024183  12.92871209322228
-48.48423042910148  1022.0098987672391  13.897762181729146
-46.17687290803421  1023.0656166906454  14.75240260542352
-43.91902479045488  1023.9164792794481  15.500138791554233
-41.85495250328011  1024.54783341088  16.03295332568865
-39.862189072820385  1024.9442208965495  16.62774583563973
-38.09685771296139  1025.1667311305953  17.149293010473162
-36.58559268594387  1025.2723976760149  17.704446035941164
