-70.58568256064949  985.516746282023  74.7167983084624
-68.90821850743451  985.2054621224074  73.19927129464429
-64.21123120963806  985.2039454770634  69.14856352781759
-64.7472815240106  985.8228986673086  69.4637773994165
-65.80135936894484  986.4820062352438  70.30132496085396
-69.70726199789719  987.5387935980057  73.56034948327434
-68.66626745099065  988.6975032625035  72.57499764575084
-67.45434431893517  990.9779509050155  71.37257715838915
-63.96310952009731  993.4280815835097  68.25310822158559
-65.99520423835814  996.8066919480348  69.89160000404424
-68.61414409703481  999.9447401621336  72.12681466569302
-73.84583829692701  1003.9435209826497  76.63084007912036
-77.66017905891906  1008.1046981976681  79.93990451610404
-79.72122752641704  1013.2613416092496  81.7068475608184
-82.80457977720701  1019.0918491124671  84.30028022822249
-85.87059959456312  1025.673768758021  86.93161425624479
-89.49200803175415  1033.053334832507  89.93147333006377
-92.92049174860755  1041.2610740637392  92.92814873643168
-96.53548333481862  1050.396221046998  95.93906301397264
-100.21887406086881  1060.4873934767165  99.16017494561693
-103.28365272132652  1071.6551740222476  101.80550991029122
-106.75101467467195  1084.031374680276  104.14745686704701
-109.7358100362867  1097.2833921612473  106.61347293416995
-112.8846454472466  1111.7464444234356  109.70156908388722
-116.48407039880007  1127.0113598454905  113.73104234262655
-120.67836915979149  1143.4614056415871  118.07305139225275
-125.14090996459959  1160.8056845940046  122.15102532749793
-128.98269937584055  1179.1074858332206  126.2775576350543
-132.4133167932848  1198.3538725422172  130.00374322266484
-136.00998196153958  1218.3136260570648  133.88221749001204
-133.141092531882  1238.9894218335116  132.00817850843524
-132.58244376589332  1261.5506113575022  131.50080208545808
-127.33876895980504  1283.3698022029396  127.23406646145305
-123.1028846578006  1306.5870292491545  125.8682245178779
-120.09991851586506  1328.4844613375217  125.87212815634204
-122.68044396015574  1350.1342407475788  132.7349897083833
-132.35059176368998  1370.165430611837  142.35928378025181
-137.81343407591456  1389.841770518629  148.45470532803853
-141.56917349667822  1410.58414155809  151.0500651863617
-143.93653366403794  1431.0320805967071  154.26511651992217
-146.96257321380955  1450.494858004105  158.4156931903697
-150.29235007364127  1469.2558726611712  162.761366125618
-152.4195432998852  1487.063690417338  166.44683079378876
-154.1104761716315  1504.6792179046765  170.42351960200753
-155.35352236537568  1521.072952448  174.57753765396328
-156.6400020467929  1536.7407614294114  178.2611209207184
-157.4364893227908  1551.0234243575746  181.36831563701202
-158.166189189872  1564.392330819625  184.39049182593624
-158.59731758237035  1576.4618358699108  187.25619945495467
-158.84599971183772  1587.2197506155653  189.69091943657307
-158.945532231708  1596.3032566365107  191.7180465343993
-158.87184225482235  1603.9764685373982  193.2019606736094
-158.8474101213263  1610.4199115598763  194.55899864693404
-158.69603648775808  1615.5850029024077  195.2865137964338
-157.73193885093156  1619.47671128147  195.79412461255617
-156.55596624331827  1621.836981364708  195.84479291580408
