-80.80554424130887  1048.7859676192234  50.90385503945745
-81.78041700613873  1047.760241306607  51.19181255871174
-82.68376526246965  1047.0166091640297  51.438292510962754
-83.51013722511841  1046.5544211343808  51.753431933184565
-84.60083556637461  1046.5249155124714  52.04104765183113
-85.77399603767628  1047.003019342089  52.50068202426846
-87.24503126222221  1048.092150807447  53.049730709869834
-88.77648579423264  1049.8372144950522  53.82456260376459
-90.72512423570302  1052.37284016143  54.673849740364815
-92.84573123702609  1055.762442539811  55.805353841262345
-95.28605607085753  1060.0860084182286  56.81393386494125
-97.64212107500518  1065.318732052746  58.02418184502535
-100.35943855160306  1071.5196672084085  59.13683042441979
-103.14310389627437  1078.773098797578  60.418656152001695
-102.09919772884578  1087.1242186270965  58.139121578456304
-102.78786110282324  1097.2190406380073  57.28898379560555
-105.60141423181895  1107.9921446654796  58.06228291193859
-112.68764700142067  1119.9607962420714  62.32499854530275
-118.59648049514789  1132.551687371279  65.27774862291312
-122.51363257000708  1146.7786609429918  66.82597124427704
-127.39158942515223  1162.3668287324786  68.78144804625464
-131.65954109044338  1179.1985272442876  70.97466157758576
-135.6344394477714  1197.3341625666385  68.66104228579167
-139.60026725356528  1217.5054333572095  67.42725825335278
-138.27099441086742  1238.0876391054508  62.42730381653273
-139.92319685972495  1260.625073875758  64.5728496927522
-143.46326278904655  1282.1224920186683  68.32327342981439
-152.06628356387193  1304.8791626154655  75.71581642696796
-157.38597998463453  1327.336625121569  79.16163457742749
-159.97198001351816  1351.437324092114  80.29634880543685
-163.68002196384953  1375.588284715447  82.58022442904986
-167.88642322686508  1399.316911070408  87.24110502108708
-171.5393923440924  1422.5835509518754  92.11156553249616
-173.49567281662  1445.6310994939267  97.74887042068718
-175.54430660811812  1468.5754087904713  102.68465427609465
-177.95774368244315  1490.880331877766  108.13057183492688
-180.16027702226737  1512.4830502730558  111.7548405731615
-181.83426593419262  1533.506830173387  115.8560226734208
-182.98282138295514  1553.426715076076  119.45707794103637
-184.34571745374706  1572.3463545238446  123.35521606858
-185.39925755945063  1589.5971602405161  126.80850738639069
-186.05917179407658  1605.51065128586  129.54675183032367
-186.45297364055276  1619.8835014124606  132.0182657374689
-186.66223647884777  1632.5733103173447  133.88421487047495
-186.36518336583433  1643.4504284725033  135.52475698665478
-185.88767660484524  1652.5855533410854  136.34846772641413
-184.96927773551957  1660.283427478657  137.13305245641703
-184.08725097819993  1666.3472432527562  137.0324148784287
-182.70798189540582  1670.9382828577934  136.8607046929237
-181.1924675724756  1673.6791794253493  136.1115587332298
