-32.61452588676408  1085.044972154495  51.30152443401056
-32.733143174144274  1084.9477274200715  51.48035515964049
-32.913178339222895  1085.065663447603  51.62657490560201
-33.23073096584645  1085.4590974686666  51.881901270367756
-33.68445773160611  1086.1317411881505  52.280792950485505
-34.345949887197975  1087.1681377098732  52.766132152513286
-35.14139201225221  1088.6702334042957  53.215163554826134
-36.15097661701571  1090.7295216523237  53.60373785422434
-37.45479402673981  1093.3373164279137  54.016416097802136
-39.01500515935148  1096.5180937978196  54.73254670123142
-40.76132283781965  1100.3762628740283  55.643430545074665
-42.63920383164736  1105.0401785195475  56.64004009414484
-44.87704918407175  1110.559834158954  57.74322553655968
-47.476874254953756  1116.9736107222827  59.09706049685159
-50.4415115334805  1124.3167100090789  60.88023229673277
-53.58205470524663  1132.7070495354862  62.63232762117045
-56.967439188675  1142.1607478681688  64.49409000568241
-60.363631733303464  1152.6764815367462  65.97234705712461
-63.71394355195743  1164.2992874589704  67.84038102844522
-67.24922183908288  1176.8728095510564  69.97527196989442
-70.82239700228318  1190.4551469938033  72.90941386653964
-74.78128041441273  1204.9160716760932  76.02593886596078
-78.29513669262995  1220.341662152084  78.72037616099558
-82.13269668754577  1236.6234347290008  80.89400604897946
-85.49403632949432  1253.6034656377547  82.82055605154625
-89.37131214079575  1271.0866851485919  84.71847262425271
-92.71169778310981  1289.0682899179405  87.43277421896684
-96.36669745419695  1307.2120296981716  90.24597276309261
-99.31726879939283  1325.6299881414325  93.55406308835474
-102.60640906337372  1343.9370448179864  96.61436621827664
-105.86062065510865  1362.2839172155152  99.93723236411795
-103.17658053189774  1380.506471223881  98.1268618941011
-102.12276778174623  1399.4614188871233  97.75732075974288
-102.83166657268991  1417.763330035742  97.49264258744917
-109.21544123185203  1435.976147772531  102.71627296233598
-114.00514959666182  1452.9867981418492  107.45834964909338
-116.00643508935596  1470.2450707576409  111.89094473159031
-118.53578534653823  1486.9226706993609  116.51647946127648
-120.58136051088724  1503.4340396758907  120.46921054896818
-122.73218311253692  1519.5540783809092  123.84892966915804
-124.48149940231002  1535.7014822069564  126.9959445700108
-126.01716890926605  1551.367480215095  129.9413614351255
-127.63081977737981  1566.6896688972763  133.16511602306736
-128.92978927654752  1581.4735936720158  136.28751621829122
-129.97480646600505  1595.7333629215316  139.37999317695662
-130.73769305706358  1609.2676109891095  142.43809424043144
-131.65648659984524  1622.0081395868785  145.86730138673403
-132.3673647291364  1633.5793845083513  148.74222763068508
-133.11949080709036  1644.1020364597357  151.8156903316373
-133.5094193529004  1652.9679793082007  153.95903834580554
-133.9182282660084  1660.6450376065343  156.03868899191167
-134.24177166126714  1667.0154659337124  157.79961083584672
-134.21181616601518  1672.2666692270668  159.15954701698578
-133.9726532816602  1676.3517610669062  160.41695131527337
-133.49297609098141  1679.0449016428026  161.1345217507279
-132.99554443324155  1680.6338419346278  161.53545967634318
-132.30602645414567  1681.1754424756393  161.50673913689715
