-18.51603265634907  942.458290779605  46.598593279962834
-18.487577514203203  942.3601894580113  46.43540446752702
-18.477828098670507  942.3768440192573  46.28835590919219
-18.524968894311378  942.5074218032282  46.14631483670518
-18.598023750157587  942.7427210818342  46.000557959201906
-18.756416864211467  943.087247142742  45.84823436907364
-18.892804390194268  943.5733916881342  45.686882567712495
-19.08687487469315  944.2250294668995  45.52468814273568
-19.28526484669598  945.0588988978548  45.40898135942861
-19.671328340744058  946.0441947846831  45.21877176851904
-20.165901789567364  947.2079864975393  45.09220782280869
-20.858776780236852  948.5393639168889  44.92973148108807
-21.523124578992178  950.1211066954833  44.914511021041264
-22.331732792029555  951.9786450990562  44.873783156220085
-23.14447291019625  954.1957496242063  44.85742996675653
-24.18229998137777  956.7915177291469  44.780764222004954
-25.274527130354073  959.8386853830976  44.80254307463886
-26.603501924118728  963.4407855663738  44.85515522695771
-28.01002421725955  967.7860554252351  44.961813690197275
-29.6873198954133  972.9532029660074  45.04446060069442
-31.51233339356543  979.0130183837326  45.18145360181166
-33.53711219508889  985.9406184655559  45.3181360242875
-35.591681203180734  993.7854476008631  45.44393701799357
-37.69773673806348  1002.5178428551743  45.500399304373055
-40.02237192816398  1012.1120162839168  45.585868037395024
-42.45431930725782  1022.5181929486554  45.627128795107595
-45.00480579646937  1033.6961897692706  45.76352948333209
-47.412657371641934  1045.605448682235  45.96222213446267
-49.83468751769957  1058.2119988174065  46.30473132089631
-52.228917115154076  1071.4687433126855  46.67153422139921
-54.535681013527835  1085.3232341912815  47.259774994399734
-56.876485476811595  1099.73461434661  47.89702926931125
-59.230437186854374  1114.7537299187773  48.62527424255864
-61.50550878875593  1130.3926775733453  49.33914700607064
-64.02101594763798  1146.6004499178375  50.394248716717435
-66.39625692669847  1163.1753382434815  52.36786227863221
-69.2883620408448  1180.0833762500063  54.123079564161266
-71.68928648634895  1197.4578339879308  55.42044885101752
-74.49018789878576  1215.309909496575  55.60559417707488
-76.74031803753948  1233.486513486979  56.22310063595041
-79.11409986127718  1251.6521964331216  57.284359750854534
-81.11513522809952  1269.7817537068267  58.494931309882325
-82.90816956400636  1287.7948508889292  59.74225284059745
-84.99325029246354  1305.4889405015542  62.340816589294946
-87.35688609167326  1322.7219443771764  65.06891901582246
-89.94621453593997  1339.431110738451  68.02136262580646
-92.04303321402283  1355.3604750266172  69.91805348517545
-93.55786858726324  1370.365652691591  72.25372525708708
-95.00461315267036  1384.1890779169237  74.4513335591483
-96.2574714789462  1397.1558200938448  76.32471518037997
-97.40415426173033  1409.1362170584284  77.92207026344965
-98.22797528214163  1420.2998803484256  79.28748965565507
-98.98443481800022  1430.4868185136515  80.42531298946501
-99.56265711051422  1439.8692267414092  81.45001104976224
-100.08584148708063  1448.36315784447  82.138748126714
-100.48099049200368  1456.1298625632983  82.82426731531825
-100.79639452274098  1463.1016057514066  83.22303716945807
-100.99632855379247  1469.4057089267794  83.55415896805845
-101.1143702707665  1474.9949577284203  83.66418095757012
-101.21448066579802  1480.0014241017968  83.79677500463987
-101.25180306313769  1484.4534823839629  83.8774670831306
-101.19490213452944  1488.489284861546  83.83804455410714
-101.082637461003  1492.1098197503134  83.66510766468826
-100.97201732440433  1495.324471103255  83.532385095517
-100.87687570610905  1498.1116977751092  83.40380414401037
-100.76071946114796  1500.559356984273  83.35487798955668
-100.63454951089923  1502.7137913093122  83.30922551692245
-100.50550018294544  1504.638279615283  83.31392678180559
-100.42972352318823  1506.3549745984042  83.30964049371089
-100.30304492303624  1507.8844500352977  83.29666264211794
-100.26831001265214  1509.2527440678214  83.3063104411978
-100.15632523784016  1510.4279549532648  83.38448817856114
-100.20365828183279  1511.4619379087587  83.43587728922006
-100.1530902707562  1512.3981701954433  83.54313824162392
-100.24129591498344  1513.2810571450732  83.54262634210158
-100.23495906436746  1514.123533033795  83.5831167455938
-100.33833189602719  1514.8937316545419  83.59034100414043
-100.36598795339822  1515.6091287422014  83.6027879050864
-100.48767802489273  1516.286252596382  83.67793388094397
-100.52903217543422  1516.9496003964991  83.73153684779612
-100.66479142362778  1517.6274558029274  83.90189704197653
-100.71403032635392  1518.273258649069  84.02950570700865
-100.87802380905406  1518.890887023385  84.1866940108582
-100.9014520054657  1519.425544308533  84.29610738207519
-101.02488186026464  1519.9050370225516  84.42546312371434
-101.00233649948211  1520.310194725808  84.52054022070412
-101.12080134827075  1520.6388761536682  84.58101308679505
-101.13417983316374  1520.8925845917433  84.60790013426836
-101.26647163975416  1521.0700311627882  84.63632839969463
-101.33242149582857  1521.1572529570699  84.63824955814705
-101.43819853701025  1521.198429948885  84.59814117495114
-101.57745733506937  1521.2234718517695  84.53141835673203
-101.80135985510324  1521.2811713140318  84.48866976547416
-102.25846485784571  1521.3558571543178  84.4358070943749
-102.73782776010715  1521.4925479032593  84.51357046245992
-103.29400604314196  1521.706984771533  84.45725377862401
-103.80678073140842  1522.0907541243637  84.49224383064563
-104.60549490595082  1522.589001908438  84.39826106566608
-105.55832928730675  1523.302380732739  84.6624305035807
-106.83577484098939  1524.2148461800418  84.86104812992673
-108.03611572609967  1525.5462459646396  85.38366162595774
-109.59907193646939  1527.3025411137778  85.70868406317328
-110.987895837102  1529.6504769874546  86.22158775788867
-112.61612157849589  1532.5483863723314  86.64073222478757
-114.14894811489454  1536.1667995772807  87.26614813012397
-115.9004885241327  1540.4770937519356  88.36708397524141
-117.68041949888682  1545.6145497253474  89.46756026890186
-120.10728669418899  1551.4136008017938  91.96779616961794
-122.69721055132487  1558.0574037785864  93.86383322108409
-125.6274891729285  1565.611893454368  96.52167522062115
-127.86671930518273  1573.980130189004  97.8435336069333
-129.947663152814  1583.2911722436374  101.24655981089481
-131.3406317345549  1592.9756750584236  104.06185037864392
-133.18504267710063  1603.8859468405024  108.02141996727218
-135.4974841928226  1615.104202223242  110.36273034179568
-137.55933044530934  1627.3788908193512  114.28625324756749
-138.5449052753252  1639.7574858981448  117.19411246045925
-139.11913241563906  1653.2519751049579  121.20163179556107
-139.6025159382746  1666.8664751107747  125.01597408205072
-140.30744368967135  1681.0050786445588  129.22278627608554
-140.42343300177745  1694.8283131972235  133.5423247327155
-139.89812113383596  1708.6805159944574  137.88415741835902
-139.1345832723998  1722.2410447564966  141.9043130380965
-137.73149337949488  1735.687328462939  146.3312506934134
-136.79642430964742  1748.4125351319592  151.14671151983373
-135.63130813714443  1760.2247671928844  156.50149342530227
-134.0698812790653  1770.789623942342  160.8450938868756
-132.362183797219  1780.5571124358275  164.04832844544018
-130.5443313628214  1789.3096333957442  167.35599912135814
-129.3165898607372  1796.8144465123446  170.38022829985124
-127.7675718046234  1803.0975854348928  173.08445664735345
-126.28566788805828  1808.0997502151436  175.26343955010987
-124.92880621418239  1811.905290999244  177.12451213301412
-123.98498714130282  1814.400075819671  178.72304509396088
