-36.33554489225367  940.0314051545091  58.794243321515125
-36.6430517568003  940.745494026799  59.25407177434457
-37.12381070313258  941.8756317965948  59.76816463031901
-37.71778154619103  943.479279090544  60.41833854044318
-38.363397141153115  945.6229351987911  61.00997911013895
-39.293725629941335  948.3516356584047  61.81885154709511
-40.34956034715229  951.7741957213917  62.6817587002926
-41.6405360459463  955.9643671832158  63.74985569103611
-43.12760946379801  961.0037741065435  64.88855269862574
-44.921053703498885  966.9172759835435  66.25495534339856
-47.05094202379211  973.7922023316374  67.73635499755602
-49.54243444802345  981.7131269157917  69.40493355386363
-52.43842046063234  990.7638558150916  71.32524253556001
-55.4205868874681  1000.991741894076  73.1964892661255
-58.89372181542686  1012.1977628675174  75.08862052456297
-62.357276954417856  1024.5813237280142  76.90891842220853
-66.77203957074607  1037.8137764025614  80.08777472529009
-70.97115071108641  1052.3026700884075  83.24861043421838
-75.97434736739316  1067.761946872572  87.22445917155069
-80.4251679273838  1084.5095099948842  90.15001165972883
-85.55048531637841  1102.0426283858048  94.07587430162457
-90.17322761162347  1120.3548164680287  97.58231003655156
-95.49979736673315  1139.3149089762123  101.98563445045924
-99.952315698689  1159.3316888371878  105.64124370248938
-104.67262299010099  1180.140494082765  110.0270292688567
-109.05317612294063  1201.5423045937498  114.62809771999768
-113.5307099737609  1223.284751619743  119.55633189729431
-117.8344665190281  1245.5229060137074  124.44544712988717
-121.51065641306496  1268.541018143394  128.76672121481565
-124.91438775236195  1292.2183218066698  133.30110340385642
-127.14145084764456  1316.470250272158  136.82359392073138
-129.35007206323255  1341.0726059819592  139.95327594582312
-130.9031976369165  1365.774687777236  142.48970770188924
-133.33260668290256  1390.5605104976771  145.5345090233895
-134.76379054475726  1415.1066970419624  148.52274749946122
-135.79055808130667  1440.1523314463739  151.4207142614118
-136.36757695426445  1464.992304093151  154.17257117899686
-137.32212405001843  1490.2462538570499  157.24330058314357
-138.2337059454062  1515.0033746170266  160.65082844330038
-138.06120522821914  1539.0604076319453  163.95161024578923
-137.10665237615186  1562.813971455693  167.1393730890802
-136.1228718192575  1585.407326456858  172.02582044253876
-134.44166367738165  1607.4537792523217  176.5593184754815
-132.54604613080204  1627.6587949267305  180.96067727452376
-130.03729115397653  1646.2400599654436  183.45282212842667
-127.87901189469619  1662.793466507131  186.04363111375633
-125.45850183451424  1677.2023533885606  188.50618899184087
-123.23858433642133  1689.7196380050234  190.46563302925367
-120.8393081688013  1700.312885974111  192.1257338328502
-118.7547346735512  1709.1363723550337  193.09260726982848
-116.36303261349804  1716.1378426537324  194.02411984609748
-114.34731895334826  1721.2229865470576  194.42132502943699
-112.2528410932025  1724.3769156918695  194.78725783003492
-110.64265443780018  1725.6763629027257  194.82152602778882
