-49.45934528881033  905.9664133390264  38.61858966672564
-49.03605306769239  906.4186075504103  39.59046126929337
-48.61322002537258  907.0879057609578  40.59232983176517
-48.25563805541957  908.0497677756367  41.64104651886813
-47.95953750551609  909.2634962005903  42.926271554850125
-47.75189336785138  910.7795088283277  44.1828033551878
-47.6317388777315  912.5460120144903  45.66940856624557
-47.57449854148639  914.6791713225002  47.0161274783646
-47.58797923100062  917.2082845176931  48.56970418418953
-47.79970025294824  920.2063016104502  50.03020364235471
-48.12627865887726  923.6645460366827  51.814793153292776
-48.7231220702555  927.6569369377272  53.7848505030559
-49.428003969321  932.2387938031318  56.13437899515719
-50.28621752280032  937.5097216132107  58.500070934756266
-51.293560934275284  943.4728650001504  61.207020278577104
-52.509093644441165  950.2365904238629  64.01298710810491
-53.89525026763666  957.8352309722604  67.23350935245642
-55.5019050423093  966.377043976577  70.58530220863148
-57.23519355143284  975.8855439982576  74.28227686031578
-59.3120594300119  986.4130217963886  78.1513964760107
-61.363752116978986  998.0308288959185  82.0900775006899
-63.8300213010462  1010.7867712049253  86.31148529976304
-66.3554426802224  1024.6825887340085  90.95896229317636
-69.14746238496154  1039.7331568286872  95.66203480374446
-71.60339798915263  1055.789120932491  100.47042704667304
-74.58430380904522  1072.8176958245037  105.47031586800584
-77.4017546455535  1090.823841690577  110.76766316392033
-75.1771173761169  1109.8127505012833  111.88870389694
-74.58912330685371  1130.6455332221926  114.58527959741046
-76.53175454709024  1151.458567771381  119.4891864466187
-83.69361042933245  1172.9008236262423  129.2160766216119
-83.19812391311835  1194.1283396014594  132.94781309081267
-81.94718513406397  1217.7143143403198  136.15964089417423
-75.94621269755734  1241.0098723201995  135.44296567507848
-78.25069516827031  1265.5663647074502  141.702777137912
-79.07777464435532  1288.2757268244588  147.11223070088616
-84.82060857748317  1312.284552224236  156.55015105454544
-87.87622211365377  1335.424766302083  164.14378947188706
-90.669229775165  1359.5455727973035  171.53114925503866
-93.75798190986593  1382.9193103569414  178.37450032753367
-96.51308150256538  1406.6647035631277  184.13016822623638
-99.17254642234165  1430.3293256554614  189.08845979190514
-101.11253115294897  1454.5021973343646  193.4491527590751
-102.91238103286088  1477.8805512133997  198.32062691997362
-104.49235587757286  1500.713898515412  204.53590725309047
-105.58203512353623  1522.8640345352208  210.94627561878508
-106.47659432615757  1544.4270759067322  217.49385404285368
-107.16359781413456  1565.302094688141  222.77148519922224
-107.45425989678276  1585.7795693573632  228.07982050424064
-107.15632787977299  1605.4479216253585  233.169852202274
-107.14032125504804  1624.522587014102  237.90350844592194
-107.55031170898701  1641.781356073962  242.77667879931408
-108.40514013184067  1658.0687660948659  247.2443293938716
-109.08082292155393  1672.8519875207066  251.96222366820277
-110.01570986215033  1686.4168522911243  255.97837531369802
-111.0592151099475  1698.2722436243453  259.23235445262605
-112.11554371680994  1708.7206632006255  261.40319520346407
-112.9346133427878  1717.6697015914583  263.0118547539828
-113.85374718165619  1725.2021060285324  264.14730292399673
-114.57751130791897  1731.1711208420106  264.94892158097093
-115.27737953551507  1735.7351919108714  265.06573861438005
-115.77076290121099  1738.8447854466876  263.9055928845993
-116.24829733051112  1740.417425727445  262.70052509474124
