-78.29473135875492  954.0947321427964  5.310050210482697
-79.00603007070423  953.8182537468485  5.500079809498301
-79.7739983522004  953.9483564505406  5.718453796454436
-80.78488418377682  954.6511750269955  5.95489874908287
-82.02791862586956  955.9376316019582  6.322876333673669
-83.45662057391326  957.8391598711423  6.651832149898998
-85.23613222580805  960.4595008371857  6.975013136076035
-87.14799062019601  963.9260042234777  7.207401476898251
-89.42390477869546  968.2419989450949  7.486538724453727
-91.6967253530603  973.4047306848574  7.892371402625085
-94.46560919395914  979.3831743202198  8.311005148744012
-97.40548527146487  986.2871886263545  8.698515548599639
-100.93428690217196  994.0805371000006  9.00303091266509
-104.42407143741896  1002.769016209566  9.338815654635944
-108.2876560197594  1012.3488808676249  9.89407589590872
-111.93009360309676  1022.9383246404709  10.790814145069175
-116.13307290423899  1034.5236559305022  11.857281207109821
-120.22847010833574  1047.1162393435206  12.635577570673595
-124.90292050910624  1060.6666146239606  12.967397777924658
-129.68482414306715  1075.23617692576  13.805753230835748
-134.63471140848063  1090.775363933027  14.669654241451626
-139.57963988415358  1107.5030813445962  15.776629315999433
-143.8108307566429  1125.2399970213582  15.244943354610633
-147.6233245876813  1144.0814167310878  15.545178465102765
-151.03913322250318  1163.4075044944789  15.240231307250026
-154.6206918574327  1183.8316954405684  17.10922832617681
-158.81641753855172  1204.816686879011  17.55073534145496
-163.36718912035147  1227.098112570813  18.750569846980646
-167.57227391581506  1249.747814514495  19.181271749151904
-171.5415844568318  1272.829664237421  20.646173204970545
-174.91923898612282  1296.2029467052885  22.00750502734186
-173.64044956470912  1320.0729656133785  19.350416943112492
-166.4969073179788  1345.0971004551743  12.38790658081968
-162.71690709268225  1370.4388489407195  9.076821078799561
-158.4492317397906  1395.0312407439976  3.5297981981305178
-162.30525711891045  1419.8594503073198  6.392971212900515
-162.7685103698839  1443.4925507575736  5.966061868907845
-168.31208983771825  1467.932473900598  12.410205328382265
-171.6612669339357  1490.882108081276  15.727580156202588
-174.51310592971737  1514.1344154738458  19.533532095565466
-177.44901783627068  1536.2677998150768  24.206836520244835
-179.46404917594074  1557.7681685035463  29.144618433662874
-181.20210340169785  1578.110945721793  33.42174919175725
-182.34639978469528  1597.6272546994423  37.13051195592912
-183.09701889104025  1615.762973026713  40.25012397776994
-183.6267242612056  1632.6070302208213  44.0153179005455
-183.5766194393225  1647.7607090215392  47.29231397933308
-183.40526322224517  1661.5448265862885  50.154138063166855
-182.61702569981358  1673.8977116943506  52.52641182834307
-181.92900143920338  1684.8022563187144  54.45308868739481
-180.62639425772375  1694.2137292302145  56.225588463597916
-179.54006550728855  1702.2073228563884  57.51100094022948
-178.09780001578432  1709.0091120857444  59.01790352909152
-176.89148711497668  1714.5292102731764  59.93487675920709
-175.78901916687207  1718.8826913455298  61.2388094615026
-174.93203763283066  1721.8267207238819  61.55216153873482
-173.87400555471902  1723.83410716059  62.17813660086131
-172.7629161856478  1724.7092926986154  62.08120827230748
