-60.88409591257624  891.9935623446543  27.988021084198294
-62.07105256185742  892.0621355655661  27.935906423474222
-63.354756187762526  892.2158395030932  27.842228682373552
-64.58615710993068  892.4799309843743  27.799406359524593
-65.80238676541894  892.789947373712  27.71812801527011
-66.92722556719322  893.141649471425  27.709834332323847
-67.99940402402035  893.4891353622713  27.651050232480163
-69.01710170679071  893.8695315868595  27.62538401817622
-69.98368877166924  894.2699180973303  27.570118277436713
-70.87036960438655  894.7079414864497  27.5178708199101
-71.7038855842575  895.1549557505421  27.459472821857286
-72.40319846139053  895.6140102854316  27.33957927123256
-73.08459364106182  896.0819634008267  27.202998776076612
-73.6813408828457  896.6047161275725  26.960779495814162
-74.30468727174275  897.2048121313528  26.727893773111344
-74.93721410516228  897.9081284619656  26.440781892261498
-75.67332579527539  898.7491900508936  26.197731276062022
-76.503283337011  899.8349237715764  25.95611690166571
-77.44789067400464  901.3402075679201  25.696396667364343
-78.58877502289953  903.4309752479636  25.435076313808114
-79.87449411679411  906.3156718875399  24.98910863139521
-81.63200761824807  910.1064935657367  24.57908147378693
-83.63161734611965  914.9759365050921  24.12924993600254
-86.33687909725823  921.0032505967815  23.81613944029464
-89.15832515016494  928.3717859753892  23.41682478691093
-92.59649541607313  937.1656335663174  23.14159884604878
-96.457744328483  947.4155275261646  22.949978404130476
-100.66596516726236  959.1646855212181  22.89328202042342
-105.3883748949052  972.3559478982338  23.00046959347603
-106.10207155711107  987.0796350609155  19.831226581373702
-108.75914157672933  1003.6846036966061  17.67893493068155
-113.02384109681135  1021.4547374628924  16.461385191260646
-121.4524960053524  1040.5249387049832  18.49957916465192
-128.17794689136366  1060.304445352954  19.54395768268048
-133.27361964092097  1081.4314825347938  19.44980831883104
-138.3775231513972  1103.5849509690286  20.134240661013205
-139.0080614732307  1126.6122568780816  17.360509439804662
-141.2496599577831  1151.33005930498  17.25617750212266
-145.400827951837  1176.1839868799798  19.406255419306504
-153.0820293343961  1201.7705920708581  23.875798948884757
-158.8560805460805  1227.721043262866  28.454580183891473
-162.07923381416595  1254.4027672995958  30.93137753050126
-165.99754715365785  1281.791718602285  35.971136291838334
-169.38354336564217  1308.610751014448  38.71613532805279
-172.43951544861784  1336.2277965312567  41.65802197289608
-174.89121691602054  1363.4602220888064  44.5314739758975
-176.90150771226305  1390.854581942049  47.911834574898236
-178.2254256995252  1417.6523087723556  51.65236883044787
-178.55121739275862  1444.3596075436144  55.47772827277406
-178.7773403961482  1470.4875646097605  59.56532132836421
-179.2159416395895  1496.1369481195734  63.463422810297736
-180.10167254253557  1521.0268013734192  66.89161166459776
-180.58891689631963  1545.1337288023403  70.2726123633102
-180.25301892091892  1568.5666813060884  67.765443667418
-172.97563967443898  1591.7108030263978  62.787009335498496
-157.90155258422536  1613.6192828284775  54.783499711390284
-148.00065920230477  1633.2238996670903  56.59880946152684
-150.13975415977595  1650.0266869537993  65.62079094239297
-159.198615817708  1665.0890067227317  76.85141301477833
-163.0302064298066  1678.8273223998121  83.92326218319837
-161.64207727422757  1690.8851748214888  86.56568910166085
-162.03138286047786  1701.1116238206155  90.50791402544468
-163.3988520677495  1709.711333089806  94.5089683459344
-164.56848180624618  1717.392460731807  97.73508270887707
-164.83625130481346  1723.5872721704413  99.77470267063943
-164.84422316418934  1728.8603244855199  101.14668710656956
-165.35422390043453  1732.9722463185237  102.10095810718316
-159.5213806554291  1736.2377881932623  102.46143361740044
-146.43056747888906  1738.3145677374441  91.55002952633372
-137.75614356296944  1739.0667561131488  84.5013026910158
-137.27435115773895  1738.0408228559875  78.89970491231284
