-58.37653416028484  939.2853403294276  48.53857686952406
-58.49912717191395  939.0502098448878  49.065110137021605
-58.78949430831936  939.0943899376327  49.458326710597674
-59.19188686447159  939.4835963219842  50.0177088852027
-59.80542598189338  940.2061024532569  50.69744519914221
-60.520003435860396  941.2506461108986  51.570625725186034
-61.63439397030733  942.7425905835825  52.32304258214378
-62.8677214451065  944.7908756759193  52.98885601278405
-64.57595721220488  947.5574138932053  53.50557742555734
-66.37891613067157  951.082719839608  53.90746211810168
-68.69800627426883  955.4176345129017  54.34597135797161
-71.42816962906988  960.5783318131521  54.681799687069805
-74.60888046141521  966.7396707168483  54.93992207518556
-78.18526633845379  973.9845750969645  55.057931957985744
-81.80012835423491  982.4539664974343  54.9193671495393
-85.85193050718033  992.0665973296625  54.759701653469
-89.94961191129426  1002.8522426817578  54.35633919040618
-94.14934719657231  1014.8423440403336  54.077977628323225
-98.07079491346694  1028.0616282057692  53.696764072465434
-101.8595322353436  1042.6139973443696  53.74061521177539
-106.07944772048218  1058.1459387002367  53.56934409455491
-110.80539674714491  1074.9107063715585  53.82331339969064
-115.81045797662625  1092.5584893327834  53.534028050851205
-120.631744324133  1111.6449324943396  53.19431072866719
-126.25807175046624  1131.8125580304109  52.26301568569241
-132.26934981485658  1153.2346406161662  51.58202611993203
-138.28419007665337  1175.4620283556574  51.15584243560418
-143.55878049284192  1198.45431860367  51.04325772134338
-147.9732395573689  1222.1077847625306  51.09609705515489
-152.88892708652338  1246.5569412960544  51.362743158465854
-156.81146931603053  1271.3586767042598  51.53246031131254
-161.44897753492728  1297.0956062152718  53.30432077273511
-165.82008284221152  1322.715978447723  55.294688221126464
-170.3184053233827  1349.07481092823  57.70607040859936
-174.16535088788444  1375.3631391989425  58.92108401527992
-176.34823355055457  1402.6896264368033  60.347787966131676
-177.60919782987008  1430.3123326533712  61.34475204798407
-178.8079278667379  1458.2926359581338  64.09308939489019
-180.2600741198037  1485.4130931469351  62.60336557286064
-182.05644475060632  1512.8683159242732  64.8144096090183
-175.81676368657156  1538.9182630149396  68.8101206207356
-171.6527029301362  1564.8427050872067  77.7525459213111
-168.1561325559507  1588.1612016414363  84.47253638985198
-165.12124288624295  1610.230909851849  82.59758238922221
-152.24437731798534  1631.1446494399631  78.0070374912674
-142.39359743187646  1650.0919536294246  77.35182560154853
-144.52497782777397  1667.0400649562353  86.77656359915015
-153.51341118997868  1681.0602099398636  98.80412655888003
-157.69904520673217  1693.850623477167  106.77076570500853
-156.50776299679336  1705.4088626803316  110.64210549448183
-156.76266558164434  1715.3481705853778  115.47337493238362
-157.96873785036533  1723.713163329872  120.33710281748803
-159.19902535318926  1730.5617756265765  125.05234295415525
-159.41172712359057  1735.7852650874156  128.47616262075215
-159.64722548819785  1739.5660921636966  131.80682854381385
-159.6902679871234  1741.6163333491177  134.35834895427723
-160.10252250655833  1742.617078694585  136.87989509666238
