-43.59806118935163  898.1203374836643  62.008844618613594
-44.133954772492004  899.0735930727355  62.276016990698416
-44.960286121693066  900.571467436993  62.506832407764335
-46.01342014758379  902.8150837024752  62.74216237267715
-47.43814674717025  905.8671225903826  62.87212028562564
-49.10511724728635  909.8543630357814  62.98010163129739
-51.09011662952818  914.760587479796  62.96453447663286
-53.332786236657704  920.7210342806784  62.88660020924968
-55.77935612602829  927.7316763861392  62.74304755943534
-58.64736162333384  935.8501792215973  62.45330458278011
-61.593049232854305  945.065888800499  62.13686930742442
-65.05483185605028  955.4991207710887  61.5475823919403
-68.29953588436555  967.1532336825004  60.93840900635373
-71.99254121532903  979.9440123577281  60.41631079349174
-76.03624297649164  993.6423043541766  59.727876228998795
-80.44099014563635  1008.3179949957491  58.885436075401124
-84.9617152597341  1023.9199457701553  57.66348448389821
-89.28515318519457  1040.5563363950387  56.72111608914295
-93.8814178477982  1058.173636734106  56.518176833866605
-97.98924305185686  1076.7298397811533  56.01918390141346
-101.58999181127753  1096.6157192095254  56.01943232921529
-104.96436951948266  1117.4340847362473  55.065909720317066
-108.69295067695123  1139.5273396070088  55.33078742955692
-112.70232661342081  1162.183365008505  54.77083324945242
-116.49599645912363  1186.224868542805  55.152427315072515
-120.13582126003197  1211.3051346380116  53.696775123615836
-123.80829994112631  1238.3127865665722  55.163544226333876
-128.87588499383173  1265.887524295363  56.04096972879497
-134.40209490844182  1294.969084881407  58.975293173304216
-139.18022282031944  1324.46838736552  58.91320792983794
-143.2135589279689  1355.427364718359  61.763373577209734
-145.43812879271107  1385.6516559784027  64.58856954417203
-148.87388747728411  1415.9003646548815  68.57688194333784
-151.56679157677817  1444.5476696998214  72.58278733737372
-155.39558725407022  1472.1891428021231  78.1487115414914
-158.25515023016408  1497.7228872316985  86.00149674294808
-160.49633597887595  1521.8931400458657  92.69650588866538
-162.26794312714657  1544.646463054299  98.62996918172705
-163.80299383337936  1566.009900354226  103.4040150865257
-165.19008224045453  1585.6896416860266  108.84630605516972
-166.57753927000255  1603.7561540465142  114.3122116193795
-167.8317048531074  1620.1710248983663  119.33842285393342
-169.14013939988632  1635.189023004929  123.31237622459193
-170.24587627772877  1648.5082429987579  127.01173522995003
-171.17644588014747  1660.264010829324  130.72750587287806
-172.14755727260905  1670.2164382222363  134.11753335009163
-172.91712186668488  1678.7531487442016  136.98740044143065
-173.82349329025706  1685.698476724931  139.2939601398678
-174.2898946749909  1691.0823146899313  141.13090812927726
-174.9612217988674  1695.1186611513283  143.5695141166932
-175.09716870081678  1697.5340299415786  145.1998767096701
-174.99372954340524  1699.0254914064963  146.84601103586738
-174.5469758350266  1698.8182092392829  146.78180868829696
