45.09377650125397  660.9478855772811  247.93735671730423
44.91069693262859  661.0718525798013  246.15333371616836
44.690831654113545  661.412047068417  243.62201481356706
44.30362877352742  661.9614460294029  240.84924924889134
43.8571089236407  662.7806891814002  237.5038182884157
43.39424984814553  663.7344875545377  233.9279053480433
42.968947016506974  664.910959051695  229.87237767688575
42.36999215199178  666.2362011106816  225.5800531719754
41.688253839226554  667.7850741159647  220.81439171677647
40.90587409743894  669.5205388767849  215.71648077526208
40.03437436916373  671.481263838708  210.1802735861179
38.891027434291004  673.5784158742292  204.65524711587716
37.562526111514  675.919829227046  198.85308079575114
35.99175960645428  678.5029152415915  192.9408142487231
34.250504077357746  681.4871541322949  186.4163033152164
32.244983574847595  684.8024110392337  179.66495238271068
29.962336850558078  688.5134494392994  172.5691147322848
27.514616902591463  692.5875098849333  165.38745943433577
24.844490388976148  697.0780799671692  158.11732426415884
22.11409797429138  702.0562793078662  150.6204555160883
18.960105671158082  707.5920937048128  143.01222891619733
15.606234158196898  713.7086877880101  135.43304548288313
12.011980746651746  720.4823550815989  127.71379957670791
8.386131267409283  727.9437932311821  119.91202309450445
4.521484514713424  736.2345123891838  111.80022394829764
0.4080259197661782  745.3171027743484  104.00268600232381
-3.9574999241578097  755.3168939080404  96.06366988808962
-8.610594434452146  766.2424834230443  88.25947143874043
-13.546906707090134  778.2083657157248  80.20023554649451
-18.78712970390256  791.2268347762927  72.12253322799326
-20.99519010622956  805.2749200746813  63.9946737629552
-24.637042109479026  820.084588487223  56.22084731428413
-25.24084632014418  835.9234540596207  48.94643328005844
-27.39330833710568  852.3357903891928  35.7004062602232
-26.724396556482624  869.7305022233763  22.351577018189282
-27.396904350555133  887.5856144042618  11.411182016963778
-36.09706197484583  906.3848349454594  7.726014767464853
-46.09034244239168  925.6131845027388  5.279961449112443
-57.709034207672616  945.1356408081286  1.0251825327441932
-62.964317566493484  964.7226846104955  -2.6732539019406816
-69.03145881774485  984.4319699088855  -5.987353516956928
-75.88162937614356  1004.3582518469634  -8.551604708697015
-82.28457842630579  1024.3803914596515  -11.299520143217249
-87.61221042429503  1044.4195423292656  -14.14623196725846
-92.04271370137283  1064.3049175194076  -16.63422640475879
-92.20266765573274  1083.9812341330216  -19.313306467611056
-87.45677138548123  1103.2802796610388  -28.625591336442824
-85.38911794914844  1122.3503581377981  -35.16989510241105
-90.9018803270038  1141.3459664725665  -37.98278222231028
-101.00186768984238  1160.269606990479  -33.24831987919175
-107.22527312590107  1178.934268174363  -30.85824712599587
-109.85886880967212  1197.1114724295307  -30.466767583293972
-113.02993911269598  1214.9185715255921  -29.45398436415036
-116.72792644563944  1232.4183856990664  -27.86575427186778
-119.97164767921889  1249.615425602379  -26.43340159056246
-122.24329455289096  1266.3332154288664  -25.135681304483803
-123.90801504376468  1282.4293338356795  -23.706641514294795
-125.98592410427625  1297.968329011448  -22.158174443169894
-128.46148597822378  1312.91869869718  -19.20737710304734
-130.66499404479683  1327.414650321944  -16.63116414444478
-132.26721515299405  1341.4552159118896  -14.081049157430076
-133.16394163425696  1355.0631159722675  -12.889102876548359
-134.24738808306847  1368.201513739341  -11.365768059330057
-134.9193595179175  1380.749286830328  -9.995383817600075
-135.22927105412924  1392.7531728469712  -8.669197325669169
-135.3222231802958  1404.0753381625996  -7.678320832697217
-135.05634293370852  1414.7791159439385  -6.627633315543108
-134.79703434613992  1424.8577034403975  -5.891272438386202
-134.39410325402386  1434.364902153029  -5.036039914752596
-134.20755622103718  1443.153816568367  -4.396369773451349
-133.85030061690065  1451.1745845335415  -3.745460394330372
-133.45131717147626  1458.341902829909  -3.0514219136751413
-133.00023270119723  1464.7286136906557  -2.493099227199458
-132.6080462455794  1470.365327471938  -1.9824664460511143
-132.18888536952386  1475.2192431368014  -1.5290046796509293
-131.78485276308467  1479.3373214578555  -0.866506584175877
-131.50688615635767  1482.6921885733948  0.10041635146843497
-131.25382821696786  1485.3959492913307  0.934869464298882
-131.01279390643919  1487.4962662414152  1.8729365694861744
-130.69334423904664  1489.0324585875999  -2.0775562066966646
-130.433321285237  1489.9918105189497  -4.324400917889881
-130.23826235050603  1490.1144841515863  -6.161897963510382
-130.10953624977458  1489.4768335988601  -2.7022085372577345
-129.98949287887547  1488.1550816373015  -1.238395660889811
-129.87897525043  1486.4128710617872  -0.6437701889055595
-129.73661350185287  1484.2954726210608  -0.675550123244171
-129.65482877892987  1481.9177553838244  -0.37433057344470744
-129.48958895748285  1479.3650392878544  0.10666827218850217
-129.46571523344636  1476.8109774989787  0.5318263911817818
-129.38924162151775  1474.3090394816882  0.6602679203469809
-129.42876608977872  1472.0577105341758  0.7533165611910483
-129.33450449920696  1470.1653715233151  0.7404325654954507
-129.25468175721034  1468.6613360407516  0.7902238298317203
-129.06790037866065  1467.538548134864  0.6982875000371227
-128.9539957825546  1466.7755132143495  0.49551343686279037
-128.7937236830553  1466.413797430932  0.29296314383351657
-128.6662820638555  1466.4088957930264  0.2786605233513251
-128.49723047525688  1466.6660113267403  0.28782963598955935
-128.35936717292287  1467.1719832374888  0.44138703857178924
-128.17005270970566  1467.8222376253173  0.45201558991987256
-128.00400091934955  1468.549978176688  0.7103095271301328
-127.72103049576131  1469.2272382699075  0.8701942590812725
-127.55546338568703  1469.7718310795178  1.349864047442047
-127.28304091745956  1470.1886710486149  1.6455474720708736
-127.12754621951102  1470.4294570250058  2.046010000356892
-126.86124470022887  1470.4759094499666  2.0382614737108358
-126.70539731883488  1470.2641008591265  2.327668415558082
-126.49241736971713  1469.768971182779  2.4294185593800117
-126.37836684171992  1469.0885636956868  2.659247138003422
-126.18719644425195  1468.2247127765706  2.574938890319942
-126.10789652834434  1467.293682245516  2.666815742352799
-125.99867678485866  1466.24711634496  2.6727401463267824
-125.99150360711155  1465.169955780689  2.54482361267287
-125.91582908128584  1464.0649913554278  2.284792675584477
-125.95321358348156  1462.9852198128954  2.066800620907109
-125.94664908701024  1461.9172206924359  1.9561192747305047
-126.08006546240598  1460.864237998301  1.8620867162777177
-126.12669019988064  1459.7949282049688  1.7410302162715847
-126.26817785036741  1458.7402497580038  1.638512668596424
-126.31090673469792  1457.7054820583257  1.5733657427229173
-126.3937322726976  1456.7368398390045  1.5701707354498933
-126.37653774295737  1455.8191047323255  1.570297166164817
-126.3869155640507  1454.9647005740785  1.6970473099007044
-126.34353437758418  1454.1542721202172  1.8390121591043447
-126.36090926499239  1453.3626499154936  2.023812317292835
-126.31504099203224  1452.5564083976399  2.0940616750515746
-126.25622235237937  1451.7326169674693  2.2159808854705347
-126.10804243877229  1450.8884059968623  2.3675773660087494
-125.96913367822006  1450.0568441747102  2.5377470370847552
-125.84737484079955  1449.2514281815218  2.7918597226135557
-125.80286928777542  1448.5112629647756  3.2049133232786464
-125.75815532474334  1447.8699635356675  3.67235719180703
-125.75897819628882  1447.3401912316922  4.214394842599092
-125.7340064159784  1446.909564386046  4.632754839672885
-125.74203050819818  1446.5754106624631  5.107289821246401
-125.74087871662302  1446.3331615975803  5.502161133575507
-125.77833989522897  1446.2032864266812  5.910406278612614
-125.82979484153967  1446.159551788058  6.2815554738383135
-125.89130067219604  1446.1985468576036  6.601647502743216
-125.92708745422323  1446.2831821665486  6.893171941877007
-125.95693207247638  1446.4140161045589  7.164068591330832
-125.96770217945803  1446.5646604179312  7.441887098550248
-125.98673355873666  1446.7309196668375  7.664133238542451
-125.96588644526128  1446.8835906516852  7.828497459130469
-125.96800619033193  1447.0103961259451  7.829062516178876
-125.93685366906429  1447.1129228708696  7.786203987966609
-125.90475269676277  1447.1443612166584  7.724315618796082
-125.84327155048837  1447.0718363164995  7.72504743382681
-125.78583131898858  1446.8814383977074  7.7608813769873555
-125.73792192820449  1446.59764436596  7.787669544844466
-125.67491014543856  1446.2719503959618  7.800739153115165
-125.60981470498535  1445.9016663365983  7.788752788602485
-125.54756870601317  1445.5191919765907  7.75047881725016
-125.49030210045376  1445.127261434102  7.716258368889017
-125.44291157313693  1444.7549393136517  7.674508013482193
-125.40036527875347  1444.4324011821132  7.651735019864643
-125.36040217041784  1444.169582530382  7.654631189609695
-125.3136074785969  1443.963459554605  7.676741860536378
-125.26374795016986  1443.8033180018567  7.740806113847546
-125.21457243138437  1443.697137572826  7.828800137167557
-125.1747106636653  1443.6431498552229  7.933780646378227
-125.13974446177927  1443.6190559393617  8.041135737192425
-125.10586474819945  1443.590090115484  8.145709580640267
-125.06950128189978  1443.554618935594  8.255628451903252
-125.02998419836602  1443.486069052311  8.361498019160216
-125.01709066923871  1443.3673354872467  8.464783766909298
-124.9854075449354  1443.1497461912495  8.561926119475682
-124.93271668032992  1442.8376574727356  8.650582604761091
-124.82513192184624  1442.440940892392  8.730040145276192
-124.71524512683955  1441.9805311369919  8.959269656947809
-124.60316274289875  1441.480526397577  9.282531811671259
-124.52286550210623  1440.956112761368  9.711903667266503
-124.46910899675258  1440.4437335826328  10.131192485740357
-124.4485667863054  1439.9829305963701  10.621261595862766
-124.4323592693628  1439.6046855593672  11.238582277186087
-124.42131603717822  1439.3053173621645  11.79342660471587
-124.52334519896314  1439.116228732738  12.483997203846448
-124.64370828607026  1439.0443119791594  13.078046145918941
-124.872461947235  1439.132971778725  13.746327603441264
-125.11033759235119  1439.3047019265193  14.318547854388576
-125.38919550772471  1439.5398914724133  14.956268926538886
-125.62243044154305  1439.7408632361944  15.611767904266763
-125.77524422186552  1439.8723800491266  16.223260241819304
-125.92321465133993  1439.9160510578724  16.773698191306845
-126.02949514560305  1439.8118359677655  17.206701358540045
-126.14428116788451  1439.5136277229217  17.64609393718398
-126.189361914467  1438.9314947542352  18.017205821327117
-126.23539961811375  1438.1382986939905  18.40477137736591
-126.1897515524104  1437.1536885245982  18.611146427512363
-126.18554991992703  1436.0527432079389  18.712207261725553
-126.06448114415892  1434.8496316129606  18.72711846446749
-125.8730504283026  1433.6107820992154  18.723018481549804
-125.62780988608674  1432.370693017338  18.73637731407764
-125.44818974136071  1431.1608423077564  18.733271618666606
-125.3538532649795  1430.027974030651  18.774583392560885
-125.25711055811107  1428.98600288349  18.792800908915304
-125.16371860985508  1428.1024492923063  18.860912464471276
-125.07650588254916  1427.3552701914427  18.895249587336465
-125.01969538210696  1426.790142338206  19.00474493399382
-124.96748202470023  1426.3378423420122  19.076305692159718
-124.92943046341531  1426.0142133809325  19.208064713984573
-124.87556537345336  1425.7215896931127  19.29538474430573
-124.82489403140313  1425.4637822432135  19.419068369128787
-124.77157020625987  1425.1558587496847  19.4852393242747
-124.72945526240397  1424.7920858011196  19.57764548927075
-124.69937566711695  1424.289453733508  19.5951297095151
-124.60136944257965  1423.6633337775797  19.658769581759145
-124.54716151372044  1422.8898642881381  19.658093622842195
-124.4790826052601  1421.9725245437535  19.768607122757054
-124.50857548326013  1420.8977702680122  19.684995769167685
-124.38864992492964  1419.6949058263742  19.560431639954974
-124.30183641418748  1418.4236248379823  19.287094108860057
-124.16363776415409  1417.1138862205328  19.017049913547723
-124.0987213188958  1415.833576462082  18.659969569285938
-123.995442544819  1414.652670451873  18.098296000102046
-123.89299599587324  1413.6727267248555  17.49765877896884
-123.7684305047412  1412.8702793371658  16.833101796345574
-123.64000851606042  1412.2686736495637  16.288364882281265
-123.4967298600487  1411.8665908281923  15.68478400337296
-123.38937967769282  1411.6971051239564  15.154067682633835
-123.28464931930205  1411.7232219579666  14.593968455450309
-123.16117473473065  1411.8915338621055  14.090184290010493
-123.01981776347932  1412.194428177723  13.556841895468608
-122.85882516940669  1412.583709993743  13.031844422117025
-122.70493083307645  1413.0465248894368  12.542673574460032
-122.56599972749939  1413.502414860122  12.077779004688306
-122.44357477852407  1413.8998952228912  11.650223435843058
-122.34989603399825  1414.1922185179897  11.23855176657213
-122.27475894281312  1414.401379810523  10.848382919210069
-122.20146597698891  1414.4830822876202  10.4750063063467
-122.14457615122797  1414.4356613373932  10.112090422832532
-122.08375359481904  1414.205517147052  9.75796966885056
-122.03791313435592  1413.8563948875722  9.437161066726498
-121.99794574065062  1413.3706669337698  9.155795354245795
-121.9668380747553  1412.789215324176  8.876624977375261
-122.0014370869761  1412.1079819537454  8.56974031750383
-122.07505220394462  1411.4062470307895  8.252161204337744
-122.19334078008532  1410.7236257662566  7.960941502523641
-122.3099942358015  1410.1688421260922  7.7318975507482826
-122.44913279769534  1409.7174890251326  7.526607415936095
-122.58794713806286  1409.4349107377523  7.426118141068699
-122.73184339444873  1409.297489335753  7.4103086877643065
-122.86506166826175  1409.3817071238734  7.4887341575676265
-123.00490677928377  1409.6747172935754  7.7115157566356265
-123.16360022221905  1410.175389189511  7.938768419871543
-123.3555367752845  1410.879151710058  8.327485707863476
-123.57554110493723  1411.7325568315962  8.627485691212822
-123.7956876937483  1412.7142527685767  9.047845591643885
-124.04234469693411  1413.7306584741648  9.45426564590342
-124.3240263116404  1414.7311511217383  10.123782257061892
-124.59849207281806  1415.6676088632667  10.782061486710687
-124.83566898500978  1416.4634535074179  11.453507834066588
-125.01474434501884  1417.1381405918953  11.934795601923309
-125.17270017642764  1417.5840015698104  12.333763165708238
-125.28527336136433  1417.803069456766  12.59587073068384
-125.39899736757984  1417.7155217486445  12.746740039886584
-125.46465052942506  1417.3078233593167  12.890627734033568
-125.54778197247695  1416.632182090804  13.041773877779441
-125.60853542590922  1415.7248622781676  13.20575303726146
-125.62662358209442  1414.7133698667124  13.286950583705611
-125.6220692346857  1413.6671949179558  13.333686409083334
-125.58815790557391  1412.6399540641196  13.281020392732925
-125.62521804634251  1411.7493391522198  13.300669443820345
-125.6347652899507  1411.038305659897  13.286318686450459
-125.6620910151434  1410.5374860826132  13.398161666036586
-125.68715897552451  1410.2928443596006  13.549217582577956
-125.86309308375436  1410.3282161648062  13.693214994889784
-126.06424955133943  1410.7158864273922  13.889030077971892
-126.20849473946407  1411.3572423367889  14.065272766615836
-126.26378404565324  1412.2153969214  14.296477456324007
-126.24175286196694  1413.1853607762484  14.481694519953685
-126.25989756652226  1414.2547503283295  14.679101777750647
-126.21907625186824  1415.3420670987698  14.873473570920757
-126.13242615193434  1416.430064682692  15.011155198945614
-126.03866960974314  1417.44051747593  15.082806877986837
-125.91057343025437  1418.3324450452462  15.129814368194694
-125.8378988137903  1419.081455578871  15.048739849224818
-125.7347502196988  1419.7006687351886  14.91807923315909
-125.62910384067762  1420.1405439397408  14.688738190938881
-125.61836386427053  1420.355453846872  14.469202314938041
-125.54074408358645  1420.2798333932399  14.227195619556941
-125.50361588400295  1419.9659819367391  13.978226213477221
-125.34991137715453  1419.3970227314726  13.729805384008772
-125.291360701524  1418.622704481008  13.361615152864982
-125.16146864897355  1417.6251745486663  13.065114898105742
-125.07248529198331  1416.5016521363907  12.739853127251708
-124.94627096549385  1415.2490044792844  12.462053815713553
-124.88335123691068  1413.9230822971026  12.093402703493094
-124.78842416249543  1412.5500272428062  11.850119712178635
-124.73645669167448  1411.1845550880312  11.651931594592842
-124.6865112452909  1409.9076901554517  11.595361275403727
-124.69496063859377  1408.8101011578347  11.501524153297732
-124.68787117230094  1407.9473601176535  11.470744507995754
-124.7394183265096  1407.2880073452222  11.471173139808585
-124.82932472545984  1406.8680611080242  11.571764208887329
-124.94865866890726  1406.6701524855234  11.769261848174141
-125.03862294147142  1406.7319477767824  11.988378669770443
-125.11054197933112  1406.9353911041508  12.396707859329533
-125.2039527052099  1407.2618199774631  12.839360590746253
-125.31770200254743  1407.6555715564932  13.264708147113462
-125.43571103718338  1408.094260362552  13.54440970189173
-125.56202320821792  1408.4922613471801  13.76383402735643
-125.72630699156123  1408.7931880434799  14.041169931429677
-125.88906574308999  1408.9925251608959  14.238871245129694
-126.029549247825  1409.0511633088252  14.449203041771375
-126.1174714034847  1408.9485747778667  14.451861011025489
-126.20304019927237  1408.652251579781  14.431317728378147
-126.30279669815415  1408.177425358856  14.35080750741211
-126.37821166147828  1407.545130023278  14.39830380011304
-126.4388817762768  1406.7201056310757  14.245893292337518
-126.44014552983329  1405.726435921357  13.867008823658287
-126.41670354562687  1404.5539810642933  13.375568362737386
-126.32816083892118  1403.2186722498573  12.986672473282294
-126.21072541901705  1401.7732406112327  12.720635094016066
-126.0542690137094  1400.277366934727  12.306046293253946
-125.86162866838848  1398.8030495976834  11.759256493368499
-125.65111281070787  1397.4353888072242  11.142895602082275
-125.463754593843  1396.2638147750904  10.561765444500384
-125.29482381320823  1395.3375700907447  10.043577865902646
-125.11355861248212  1394.6053862756837  9.52999758738847
-124.91888231232872  1394.1016011933032  9.040211099155284
-124.72940401782124  1393.8125451427557  8.557591674878633
-124.5830716687104  1393.7904896846971  8.061465890228177
-124.42921005306884  1393.9330115483979  7.5456999584441515
-124.21052458305141  1394.236816730605  7.0775763387618404
-123.94520407937259  1394.6090330374698  6.692740101433512
-123.65664805025307  1395.0219745179907  6.350280795468289
-123.39237480430704  1395.354278189895  5.976994354291997
-123.12500894625661  1395.6125017530446  5.539531056049975
-122.84059130790509  1395.6911630286259  5.080670962000701
-122.5666933985118  1395.6066938158783  4.644002458655558
-122.3306801884042  1395.2644514131791  4.253073197058314
-122.08649139317309  1394.6966360250779  3.890704909757068
-121.81144721678133  1393.9035057544756  3.5121028354402024
-121.51951637559692  1392.9374937546545  3.0397612084889807
-121.25830857155842  1391.8326600954083  2.4822357405500153
-121.03034921818924  1390.6258933803495  1.804461795161823
-120.70442097191237  1389.3511986262456  1.0691895567997611
-120.34457248175478  1388.0157189513916  0.3882600301800981
-119.95042063987646  1386.6481456010063  -0.20786201485241523
-119.6460392979114  1385.3177395818002  -0.7368971865200897
-119.38357532620554  1384.1446995175993  -1.302410058653853
-119.16881296470757  1383.1833127847553  -1.8443159841308123
-118.94532040130697  1382.3967020545692  -2.312437820497134
-118.74583811000099  1381.851649942466  -2.589216595581788
-118.57295466876656  1381.5562504851487  -2.9130458337979594
-118.47284565262346  1381.5902018480672  -3.052322194395193
-118.4197764746757  1381.8841896393756  -3.2633486824566105
-118.37878628842172  1382.4385742462032  -3.1570116927942102
-118.33083358681105  1383.2231957701574  -3.1764054883547828
-118.27204677141232  1384.204288998619  -2.955963476338126
-118.13034765924303  1385.3363063128027  -2.9245317760990064
-117.97021509757049  1386.5699318708946  -2.8329331397836626
-117.79538242543232  1387.8306371498347  -2.901075730719074
-117.65258569255866  1389.1020450127887  -2.868474077344448
-117.45202220577711  1390.3046511681175  -2.94647840316054
-117.23017538507271  1391.388671439305  -2.9882160549508416
-116.98899760080141  1392.2986483301177  -3.1928453202760716
-116.77762291370527  1393.0175222625203  -3.239250201821997
-116.5212192247394  1393.586145401606  -3.43790432770205
-116.28242966626199  1393.9426892002082  -3.556924317492844
-116.0708005988226  1394.0496095792196  -3.7500703384250063
-115.87037500054132  1393.880601846709  -3.72118814592959
-115.70589467550883  1393.4567210362827  -3.780533878921436
-115.55004364573428  1392.8400833830033  -3.852099594808866
-115.3970191983586  1392.0201006306777  -4.068793515697218
-115.24713788987069  1391.0691645594864  -4.208508977972765
-115.08174630125173  1390.00803393202  -4.3591724016662345
-114.96100771384053  1388.9139629426838  -4.527252121133316
-114.85205746863197  1387.800905680984  -4.6862699014097995
-114.78003638399419  1386.7383209682314  -4.799365977234916
-114.74635478219864  1385.7191360104257  -4.931674491177128
-114.72955501873965  1384.800394941793  -4.977036652202674
-114.77482267092562  1383.9969900680148  -5.036125375707229
-114.82753204056125  1383.332799708681  -4.9421006536227186
-114.94037011205242  1382.7758739621434  -4.892480964446207
-115.04620557805971  1382.3191305863822  -4.715122458746057
-115.16133567754234  1381.9370111583767  -4.576267590141392
-115.26704138489266  1381.60321318545  -4.3942553437118566
-115.35853497413855  1381.2802660751292  -4.241839376626498
-115.46484409083573  1380.9496618709352  -4.057264141709001
-115.56723396318363  1380.6018353595343  -3.834039713866851
-115.69378876132411  1380.2072359561782  -3.60816265825695
-115.82848039679683  1379.7478265559034  -3.4212172417713944
-115.95324402328487  1379.21816572721  -3.1745907365288373
-116.04091640442816  1378.5990156837202  -3.0098360602666294
-116.10489044362721  1377.9218599103183  -2.753667400086333
-116.15681000368266  1377.178475479166  -2.6504348471137678
-116.21973453397747  1376.41613041954  -2.4382078538458702
-116.26153598862504  1375.6290059024946  -2.39493071754268
-116.32641732804257  1374.874585924405  -2.25143014938816
-116.37032361536936  1374.1454697044908  -2.261208762637726
-116.45542897277464  1373.4976959287621  -2.132627400261338
-116.53151319937989  1372.9545297349616  -2.124719049932128
-116.62006248568018  1372.5283671493892  -1.9465422772065821
-116.71105052437458  1372.2216998052509  -1.8727274697964058
-116.81931547469735  1372.0323702903568  -1.6278727280383545
-116.94979195711332  1371.95788286359  -1.5048398940588923
-117.08609295515566  1371.9823812304435  -1.2516746522063162
-117.22199292462763  1372.041812667379  -1.1481287325769542
-117.33291172949608  1372.1091621071278  -0.9350266382914331
-117.43325500513625  1372.1329730198624  -0.8598008899999026
-117.51077088394112  1372.1255733610503  -0.6672687993183916
-117.58838871854458  1372.0111659232327  -0.612798642637477
-117.6424815483432  1371.7606233848317  -0.45617206652219594
-117.69545868099516  1371.3101872245131  -0.46987973330576305
-117.74456283118255  1370.7267528641862  -0.3820019833277603
-117.79988232506332  1370.0204253447266  -0.4688122240663456
-117.85661051301611  1369.277156842686  -0.4434977888211413
-117.91491073732504  1368.5272307076177  -0.5790197316747501
-117.97479063594777  1367.861794122966  -0.5714795706716447
-118.03657588031683  1367.3220824852729  -0.6661338498937924
-118.10583626145862  1366.9143361879087  -0.5776006154902529
-118.18168675350805  1366.6452125433066  -0.5825461494935945
-118.25569190856955  1366.508657005884  -0.42734403711532776
-118.32257705497511  1366.5000227931673  -0.3843424528142383
-118.38868285735352  1366.5799888769425  -0.18439419559148162
-118.4627568544831  1366.634352175901  -0.0816484988084023
-118.54173817861117  1366.6654666744  0.1680094182744742
-118.61798835674904  1366.5621109407869  0.30985691736930543
-118.6967529127715  1366.3318051826498  0.5639966007417958
-118.77488176999603  1365.8848904813349  0.6877606707172559
-118.79171569657635  1365.2721406818841  0.9470058462713258
-118.84253883308801  1364.501264245132  1.0442386086640307
-118.90188993052263  1363.6090014414735  1.2346882920915947
-119.02039563505681  1362.6337002540595  1.2238768924963157
-119.09583769409248  1361.6463121379852  1.378500751372848
-119.14874429397952  1360.7618773450668  1.3978681164084057
-119.20536892334242  1360.0342506779648  1.578927047652345
-119.26192768462423  1359.4480364820688  1.6184510387642863
-119.35848865388692  1359.0831283621433  1.8594272752175738
-119.44623590624069  1358.9462381256535  1.9985956883673317
-119.53349130775922  1359.098916374112  2.346306619396443
-119.59260968448169  1359.392121252743  2.558653114222347
-119.67430602962409  1359.7972175745901  2.968228451019798
-119.75637707274907  1360.209977711155  3.1980327667898365
-119.83386937510683  1360.5714276297817  3.557968822855419
-119.8569954337151  1360.8159731927979  3.6804535869759554
-119.8741087619596  1360.9618052951334  3.8907202190781573
-119.86227724039433  1360.928972050432  3.845642281512514
-119.86550918861562  1360.6981694849126  3.951446547487795
-119.87643785153642  1360.1828934566322  3.8238291136568847
-119.87283436030889  1359.4564766849883  3.839477203047991
-119.8601382007425  1358.5161896215122  3.6056952378274563
-119.81307254465285  1357.4218626623096  3.473204350306349
-119.73562541471641  1356.2280489887944  3.2742491950542822
-119.66305229649463  1355.0088964267798  3.134716456574445
-119.55958035211441  1353.844771798048  2.960834611601315
-119.53254610109009  1352.8582274371804  2.748909300170481
-119.48750833863355  1352.048169664139  2.558223539213359
-119.52372843788115  1351.4902205393678  2.4087526065767353
-119.53974787827673  1351.1148232331896  2.2085586423920422
-119.5778110759995  1350.9993265839908  2.1007038703067415
-119.60391741648513  1351.0476459322335  1.9214648943636699
-119.6578435184095  1351.278135744115  1.9259229394971937
-119.7466379158815  1351.5893940041121  1.8160583987123604
-119.84332472563153  1351.9914656872052  1.9000654691941574
-119.95069120655089  1352.387895993957  1.8657638645268433
-120.06599622286981  1352.7488671702029  2.019621867295567
-120.17437857366791  1353.0186198249492  2.0422487094076596
-120.2722198305752  1353.2205303350534  2.2287644283942702
-120.35152569491191  1353.289134876421  2.281383249728411
-120.42634081607197  1353.216818525073  2.490783124857143
-120.48040764226211  1352.9333963414624  2.575438758679406
-120.54154813218614  1352.5204999878697  2.8554610207428732
-120.57079667075092  1351.929385008235  3.041647441230019
-120.6113318226479  1351.2234543423826  3.4040254836196095
-120.59229786205239  1350.362606775628  3.5885781144985707
-120.58367887951869  1349.4289428069471  3.9209908702750296
-120.55788411230077  1348.396086115133  4.039565281510122
-120.56758989887757  1347.3435468810408  4.310112212748849
-120.55075407192467  1346.2568046151414  4.297320927260113
-120.54810622808427  1345.2449358992362  4.43780951050088
-120.51294383633824  1344.3748832896872  4.282099980144022
-120.52328773719067  1343.6729008500297  4.315520035199072
-120.49591045592692  1343.164202691892  4.095177712570904
-120.50329665837059  1342.8512784182483  4.109102672879017
-120.46498129808259  1342.7228501436366  3.915473433746559
-120.4535640900355  1342.7257644241868  3.9496695454848574
-120.40297582584921  1342.7349870659991  3.760257426818757
-120.37091143898232  1342.7310040929956  3.7711915936043647
-120.29755448788964  1342.6837917681335  3.5529084439001215
-120.24285255459222  1342.5832934368689  3.531264435361046
-120.14361688066226  1342.3629300985228  3.2727896806045003
-120.05916431399379  1341.970538307815  3.3196459637652773
-119.9643513875851  1341.3505822130421  3.1032972121440032
-119.87225563744707  1340.5515044780477  3.158220288841663
-119.75249822178506  1339.510856066787  2.805638822899459
-119.55009893018415  1338.3432388955268  2.6672753436868115
-119.35606231137439  1337.0771899951524  2.196595350244626
-119.16958581104697  1335.8413964560693  1.9175325440783073
-119.0549594889797  1334.6737857364478  1.4467349520819768
-118.94120215792128  1333.681933393748  1.1549856007429569
-118.8677431186883  1332.8647430596181  0.7623829059138645
-118.81079012662633  1332.2819560801295  0.6108865864124813
-118.78053516603282  1331.8908018407517  0.3372345822935807
-118.78523649165605  1331.777490013837  0.31688309525054875
-118.84658275761561  1331.8661155485106  0.08626494848664959
-118.97949158257738  1332.164950817856  0.11625010337462588
-119.10381076556351  1332.5591392876356  -0.05982492248277156
-119.21640334543066  1333.0347746885739  0.034866332385325494
-119.3030793678554  1333.4650212945517  -0.06928327086320456
-119.39856097738033  1333.797881454641  0.061107897367577185
-119.49923950485092  1334.0091271929073  -0.03604926452480639
-119.57813174513512  1334.0790242397886  0.12662449298651482
-119.65045749258158  1333.9815786088077  0.035687702919550715
-119.67318582347544  1333.648604098837  0.18690502198601644
-119.71050741167792  1333.0928019493729  0.07556826371701282
-119.69449048159012  1332.344004511214  0.24448011207311415
-119.70421798649502  1331.4237266760024  0.15357093542906514
-119.65062370807128  1330.3786394805293  0.2526447226249894
-119.6373500807106  1329.2447845894944  0.02933991603347194
-119.61527966071655  1328.1010196508269  -0.05529160923794471
-119.61651946577217  1326.9768343635087  -0.36721556187098875
-119.59169960246679  1325.9680630950452  -0.4979359928708388
-119.55399306129921  1325.0930801474258  -0.8065577872867453
-119.50336523387067  1324.3734727307876  -0.9965328027149215
-119.43877837801567  1323.7555212484492  -1.3777986496530752
-119.35977446767805  1323.269858948152  -1.6345649770022688
-119.2821469679163  1322.9009370212327  -2.05821400254233
-119.20370788859749  1322.6725712620057  -2.353054265575592
-119.12818349200978  1322.4984201513284  -2.790069518773861
-119.05633764927717  1322.352819828896  -3.0781971674873096
-118.97628880818485  1322.2029821514518  -3.4873323680696298
-118.8965556007482  1322.0462100518641  -3.74175078487957
-118.80901917985217  1321.8591754306933  -4.113555066634985
-118.735565591259  1321.6287634517792  -4.313675121249039
-118.66293335366517  1321.3364938643358  -4.625522186299251
-118.59784031671366  1321.0223156187653  -4.751898439771152
-118.54054988027977  1320.65345730218  -4.994969855544046
-118.49212291522122  1320.2639007084692  -5.020590317782206
-118.45821838214236  1319.8053163681911  -5.11070100712816
-118.47524060600277  1319.2994104827426  -4.880533209339326
-118.54534776254496  1318.7062875600434  -4.641461195457473
-118.68598244327389  1318.099571552703  -4.266504712482914
-118.83496026364816  1317.5871858340188  -3.913279403382597
-119.00946243220152  1317.2113089747124  -3.457461495973809
-119.1482891884589  1317.0410080505276  -2.912471565829515
-119.38197963626594  1317.0917077465006  -2.362434797890788
-119.63619205798105  1317.3665727698078  -1.7988099581949524
-119.95283700981946  1317.832872921946  -1.2025781676589578
-120.21466535309087  1318.3483088079367  -0.6485785719435027
-120.47805728070202  1318.96737128709  -0.16393767643971435
-120.7074920422324  1319.5490666916603  0.1807468034840105
-120.91000859297822  1320.101142809805  0.6489180380308605
-121.04397034735287  1320.5250421898047  0.931702957871587
-121.13317951454455  1320.881650848287  1.3329725149691551
-121.11614690972627  1321.039137353331  1.2507767402863625
-121.09405030085429  1320.9556424866112  1.4272799246036842
-120.96234102068203  1320.51613946098  1.155510880856925
-120.85101116789501  1319.8400015423767  1.2277239067668235
-120.69223064546277  1318.8602589614484  0.7728025794070484
-120.59624359932755  1317.6854474755933  0.7564348707259452
-120.49280834177772  1316.224111240876  0.31197631616297317
-120.35984684689313  1314.6470198351594  0.3135200921739243
-120.20494882516951  1312.8743548819316  -0.2230157491284308
-120.00295040732883  1311.0954490493762  -0.43148797747382756
-119.8039613150621  1309.258197810367  -1.063749920263182
-119.6473883732789  1307.5455666022137  -1.3242092744764453
-119.50523392409156  1305.904198522381  -1.7352041009761836
-119.42879695717888  1304.4606208582836  -1.874141020204853
-119.31193654789878  1303.2019916053275  -2.1430978953818585
-119.2884772275794  1302.1683344248218  -2.305803443266589
-119.22300729769876  1301.2989390016285  -2.5579250189651277
-119.25131807877858  1300.6322355515551  -2.6733416421877694
-119.24282093087814  1300.114027680202  -2.9239086061699964
-119.31756321897238  1299.7066347829418  -2.996442446331028
-119.3556824485475  1299.3053620551436  -3.2608452986573693
-119.45737479901398  1298.9321780089338  -3.269155128560064
-119.52010346060109  1298.4937391348471  -3.4882248912488545
-119.65386487029026  1297.9938677077585  -3.421447190626202
-119.77355073119747  1297.327360211203  -3.639011204055584
-119.91040935446594  1296.6028008897358  -3.5238469064573312
-120.00376925155737  1295.7516807440597  -3.5849299362754157
-120.13226557505112  1294.8662810859507  -3.360622614161379
-120.29316934782027  1293.9157238298385  -3.3402304304862165
-120.48165240751152  1292.9938058450984  -3.212282623449105
-120.72513761705078  1292.1034865493352  -3.237459926113488
-120.95620677487389  1291.337509756785  -3.1939201974406037
-121.26946271528844  1290.717775883376  -3.2461582082713005
-121.50877985781811  1290.2556502330542  -3.143361665377565
-121.78957429656784  1289.9562910334562  -3.200370554910246
-122.02286578269987  1289.8433891820007  -3.14724710142852
-122.29086992840601  1289.903452011084  -3.356229344635714
-122.56698469759753  1290.1025447928714  -3.4920256299315104
-122.81703869538617  1290.3489159065582  -3.7294037833655556
-123.03951417508219  1290.6527241157464  -3.8892715484773137
-123.20968603489649  1290.9138657510327  -4.089516269729827
-123.36417700392106  1291.1049065721616  -4.37584757201749
-123.46524335711042  1291.2043633922963  -4.6987434691902115
-123.54241592392455  1291.1902157172244  -5.05618059909755
-123.58365463999185  1291.0181219435578  -5.41288291981405
-123.51142922935556  1290.6684341720343  -5.74282895998114
-123.36071001928794  1290.1418427246595  -6.053369246262554
-123.16418289620879  1289.5027847437216  -6.4037351992931875
-122.98921158859609  1288.7130499126497  -6.829952871806061
-122.86091917168004  1287.821941687078  -7.338349405894624
-122.70705817564105  1286.823969155018  -7.866871047904695
-122.61148913767674  1285.8063735278909  -8.31898364639514
-122.46991644935034  1284.7834398782948  -8.847365115161713
-122.36709247943053  1283.8519217701164  -9.217628682770279
-122.23494663375358  1283.0616182522997  -9.668512448203309
-122.15619583799715  1282.4373528229526  -9.852119098023142
-122.04474280653385  1281.9915507814444  -10.147524614053573
-121.97250127051208  1281.7331604381386  -10.16745373989369
-121.85006775084285  1281.6695880081188  -10.338900695426593
-121.76005634861217  1281.7901587878694  -10.246407004479336
-121.62542653239088  1282.0113638548155  -10.40572035274919
-121.52494610390079  1282.3779652337982  -10.292328830207621
-121.36813000842699  1282.7963795403427  -10.461368898785716
-121.24062472184404  1283.3089069281182  -10.435958939426637
-121.10739391246356  1283.796859293118  -10.690774549066353
-120.99348464256717  1284.245540606274  -10.726449031709585
-120.85364367365031  1284.5949845752064  -10.957885011364562
-120.681601494869  1284.8844619928823  -10.982155793901644
-120.50889668067427  1285.0427785494498  -11.254118223237366
-120.26578317552804  1285.0660781271163  -11.256733604936825
-119.9786499584111  1284.8788179813662  -11.49417503503219
-119.6956981228916  1284.5409401532527  -11.476175934503296
-119.42440742904677  1283.9991596005084  -11.862905374423526
-119.19577817081898  1283.2839218014617  -12.016636421752706
-118.95114960708707  1282.375839707963  -12.578128121449097
-118.75960666103195  1281.308322405569  -12.781185148454114
-118.55890874885954  1280.0920854585943  -13.31740670635235
-118.37058570210554  1278.787253621762  -13.486741574693728
-118.22259579873788  1277.4185153744188  -13.873740798157627
-118.12779425222776  1276.0469645710384  -14.042866069423301
-118.07189358287035  1274.7220926789228  -14.389383362527607
-118.02525163560014  1273.5713827130921  -14.68165622659056
-118.00558949644272  1272.6420104949043  -14.987451162936775
-118.02242934573485  1271.9165801040472  -15.266977234625376
-118.07335166410947  1271.3757819452508  -15.573167944512953
-118.14054884059468  1271.0290184920273  -15.801832428899159
-118.22561199781023  1270.877559218665  -16.129874312195604
-118.33155766808649  1270.8941312818617  -16.382701541646234
-118.45207118954195  1271.0085963802312  -16.899782510859914
-118.57999142001785  1271.2195234147543  -17.22232906882673
-118.71653076450642  1271.4181785984424  -17.761981283584706
-118.86628475499538  1271.5728298617441  -18.066740490029773
-119.02437259964351  1271.6588886921293  -18.59888331206373
-119.18467884108813  1271.7000083684127  -18.89276174576826
-119.3383972975314  1271.6905786169352  -19.38634250633298
-119.48807803222059  1271.625585517208  -19.638068614121845
-119.64381519068486  1271.4789988820537  -20.05106424448928
-119.81197649514606  1271.2660700095923  -20.232198508321865
-119.99701510708388  1270.9319176742752  -20.55233168011671
-120.18908714033334  1270.5121813375079  -20.656823745541548
-120.38159837068359  1269.9839316775797  -20.931596437258264
-120.57116653799146  1269.412012447626  -21.000621871058136
-120.76137733140479  1268.7931391433226  -21.245949052333156
-120.95905493593713  1268.1994977850388  -21.262688484311525
-121.18800741454379  1267.6387202988842  -21.446321704324347
-121.3977193238201  1267.1607876690564  -21.427196883916437
-121.59633506796216  1266.7645759179911  -21.572508719620828
-121.7578511342085  1266.4467713517868  -21.568434340627228
-121.91730535955895  1266.1968003778447  -21.755685946632013
-122.0629022875117  1265.9890007019453  -21.80121441440609
-122.19919477163269  1265.8145888773279  -22.049243458158315
-122.33650420260925  1265.628903090862  -22.111160569934555
-122.48470971944013  1265.4311502374708  -22.41819338372177
-122.63961641759408  1265.1660819731812  -22.51192705535759
-122.78598717484849  1264.7851281100984  -22.84880908957279
-122.91612216076558  1264.2363815361175  -22.895902809280877
-123.00979495940719  1263.4771931184662  -23.225732108327325
-123.11072286650693  1262.4929043719167  -23.353702803204484
-123.15867685364029  1261.1952986387225  -23.753858981928854
-123.22341058002107  1259.544125721915  -23.724575973394778
-123.19132659160515  1257.4208504233923  -23.73660720919478
-123.24461243842885  1254.8257715343016  -23.334400321845145
-123.28864101979092  1251.616118836281  -22.834967920055522
-123.40604051551391  1247.7136706443266  -22.181805595422226
-123.37027521152936  1242.931829645027  -21.72977893998906
-123.21210509710853  1237.316205135416  -21.557709810813343
-122.93717678529646  1230.7944994744191  -21.20246851101566
-122.6300667036549  1223.5636154669337  -24.113546347161975
-122.31140553913788  1215.5447275457652  -25.738622088050278
-121.9617330420909  1206.861097158445  -30.391767430878794
-121.24099464591107  1197.2894305976224  -30.07205232036501
-120.6259336520114  1186.9351087803982  -29.095638821558968
-119.43469622910077  1175.6248599436453  -25.583149329126876
-117.95460679478151  1163.4992155032346  -23.61257099874749
-115.98972663923696  1150.4585889979182  -23.425703237584642
-114.19299162013023  1136.9019254778523  -22.52214408842287
-112.73473249190761  1122.706549837881  -20.734604559430107
-110.59549584689462  1107.9488549700663  -18.618668464164003
-108.30034179911885  1092.3742943483692  -16.16874173104364
-105.01735192466103  1076.169590454011  -14.187710435080659
-102.18363683533904  1059.4036281360225  -11.26579243476766
-98.59349411224014  1042.2632784682937  -8.168632728060759
-95.06364918978171  1024.8938782970954  -4.86418063663959
-91.05581760764258  1007.3523287129741  -0.9629848706990383
-87.35011995870805  989.7491880085496  3.9956464868440364
-83.62281058796394  972.1669877028669  7.651157977084624
-73.71248810704205  954.7933988987224  9.77374184106616
-62.6886885813923  937.707461452526  10.941592818457025
-53.85102380534362  920.9649255969549  13.778225250344102
-49.14517178630625  904.4782477074525  18.204054015474494
-43.18428725225602  888.4824364198154  23.5781009253033
-34.02959428529253  872.8737975094339  30.32225029383064
-29.166500113823844  857.8756560857728  37.73215466292619
-27.89791218662778  843.0066054149288  50.648511518484845
-28.240423781163305  828.6399916421755  64.76409080200244
-26.69437861645794  814.8391258840157  79.59111727531842
-24.553313193233173  801.8490958170408  90.74280056907031
-22.443330259850754  789.5034643554916  102.01595560347528
-20.41174972966662  777.6247941392065  114.14949322104391
-17.974398572546477  766.4812339797413  125.7958109338638
-15.59719118396937  755.9967255219369  137.11372970034645
-13.174711592408299  746.3100967266771  147.35249875347495
-10.923020679805191  737.1386330903817  157.52291227652555
-8.514208007299496  728.578197932243  167.15586811065685
-6.2499244545036055  720.4571546563725  176.72369997185845
-3.935054539748246  712.9125384909513  185.70652735160778
-1.774541171720605  705.7352313620781  194.52076330801543
0.645808855865357  699.0979656915033  202.562688877333
3.1034759603241757  692.8304722666436  210.24327470243392
5.902671831277134  687.2133953084435  216.84034052640607
8.605990616999726  682.2292310149525  222.5514543457245
11.471307761593224  677.9240338304526  227.1759789699891
14.140848003257453  674.2998628889993  231.1895946777358
16.962976146681463  671.2631494136865  234.11503540278616
19.389655044976124  668.8979590570668  236.1438167403302
21.4297741966885  667.0784332756448  237.11029501707074
