57.58691958346852  670.3707420573412  209.81206820730532
57.030678125696475  671.6402425154133  204.11399157499528
56.260126165357434  673.1230793975691  198.1720929477778
55.41077422399582  674.9198858939548  191.69192402672095
54.21982251005398  677.0236810210616  185.03040681834142
52.68940107607152  679.5218563606676  178.0619691968926
50.6429065126469  682.5067206485834  170.769644320591
48.2915183110157  686.0968841652295  162.97716966379048
45.59268370422299  690.4160347611871  154.63432675329207
42.50994288925139  695.569724619591  145.82225809411344
39.020916186651064  701.7331725694073  136.55349337858496
35.2814057004735  709.0374845954997  126.78491327629649
31.62872447395183  717.5763125888644  115.97674702075969
27.79501648181884  727.2995948918189  104.41922644038084
23.488730591518326  738.0227761581477  92.81385065126693
18.74301640430169  749.6556101004671  81.80758209591112
13.716130444008027  762.2318872918496  71.17259668557688
8.55924789944984  775.8614338788934  60.537796211736925
3.050245977637093  790.4986152901471  50.497958660609086
-2.7677673353856274  806.0387753399381  41.15161768813762
-8.929754951248622  822.3622152376619  32.760187967746454
-15.145966870692412  839.4025296298112  24.804571651725865
-21.516538660029966  857.0572011720565  17.778713022494493
-27.821611479964943  875.2039708337019  11.716552936339188
-34.3710216621652  893.7065152766462  6.805890377055453
-40.809270078012645  912.4320490187347  2.675094713170181
-47.291062218858144  931.2502207413688  -0.845445256151852
-53.52637038737886  950.0540696303136  -3.7228517758865673
-59.72943422829747  968.8220906875956  -6.121457625684199
-65.66253319683904  987.5863556693323  -7.964237508437124
-71.48929013867327  1006.4566857184182  -9.434225494123696
-77.06256002125585  1025.4681528058786  -11.02757714503543
-82.62738599655556  1044.6376318139423  -12.456995693645876
-87.61742669770265  1063.8254895868959  -13.78238118336579
-91.9961182563783  1082.9319394493084  -14.37476450307599
-95.5792182638207  1101.9576999218054  -15.024361002405847
-98.83389677946413  1121.0170266972289  -15.118431003441115
-101.98601449924016  1140.0723609336476  -15.762365079491826
-105.00498243707574  1159.1800145736108  -14.828877287097571
-107.85941440449737  1178.05528019695  -14.852957504751544
-110.43672329801227  1197.0317602904051  -14.957714286210988
-113.15160455228622  1215.85908033648  -16.39717172481163
-116.14889802388896  1234.7270745413866  -17.354935047795447
-118.98800346447005  1253.299488742354  -17.554048043833397
-121.34660046789435  1271.627148013447  -17.746724700925373
-123.18519247581898  1289.667268990509  -17.725215850447103
-125.04813737304482  1307.3480325780222  -17.57635517097662
-126.80170147563965  1324.567864108215  -16.63876535174724
-128.26642628210848  1341.2153628040685  -14.724903102241216
-129.48259882181327  1357.1631345617827  -12.661225440792194
-130.39384470980315  1372.2772328803246  -11.047948480150547
-131.22546491092618  1386.3429283665516  -10.204558033863476
-131.82184741566135  1399.195602840118  -9.533834660474332
-132.31769706441403  1410.6552826816057  -9.016435139690222
-132.60866411532726  1420.3778414162978  -8.924066206871347
-132.85480165201648  1428.5079922731122  -9.13216370263124
-132.93255345729318  1434.8524996972105  -9.621985842941326
-133.14675249433904  1439.743289863543  -10.149175069076058
-133.22673086354877  1443.0536757414711  -10.773273245151275
-133.3481629009406  1445.1915748739543  -11.415132633333906
-133.20052103039228  1446.3539040561616  -12.167107186641726
-132.91830884331426  1446.7040055290427  -13.005402997143037
-132.58637701656684  1446.4185562580215  -13.88038189141825
-132.26680258184533  1445.6228270573313  -14.641170994211024
-132.0063177966324  1444.5597709718138  -15.261382962843491
-131.7723315335939  1443.3669704840465  -16.01340512903219
-131.60179034649408  1442.208366287532  -16.960304246830997
-131.48608803439157  1441.1969113823432  -17.935775965541993
-131.38559691161964  1440.3832557728833  -18.74393547480746
-131.29591339034147  1439.7263593623275  -19.375761722382016
-131.19629205830506  1439.196532911142  -20.006659004824336
-131.089047748894  1438.7791032145287  -20.64555455179835
-130.98078523669398  1438.426470330403  -21.27146927741927
-130.89788441823177  1438.1050651989106  -21.896331066403928
-130.8246447315583  1437.682078877164  -22.515402702853486
-130.75019489921038  1437.1388438165186  -23.04504170041242
-130.67914650432354  1436.4039951796904  -23.624170474860932
-130.62581009875225  1435.4762066753358  -24.049566121493754
-130.47424101900953  1434.3731487184523  -24.682489805128064
-130.30861262535672  1433.1257841583952  -25.077171436531085
-130.09036212770656  1431.740022318549  -25.805199672772034
-129.93134896876856  1430.2315696313026  -26.315260991582612
-129.7103528705742  1428.5992039377543  -27.09245284230563
-129.48433126392695  1426.9231160955567  -27.55848188797352
-129.29033676329163  1425.1896870176947  -28.223553063612407
-129.14548290553347  1423.4411498751072  -28.70103516213917
-129.01581706526184  1421.712015819677  -29.302980045880865
-128.90916385857352  1420.0664465932236  -29.59252340145355
-128.80947210707342  1418.4821394251574  -29.887789145739738
-128.73762846246672  1416.9509923413575  -30.000598077656868
-128.62097117486363  1415.4474930068154  -30.333612466760595
-128.4825047085299  1414.013485898279  -30.528887136012365
-128.3176044139384  1412.645207158104  -30.83599696286585
-128.168210733359  1411.3762522287143  -30.852675190835907
-128.02731868664472  1410.1823038291586  -30.968922337869685
-127.88418933966696  1409.097355265134  -30.86282225359467
-127.72943036026737  1408.0793505474235  -30.89953273104812
-127.52356731673454  1407.1309461285666  -30.859777869977187
-127.31384205458407  1406.1900134998746  -31.038417203140902
-127.10408096973721  1405.2584586587695  -31.15317687706642
-126.93396375512378  1404.335503012471  -31.377777468159714
-126.77648180705589  1403.4578464808878  -31.42475825682719
-126.62842073790445  1402.637783472571  -31.547659328473003
-126.49777929055068  1401.904413140572  -31.503615388746695
-126.37745644504652  1401.2879380956588  -31.550987913428276
-126.25924212946018  1400.78868552527  -31.47340666871393
-126.13801130125222  1400.45045833937  -31.487943506653423
-125.94741623802676  1400.2993223216804  -31.303125694316808
-125.75998692554204  1400.3847896778188  -31.300613568264836
-125.43867412991597  1400.7093492449749  -31.128531192313382
-125.16445009052465  1401.2414006386393  -31.23783221547841
-124.90735546065771  1401.9662400278103  -31.048231402976164
-124.7558600430834  1402.8056377388652  -31.0998703245926
-124.59722801871547  1403.7337521660136  -30.988467308165127
-124.37788378036215  1404.6659849770379  -31.198510228046693
-124.09735592416793  1405.5847394435457  -31.284114271210367
-123.78061040337333  1406.425369294159  -31.548452797525364
-123.41994102121278  1407.1630292024527  -31.656602794018266
-123.04275989347896  1407.7592312604013  -31.9662501387836
-122.6064713778244  1408.2344786471997  -32.11612051065447
-122.18039482750719  1408.5379216059696  -32.39958405500222
-121.74427594042459  1408.6487037512727  -32.539591407487094
-121.363601632556  1408.5149330584118  -32.94260617348776
-120.96644733397389  1408.212358540407  -33.222162253299174
-120.59482701403576  1407.7461744504076  -33.55616715880248
-120.24706021856218  1407.1779364258089  -33.56955656041541
-119.95611276744405  1406.5363632782887  -33.60219290888927
-119.73889174582149  1405.9368207191656  -33.5661182060201
-119.52031769747967  1405.4784441767597  -33.528579952314416
-119.35615133666789  1405.1715048813037  -33.3829385983052
-119.1707324238719  1405.0615961851659  -33.11320915324305
-119.0460242229731  1405.1741161550854  -32.812423852346505
-118.92864331116424  1405.565660264685  -32.348623095278654
-118.8634567099571  1406.219465207875  -31.705684831435974
-118.79989037557928  1407.1053053367646  -30.879569066326177
-118.8673877554432  1408.194042893697  -29.986563249828798
-118.95292592188963  1409.4602612322633  -29.116129511902017
-119.08401644675419  1410.8749668669104  -28.25680209434645
-119.09198949495293  1412.3869926921886  -27.429081844229927
-119.10454671807742  1413.944083627728  -26.576999470829172
-119.09876969838967  1415.4379434140985  -25.823953271392043
-118.99443728500798  1416.8448809791487  -25.19194839908745
-118.86018870539777  1418.0406521975092  -24.708468822485628
-118.63765773772822  1418.998515988834  -24.190619007253023
-118.48029251807513  1419.7214314009145  -23.842936949505912
-118.32461074307484  1420.179831122563  -23.502496282778008
-118.13045024866048  1420.3573639611209  -23.350967108420004
-117.90881030661706  1420.1716243338676  -23.03933742169595
-117.64783675676948  1419.6525583509126  -22.994380858901927
-117.36402350914962  1418.8447636461724  -22.746827396510383
-117.07109644553395  1417.7646051768297  -22.68984391796211
-116.77841715834131  1416.492389433613  -22.26929510514821
-116.56523302205143  1415.0134426176744  -22.06144478363328
-116.36655836148073  1413.4160074031504  -21.64633241832247
-116.14404543706962  1411.70428853468  -21.588508845473545
-115.92348849055963  1409.9508541457435  -21.201563330205698
-115.75349640243783  1408.1703477668575  -20.965536221042022
-115.6747256829499  1406.4229675585134  -20.359918030181685
-115.66376320306222  1404.7220081761182  -19.948320708326705
-115.68004615200991  1403.141458272739  -19.407411328763793
-115.81226249137745  1401.7765544899964  -18.85697968126835
-115.95544924147966  1400.697035783028  -18.221933121197818
-116.09545147135991  1399.8691717850493  -17.533002858717296
-116.22958938241113  1399.3484223133664  -16.893831462284247
-116.46408265482977  1399.1185803305223  -16.349372619028937
-116.71935409268224  1399.2515580877453  -15.867456530312081
-116.91622085534534  1399.643296037464  -15.342634323942548
-117.02455293207856  1400.3079035692683  -14.71713316178564
-117.17413780216839  1401.2023075422958  -14.01833751841918
-117.29742557338803  1402.294718195912  -13.345322725436048
-117.42098492258282  1403.5443354290855  -12.829594619986938
-117.4997178388204  1404.9095450967532  -12.131155959321294
-117.59935636800476  1406.3180762291645  -11.549252762181137
-117.70016125062055  1407.7733103116511  -10.719072930199324
-117.78961621292706  1409.1792981578205  -10.296194109406217
-117.85485941786945  1410.5618456530592  -9.790714383769677
-117.88256154228029  1411.785796931056  -9.646599348676112
-117.88113872396278  1412.8464596603442  -9.332242588312262
-117.84548214345752  1413.7025232142414  -9.23880073081205
-117.79391288006212  1414.4072248270652  -8.997709881755343
-117.730226838454  1414.9302219107205  -8.94569723498233
-117.67680807852709  1415.2670033179284  -8.762373388475588
-117.59440248930794  1415.3698666162875  -8.81023183574636
-117.50432038185109  1415.3184924857803  -8.73172135657354
-117.38786422415028  1415.0856386447226  -8.849229242242686
-117.2727032984113  1414.7229653719296  -8.727941647278083
-117.13485480903097  1414.2028708045812  -8.748483410052293
-117.02501377534395  1413.6092917404126  -8.598676893368001
-116.90581549859847  1412.9719823809282  -8.645828215880016
-116.85027629444187  1412.4011811178218  -8.59631512469798
-116.74815850635332  1411.947661426959  -8.666028135707219
-116.71415388390858  1411.6214359338378  -8.578391559612026
-116.65070050654953  1411.444156574995  -8.688640103482573
-116.63431284209085  1411.4654771793178  -8.577207529834686
-116.58535825709772  1411.7278265291166  -8.790996450372916
-116.52749410789845  1412.2426822055284  -8.70846488797923
-116.45320261082595  1412.9504473028494  -8.849772805461706
-116.37866791555781  1413.8583612239759  -8.670696479167152
-116.29194134168385  1414.8687243050986  -8.826745516364843
-116.15816052913296  1415.966142695821  -8.940395391049671
-116.02426331313738  1417.0791197166593  -9.215202153068546
-115.87149696379224  1418.2255119055505  -9.24643730842185
-115.72221875791303  1419.3263949808882  -9.442338476150438
-115.55158136320743  1420.3706867005023  -9.514412859452634
-115.39389011589788  1421.2406007499278  -9.79402804417825
-115.2424344392435  1421.960570506691  -9.835142134239144
-115.07457333000677  1422.4393018554451  -9.981682867345377
-114.89781037578356  1422.712306849182  -9.965303123690775
-114.73854995301738  1422.7104458327183  -10.224965235373295
-114.60738227674364  1422.4576532242454  -10.268567985233368
-114.49900504684936  1421.9462597835352  -10.45793382305025
-114.42814012280007  1421.2008834431408  -10.328484819244135
-114.30400222189924  1420.2223936416028  -10.648007768277731
-114.18559120266372  1419.0767044906552  -10.703358726374223
-114.0569013588695  1417.7427868228974  -11.1037035515109
-114.00492874413524  1416.3266035227293  -11.155297066676374
-113.96498670629597  1414.8408464901286  -11.424863106820029
-113.92202877923296  1413.4442043710017  -11.376428772612213
-113.8893602238997  1412.2245244621765  -11.470434338076622
-113.87443260155419  1411.2381175836167  -11.405899509500719
-113.90703525688976  1410.4449339287066  -11.505854239230096
-113.95525044598406  1409.8936064794539  -11.465889003289636
-113.97453278844507  1409.6117733531196  -11.5473315490935
-113.98156172709659  1409.6650319758842  -11.348333894276243
-113.99476566499621  1409.9575704150975  -11.377637150362483
-114.10326417292646  1410.4842145190325  -11.16817084875085
-114.26682184993103  1411.2039495928234  -11.229996265331266
-114.4354426504244  1412.1127299819946  -10.867204562031631
-114.55613919567183  1413.1400620606041  -10.844945483121478
-114.67351778549374  1414.261878321194  -10.680292435213424
-114.77166000368094  1415.3903918094559  -10.775921316312935
-114.88709358408774  1416.5231014707588  -10.657623041254771
-114.91821835163859  1417.573582955501  -10.630538740243495
-114.96208946468097  1418.5126958271892  -10.58115606351912
-114.95231219850244  1419.2866906730123  -10.676070167818397
-114.97456722522618  1419.9260047169896  -10.769208837768804
-114.93997911546818  1420.3759875804312  -10.900898483450664
-114.87408019263292  1420.6306577191406  -11.00710307897509
-114.7768487406283  1420.6238795645957  -11.14681145394151
-114.66881593405726  1420.4428150317713  -11.33542619024431
-114.5553376510016  1420.064068076616  -11.544180818047549
-114.44132707922354  1419.5672384965692  -11.81996881558239
-114.31082088719296  1418.9579323610867  -12.157923169598856
-114.21264738026296  1418.35397919133  -12.543462930926827
-114.07797041334229  1417.8269103946718  -12.934194240549992
-114.00945819981543  1417.4372566900342  -13.283422809338202
-113.8933512566984  1417.1552427667116  -13.608980683249532
-113.82649577302338  1417.0256745504796  -13.846552666707924
-113.70995025582249  1417.0496954491537  -14.18537035384656
-113.63021630130258  1417.3051224813817  -14.384144000461525
-113.5354867553152  1417.7058989922202  -14.780037079825467
-113.47057266361986  1418.2679167799934  -14.980143980823877
-113.40473025891866  1418.9149635316535  -15.32307170161442
-113.34189390437237  1419.6556621543002  -15.414340922774606
-113.24174717294109  1420.3886079924437  -15.59923078978905
-113.15422056314593  1421.0182499313264  -15.69147434890421
-113.06048666412474  1421.5115812987149  -15.948996550263661
-112.98723247668786  1421.8140393635547  -16.13043408030594
-112.897338222659  1421.8938550925425  -16.54020629457353
-112.66055751244483  1421.6851292098227  -16.644843737013975
-112.41881942988279  1421.176206861995  -16.970011553399875
-112.13614053822491  1420.4061639783286  -17.081961615453228
-111.94316102248742  1419.3523868132802  -17.436140641847622
-111.71843959071236  1418.0906427444959  -17.513312346163183
-111.50271163671904  1416.6678787009903  -17.709651607173313
-111.35263683975332  1415.2100348873864  -17.71904328072394
-111.23672760973713  1413.8099383905603  -17.838499841529803
-111.15553536867614  1412.635766442089  -17.683158479734555
-111.12423622444973  1411.6746013956904  -17.67734782694301
-111.12432470991692  1411.0213712270897  -17.50209957077678
-111.12211259406664  1410.616726542852  -17.441812283095363
-111.1675070633558  1410.5467379997854  -17.004039329325863
-111.32139324505815  1410.6964379509384  -16.69123191326741
-111.5607167296059  1411.0784968895446  -16.120262603942535
-111.72483366775042  1411.6090838262764  -15.850686831809234
-111.8352050999796  1412.3082854011745  -15.323676554809174
-111.92249806946873  1413.066792758465  -15.060474246458835
-112.02567639835786  1413.8771746032999  -14.611701502443177
-112.09837898002031  1414.635629184845  -14.42577902176151
-112.15544285507212  1415.2996144717576  -14.06470779682456
-112.19678517536234  1415.8229964274424  -13.954675028869314
-112.22128080978518  1416.2397103057265  -13.668369518835753
-112.23204865232472  1416.500868749134  -13.634119143237328
-112.24694830907058  1416.5944648923632  -13.478289956013827
-112.23146541270188  1416.447681855803  -13.638087501633983
-112.1837569824056  1416.1386277788085  -13.697865866654467
-112.085647833286  1415.6458316977296  -13.979875234837266
-112.01923527372361  1415.0341093717298  -14.102185643567282
-111.92003766389847  1414.2871269495545  -14.45177455322344
-111.83241461450194  1413.4897097067033  -14.755817363932099
-111.72003763972695  1412.645700688066  -15.134491963752195
-111.6223980343921  1411.8121723017227  -15.371398409405828
-111.49321477828039  1410.969502377222  -15.741376335485107
-111.36119659134998  1410.1759640029086  -16.005851687599833
-111.24347489478143  1409.4654686345777  -16.466386462209385
-111.16633071106637  1408.8684760005622  -16.685567603400294
-111.07985086060879  1408.3972729146242  -17.210540747809432
-111.01963922169837  1408.025785491237  -17.535518072336444
-110.95858440603186  1407.7770833804889  -18.13585824305614
-110.91840124224211  1407.6438858026863  -18.52437278929482
-110.89262371536219  1407.6232004486997  -19.081115818583818
-110.88637743074291  1407.694328504717  -19.429869027183425
-110.89391700200969  1407.8235354534786  -19.889617777956
-110.9005717245486  1408.030679198759  -20.140850224083863
-110.90670013936318  1408.2609036760425  -20.524662713175037
-110.9189812515033  1408.494893410212  -20.697269011891414
-110.94324344352097  1408.683798780401  -21.038478627670543
-110.97817919511822  1408.8056044398618  -21.179155123539267
-111.01882946925679  1408.8653880631593  -21.527306564641094
-111.0591591873453  1408.8161204212095  -21.708072118662713
-111.09799531834307  1408.6479381393556  -22.081994675074647
-111.13895207669803  1408.3540062304985  -22.188090260835544
-111.20575690584518  1407.9834946617607  -22.41634402891266
-111.30150536968604  1407.657249689498  -22.34746986155009
-111.42467798223971  1407.42609801779  -22.493256570896587
-111.55378283160151  1407.303082717363  -22.433458526042255
-111.67142314575881  1407.291382039614  -22.55202658172142
-111.7803239043914  1407.3996758907533  -22.40365653398627
-111.86965290420969  1407.6395610443774  -22.357992803197522
-111.95167072102514  1407.9858249637373  -22.055158523941977
-112.04333981337332  1408.3723158319806  -21.946022819591917
-112.15163381109478  1408.830707471308  -21.643022694545255
-112.28927639426179  1409.2867606502698  -21.583126940278053
-112.40649233049558  1409.759258745209  -21.32347448187943
-112.50317475878131  1410.148433457813  -21.266155499622123
-112.56534463850085  1410.4763845195725  -21.00885852553587
-112.6207133666418  1410.6854306055213  -20.922276253255728
-112.67523706108518  1410.8053334972979  -20.63510933033297
-112.6769421444381  1410.7777426031766  -20.525759195209048
-112.6896768086809  1410.6517280854227  -20.28946750493486
-112.63358315866836  1410.385352413874  -20.294251240878754
-112.60802414556429  1410.0342359006615  -20.192124135436515
-112.54976955542959  1409.5358615625541  -20.248522523279064
-112.52155814847265  1408.9323900707113  -20.057361873682307
-112.48140835210195  1408.196308504153  -20.06582424663395
-112.4169735450296  1407.4045685564943  -19.929071733417583
-112.34202046832475  1406.5415580743218  -20.01935080452056
-112.26571438366982  1405.6329233460294  -19.827857017923876
-112.20144873719984  1404.6441935689638  -19.69677526963838
-112.16738568579075  1403.6132940062453  -19.39906272657484
-112.12046066500184  1402.5633921940068  -19.25733636528843
-112.11774077374838  1401.578670148696  -19.023350608632775
-112.10345542130132  1400.7323966579927  -18.850104103827043
-112.17268535569278  1400.055499571988  -18.517122874405064
-112.22127671034814  1399.516137822366  -18.237215079920958
-112.34983585208968  1399.1327182993812  -17.948696251900685
-112.4289210073116  1398.8795403125528  -17.75913923913295
-112.55915703992498  1398.8118615830351  -17.572880193648338
-112.62365211896191  1398.8441446986653  -17.369735579876
-112.73875290272504  1399.0087628395  -17.16981716805987
-112.7839442709494  1399.2054659666417  -16.97462692907723
-112.86580687039549  1399.3592469250493  -16.7988356387243
-112.8609327518253  1399.4260352516114  -16.626183001173217
-112.82662087212387  1399.3200569601834  -16.448916227113827
-112.73534629442463  1399.0056209928732  -16.418839370518555
-112.69943763246484  1398.4065657620447  -16.185801052075888
-112.65870742765428  1397.5258407364702  -16.039915051825723
-112.6127721848116  1396.4051774628977  -15.7914694706509
-112.5239446139349  1395.0226202393085  -15.80171381058561
-112.45281383166129  1393.4324281491993  -15.780582586644584
-112.37062508631585  1391.66906654374  -15.753666058972838
-112.32629039304723  1389.825929141452  -15.652035559834959
-112.28860232622135  1387.9913026920747  -15.628935685836112
-112.30080843764759  1386.3599620957218  -15.614181150234263
-112.28967321248666  1385.0337517027738  -15.753294723940343
-112.29471715852733  1384.0099671469702  -15.736620444227315
-112.33078067927254  1383.3146359723742  -15.823972843946624
-112.39926547091007  1382.9580149512392  -15.738966430241831
-112.50886090305866  1383.024716483635  -15.868904048683174
-112.59237185576629  1383.4052732821242  -15.803898298684597
-112.67481825844186  1384.0652634795426  -15.990536064375286
-112.78102652093119  1384.9395755211144  -15.903447738817611
-112.92298475113851  1385.979805464707  -15.971420711638398
-113.09561841116705  1387.1174792788904  -15.846881114793925
-113.27403059968061  1388.2583121282976  -15.87128286954825
-113.4622041926699  1389.349666984069  -15.744064814151445
-113.66279180944841  1390.3193674221347  -15.629421094496085
-113.87098559551308  1391.1211226597625  -15.429980294767201
-114.0607707010599  1391.7488623091444  -15.338563133063959
-114.23020286229651  1392.1642226879262  -15.24955889305054
-114.34374314512348  1392.3618677578797  -15.280293899839739
-114.50305801418017  1392.297630354606  -15.162341537476483
-114.59630691477165  1391.9722007211649  -15.249219406311887
-114.72341614217896  1391.4366354788403  -15.2523753894864
-114.65015572856883  1390.6620071250522  -15.549782656154918
-114.63407741497788  1389.737030179693  -15.665888868850821
-114.51986673777219  1388.5942504824197  -16.155601173631133
-114.50654409775244  1387.3500529983962  -16.64793065747743
-114.36845938039066  1385.9849220330502  -17.298334169917105
-114.17837068360464  1384.6144828523263  -18.16999225799293
-113.95399862720285  1383.2353798182357  -19.086114515983677
-113.73677619084035  1381.9106735230537  -20.26556634687529
-113.53986362247385  1380.6643889031327  -21.150309118530803
-113.30866668806402  1379.5378308912248  -22.227480176162473
-113.0841051015232  1378.5970257484967  -23.167968676943147
-112.88877252876303  1377.839681110518  -24.165348479311923
-112.71233364145806  1377.3148312720532  -24.991002349727953
-112.56234394778527  1376.9931072406782  -25.777772350084536
-112.4243071134492  1376.8934345328712  -26.45015850402875
-112.30595279162235  1376.939447488077  -27.05382273251204
-112.20282437788474  1377.0585877055248  -27.552796489458153
-112.10563335902495  1377.1609260299003  -27.95363761572643
-112.0108101987208  1377.1857253746314  -28.252660023976237
-111.90309848008775  1377.1369026413754  -28.4419968582127
-111.78693115091758  1376.9602361549387  -28.527352964985692
-111.66673407082948  1376.6548347382964  -28.5381130565449
-111.55234653244756  1376.1796656173929  -28.537296752430745
-111.4640563041254  1375.5881580658292  -28.545531082018783
-111.31724800480097  1374.8399121522293  -28.590738589274103
-111.18564872664012  1373.926725841086  -28.48170668065678
-110.99024943923044  1372.830649551854  -28.395029520115664
-110.87777874309305  1371.608526403549  -28.122868265562012
-110.75308083582999  1370.2774715018184  -27.897795173453417
-110.6976998104962  1368.9112856813172  -27.541688434882747
-110.6530535908956  1367.552657372453  -27.26064304058383
-110.62500785127128  1366.267848813874  -26.97929799182471
-110.63566510394824  1365.0904612216264  -26.59437461328834
-110.66344464905517  1364.083146823886  -26.094909094254128
-110.7854888757083  1363.2380437391444  -25.31315683435422
-110.91322375885981  1362.615213496373  -24.57801519678815
-111.06874127985535  1362.200989261863  -23.69151309131369
-111.19890545842836  1362.0236443178615  -22.94020622874982
-111.36161362773836  1362.010692204891  -21.966791305682502
-111.55212350007376  1362.1040103775167  -21.06069370711105
-111.76399657811945  1362.2576562073132  -20.084112941205653
-111.9882563055269  1362.4260490461804  -19.150061034257842
-112.19243755873585  1362.5475565192203  -18.21823140212586
-112.37533032127429  1362.6142330443902  -17.279570298797864
-112.50430678296627  1362.5676756493274  -16.396971047937285
-112.62463438082786  1362.388371308304  -15.576592340540563
-112.67480488741641  1362.0086231959278  -14.972449390457426
-112.69818010077759  1361.442869964646  -14.516164059982374
-112.6689788560328  1360.7084591453245  -14.174461517214437
-112.65611039162762  1359.847887407941  -13.80184516951651
-112.64057482708529  1358.891188877768  -13.561579809713912
-112.58550300786746  1357.8915910739508  -13.408327868360582
-112.47965902292384  1356.8646370587037  -13.365218303098477
-112.35436888819211  1355.848545445461  -13.32786420848799
-112.25139076721206  1354.835731232978  -13.336766044897184
-112.17329893916008  1353.8483492111077  -13.366410404319767
-112.08921445316945  1352.877169252775  -13.3946338536455
-111.99768775883219  1351.9308165251282  -13.422090601806115
-111.90230822582073  1350.9897889584313  -13.47007663914457
-111.8091012680243  1350.0608693975526  -13.580092130476642
-111.72119195562584  1349.1316741681244  -13.742400266174075
-111.66342858268406  1348.2087647877513  -14.056493123905863
-111.57285659887339  1347.2667892296236  -14.35490072018841
-111.54660364137852  1346.3132233176852  -14.637964172486196
-111.49609666207326  1345.3493026125923  -14.805650989153898
-111.55675413320438  1344.409981764472  -14.977923346488556
-111.5775453038392  1343.4890452140153  -15.146611919027865
-111.61951630023358  1342.5937677672985  -15.347143268418115
-111.60861259102862  1341.7052650845078  -15.595141961946831
-111.61992749879738  1340.8345953053608  -15.817350685629407
-111.6592701033879  1339.9915318919568  -15.983598585188846
-111.73894709966083  1339.1940006578925  -16.081463115026384
-111.82629544913854  1338.4536450883772  -16.175388827026197
-111.94444409275167  1337.7782797535117  -16.247424584352206
-112.04985678046704  1337.1972190871375  -16.292074974652877
-112.18397419067576  1336.7074720598594  -16.317704823280813
-112.34672845158674  1336.3067270808474  -16.299399665542307
-112.57343112057748  1335.9400866337169  -16.237041296856802
-112.79577307950734  1335.6046668268843  -16.166298543085624
-112.9533273278518  1335.2550152110557  -16.1183916004273
-113.0395873962749  1334.8617334765456  -16.116173553649105
-113.12251342197479  1334.3952411536313  -16.11519395744514
-113.20997873077329  1333.8673679127292  -16.121099493933
-113.32620483829777  1333.3044655726057  -16.12359633106752
-113.41528951127157  1332.694540415821  -16.12702083581526
-113.50143572169902  1332.0338935664165  -16.134291380863754
-113.58217660612708  1331.3235010776505  -16.130840804578085
-113.6832806760211  1330.5899710681529  -16.135984070625952
-113.79829341917707  1329.8475089625808  -16.132349910290696
-113.90472199178697  1329.1074893863279  -16.139726678982655
-114.00328542685139  1328.378645507641  -16.131890320023114
-114.10180038999546  1327.665689500294  -16.126893142740297
-114.20066836297902  1326.9595755531245  -16.115393230909014
-114.29898869884875  1326.2538011137458  -16.100939648893615
-114.3997881088077  1325.5354626326416  -16.097825440193585
-114.50471762343528  1324.8215217884308  -16.098593629094953
-114.60693539800826  1324.1059438235297  -16.115011167728934
-114.70127477400987  1323.398625613934  -16.15777229585251
-114.78058557538873  1322.6800943715352  -16.23848083522045
-114.85139893495624  1321.941568528759  -16.361311358511305
-114.9027921632248  1321.1732317657738  -16.49894691080102
-114.9592649181985  1320.3840580129413  -16.65997813351428
-114.99196532697226  1319.579547286618  -16.84631137923745
-115.04137563046757  1318.7571249957034  -17.071017577160564
-115.0564088795399  1317.8993413237245  -17.32692460740308
-115.10362174370663  1317.0067504230951  -17.678008638514548
-115.12971625181373  1316.0785902552605  -18.033467291978738
-115.18720994878909  1315.1288942855501  -18.428207061786797
-115.22991979165289  1314.1612751604166  -18.80504577210547
-115.28073864187918  1313.1783064310057  -19.28907329647358
-115.35681465221066  1312.174977069416  -19.73242975760739
-115.44036741079319  1311.1407179002063  -20.161702959993995
-115.53930318066563  1310.0712338558244  -20.5301092934959
-115.6177223346502  1308.9553013021086  -21.03476932245954
-115.69075827752485  1307.79461706982  -21.547913828753803
-115.77294229448057  1306.5760683996718  -22.163649645288828
-115.83018809351432  1305.285179815954  -22.867475631249008
-115.90972935072945  1303.8838500554225  -23.59666665265588
-115.95006633292493  1302.367277080372  -24.255556822550883
-116.02656056317801  1300.7100115526553  -24.8802412600623
-116.03702021411902  1298.8857233630094  -25.541843751475863
-116.05959213669102  1296.8357552334267  -26.303812639749243
-115.9741249833967  1294.4960396606107  -26.932150265811767
-115.94288123313443  1291.801375861259  -27.584575717456254
-115.76555711848776  1288.66698820887  -28.201230079319426
-115.49853077237412  1284.997422790897  -29.01294855672657
-115.01825163439234  1280.7003727193828  -30.219338157382907
-114.53533446772317  1275.7044749051274  -31.431046597087118
-113.92946565326397  1269.996566810692  -32.613713763496534
-113.35384433078016  1263.5369531793713  -33.33072976925157
-112.7579777323167  1256.262761300684  -34.14944404299308
-111.84393485230953  1248.086053614407  -34.9953457287764
-110.29622962954919  1238.9247012262852  -35.885170237700585
-108.45083914977744  1228.72917951643  -36.583040161527265
-106.63897533684164  1217.4680811046471  -37.068591336281116
-105.07012996259931  1205.1735720953068  -37.34958296965981
-103.36235586638466  1191.8641859446345  -36.862766304243145
-101.19369599314405  1177.5809024859127  -39.29376825117649
-98.5133472885934  1162.0458776433663  -40.194757002860975
-95.29455930594538  1146.0455899092333  -39.96920060802769
-91.83851830208336  1129.3767535098066  -35.88799389199601
-88.17104696951884  1112.4852011866192  -32.565552007288034
-84.49952960741062  1094.8001380918672  -29.859310470168648
-80.77043330919395  1076.8035325426115  -26.371799672542675
-76.89334331176903  1058.6755631550172  -22.221266043752884
-72.71543931249698  1040.5029910607402  -17.723262998218537
-68.24501243879868  1022.3480182546069  -13.244544961496349
-63.71976012245865  1004.2566116381054  -8.162336418272387
-59.10849006183966  986.4347608313852  -2.484152886785355
-54.61933103092038  969.0748606174819  3.4900599614343117
-49.985885745814294  952.31852030029  9.428659212082712
-45.345511924978965  936.2226077052336  15.320030738370367
-40.6846164857515  920.762445136562  21.282311825853707
-36.1085846936631  905.8704155738691  27.361889606369466
-31.53551899764102  891.4505574166795  33.75591691801382
-27.007341816106106  877.5000645165792  40.706616912586256
-22.482708374892585  864.0426275436155  48.159581500149194
-17.938888981131786  851.1744862734131  55.70420059537156
-13.440063970429323  838.8643514155195  63.36675781656129
-8.995970042525101  827.1152908957259  71.12138171783526
-4.814326648135612  815.8205150806067  79.46770106781295
-0.8818477521393007  804.95964265111  88.25786533721627
2.7591027007048594  794.4936457895469  97.50842956684966
6.29614166093444  784.5481707290637  106.62719318828444
9.77605598985491  775.1568268932566  115.57638135974982
13.07318424390241  766.4224676429479  123.95180256498914
16.215573730407165  758.1660504632407  132.25177900213617
19.05523204072547  750.3439751897569  140.40077446025114
21.64008308322805  742.7184913647833  149.01140007192635
23.86152201101475  735.3696601942482  157.62108718238156
25.87434751365973  728.2986981068722  166.30937041021053
27.930232297379394  721.7456219148627  174.4159651408632
29.96658961825092  715.7714995963155  181.6737046582041
32.2292749404416  710.5426163971354  187.9864921829482
34.3332662975933  706.0756882761793  193.26160119682595
36.248218083415615  702.3047580364206  197.8471766986315
37.7346289671351  699.2033905276141  201.54126498468415
38.94603055085456  696.7399741042082  204.47613996516176
39.914056292430026  694.8956009176948  206.72500687853145
40.62621264892858  693.4727814827645  208.57117059047934
41.054332442845485  692.2722656335877  210.19571551468601
41.41179023777422  691.2177978332337  211.65453786669283
41.652155896604114  690.2778543714362  212.89335885194393
41.889092314822804  689.4696856548396  213.98421746279172
42.0261425676219  688.6826399969826  215.1324925358242
42.161410682458566  687.8963179362601  216.31739027899232
42.21714471241021  687.053373224094  217.65662962453064
42.228980271739694  686.2214763979516  218.98653359426035
42.20973113113165  685.320557901266  220.5456966870499
42.19107110817025  684.3552531820694  222.2474203400822
42.187379800738796  683.2492648302051  224.29713381561444
42.171938690523824  682.0232781919482  226.6118492576922
42.24874603153803  680.68479006293  229.22891296183738
42.35471042338782  679.3502655210523  231.7597241327845
42.52250989741984  678.0754214735256  234.15263256350136
42.77030027732604  676.9002000099576  236.27760659142876
