29.053501972591118  718.6697069111036  105.18735860688822
27.498178323924733  720.3928910261735  98.8016519552897
25.425449258782713  722.6818625429485  91.69893208369115
22.935094265026283  725.485755484226  84.17852202811217
20.20976828574935  728.7541012224822  76.25402696178116
17.32852808825928  732.3725483983668  68.3336713294703
14.307934440217794  736.3855635842747  60.08636791979306
11.177042042254426  740.7522201540373  52.077321202855984
7.842236752688391  745.5250973554234  43.75667055525158
4.419491776146154  750.6478500893231  35.683680871144006
1.0100493874457555  756.1239699476782  27.505914447314368
-2.3934727001559355  761.9983863913421  19.943444124544868
-5.7520652177026514  768.4247342422256  12.236673525138853
-9.536311500197286  775.3249797532491  5.462248127924207
-14.027160281807994  782.5783275529773  -0.5180079567417106
-19.432138414052265  790.029787235934  -5.195569513352425
-25.268803264239516  797.826128146966  -9.418736695935776
-31.161535334749964  806.167509616419  -13.485317392245857
-36.905785974380876  815.2079115381931  -17.474868928793946
-42.59116578365383  824.9736580113112  -21.326293435883713
-48.649737096384555  835.459899318603  -25.252067870776465
-54.41435705667609  846.7077820789366  -29.22404460295447
-61.26170090573066  858.7492863204327  -33.47281059133181
-67.39953022710324  871.4882196584346  -37.37755286621755
-74.78874138369355  884.7913819234648  -40.6279480458955
-77.7882262086985  898.655324912484  -46.499438309646976
-78.80175334773776  913.0810456117191  -55.726383989505784
-81.61094650912047  928.288789803317  -62.7760663503247
-84.60154145954418  944.4988427386775  -69.47881828894882
-88.2389745510993  961.2555231237079  -74.08357910741522
-91.59274829077503  978.6101907737383  -78.78312337291767
-95.2445594729096  996.266699006395  -82.78325169723277
-98.66531682449357  1014.4973556807296  -86.07448713140177
-97.93345828188394  1033.000526415406  -92.13242608938796
-98.51469983780142  1051.6150743749972  -96.3476240917866
-104.27492247520169  1070.2825932814083  -95.77799172850492
-108.19339898653627  1088.8878435948668  -96.49571252978926
-115.95044048823961  1107.500324168426  -92.66333247760882
-123.22737469620786  1126.080907729388  -90.99839738025969
-133.54876862299835  1144.6485178936357  -85.25268860411866
-141.62286003364798  1163.1032108334657  -81.88213438691017
-146.52136347845374  1181.4225880274728  -78.81134710983584
-151.39931841494342  1199.4841310815486  -76.36839330734165
-155.94331346828142  1217.315881945689  -73.56950872355824
-159.56585065854063  1234.9196662227264  -70.99283726647057
-162.9696502098584  1252.3964347638628  -68.09925116176456
-165.2491430053222  1269.4613377551625  -66.23974672737135
-167.26650560243078  1286.2543689711235  -59.21493078893829
-158.82786245399166  1304.1525237073204  -49.93390777882537
-154.23914905376796  1321.0676101775243  -43.243498750577515
-146.09885388442137  1336.8516156718742  -37.85796485601276
-150.20007348436675  1350.5762695353756  -37.856936465254726
-145.8621510520598  1364.5340172579022  -30.81454538122061
-140.0608950770134  1380.1089857937495  -25.341980929621137
-135.98071145176613  1394.2249435545532  -21.27450081065323
-137.86664808745343  1406.8223977266819  -25.64284831083847
-140.18186700345746  1417.1463954835326  -27.284342051529578
-140.2414516386563  1427.4691424770522  -27.56006109173288
-139.99565505963707  1437.761345629446  -25.71401191492191
-139.79478148129317  1446.964365608908  -25.298286280272006
-139.88900469689813  1455.0419121157026  -25.584348522568103
-139.58235275403572  1461.9016482893303  -27.07088568965931
-138.90437790083655  1467.9137173900551  -27.795842027238027
-138.17327339759834  1472.9208205041805  -28.37345821058242
-137.46600304683813  1476.9426204885222  -27.52041285691498
-142.37878173352854  1479.8618273484738  -33.506273866495356
-145.178504983606  1481.9690042525704  -37.28912912823626
-147.0311670725516  1483.3119737479753  -39.95723616743338
-148.65361836058705  1484.0250182927152  -41.466449059957796
-150.22296280174618  1484.1778930162823  -42.89396485362972
-151.9335112440024  1484.560645832252  -44.57550813446906
-153.06993805781167  1484.3487762677241  -45.73464516796577
-154.06307875458737  1483.5835477696187  -46.667517235431966
-155.01340521484184  1481.948900772324  -47.33451299393179
-155.9261829466237  1480.5030204572752  -47.77946798567854
-156.72689452723336  1479.3937738873992  -48.09808243968464
-157.38388118763723  1478.2801148942926  -48.24424510283659
-158.02937845386543  1477.1505947226137  -48.31356934469544
-158.66122716627518  1476.053875591738  -48.299841983353375
-159.26193991020435  1475.0769974441646  -48.25686210703107
-159.79081078065195  1474.2304945675262  -48.12699899720013
-160.2528678123293  1473.489328402542  -47.98357731688957
-160.69645989041578  1472.855755091073  -47.775108343646195
-161.13241569498456  1472.3162938871303  -47.58356853101505
-161.54405613607324  1471.8421399240542  -47.36035934947275
-161.91463191430682  1471.4233327340405  -47.18079594227797
-162.27231705601372  1471.055181254855  -47.006624091662694
-162.60606508647427  1470.718700361394  -46.86231323538433
-162.9513357359816  1470.390993520184  -46.7230792843516
-163.2911682411062  1470.048755974316  -46.534875034768675
-163.64850600423534  1469.6852704805985  -46.34032269855566
-163.9759527654764  1469.3025001989186  -46.11180854309037
-164.26641222915922  1468.8952900669262  -45.96050991201883
-164.52589749699484  1468.4732762801177  -45.81254784034814
-164.7676702171215  1468.0286491251097  -45.70938726922271
-165.0028785891234  1467.567710768959  -45.62426236102946
-165.23550328723442  1467.1033408050039  -45.582542850088686
-165.46923147745414  1466.6281708807646  -45.58404415408848
-165.69614200849105  1466.1662809824943  -45.61096980934718
-165.92686257242806  1465.6753315702915  -45.65667180547206
-166.1638097418414  1465.2012668759392  -45.72525487250323
-166.38233301093115  1464.7201488893118  -45.83087181143745
-166.56854078889322  1464.27701239985  -46.03588743160604
-166.7079227340731  1463.8627675897355  -46.240765091295735
-166.82605321539586  1463.5060034156409  -46.44282162653931
-166.92410298326683  1463.2098686463098  -46.57619610417272
-167.003490107195  1462.967493867606  -46.6851197581314
-167.062419978603  1462.7703244898928  -46.778733188968154
-167.09427612731673  1462.592601001148  -46.842697783638414
-167.11780530147217  1462.4331426775748  -46.86525155768125
-167.1292930622317  1462.2731225853165  -46.82423248657399
-167.1262893221023  1462.0968605776925  -46.673524909374144
-167.10259047396576  1461.8628314164532  -46.49378386577949
-167.0435455358861  1461.543907282273  -46.28553970038091
-167.05752546195728  1461.1179580674138  -46.00964531497373
-167.0732492320179  1460.5714099911438  -45.67967584713528
-167.1651637532412  1459.9302709168721  -45.294572767205445
-167.19698055713351  1459.2319597092696  -44.951590061934354
-167.24931431752952  1458.6086632458719  -44.59259214895371
-167.27381416523494  1458.0972264913216  -44.15423670502531
-167.35663775314464  1457.70958504431  -43.74009869128176
-167.45686631828548  1457.4439194259555  -43.310189734300074
-167.55568851391604  1457.317381739591  -42.9343334801869
-167.61750232101383  1457.3532094933812  -42.52558328246847
-167.65376285269937  1457.5062277743198  -42.18579817415781
-167.74366432925743  1457.7601404346947  -41.83624626404938
-167.845245971584  1458.105922358493  -41.507606163770326
-167.97912139699633  1458.5286352250598  -41.15026927995412
-168.09989074175635  1459.0041919107432  -40.785686348675014
-168.18113628653668  1459.5053147129138  -40.47852177882584
-168.28463077826638  1459.9633005802382  -40.193405916909335
-168.29862861564246  1460.336008098431  -40.09700427976683
-168.34869808677476  1460.6223438159232  -40.02245787239139
-168.26932786830957  1460.7309698897811  -40.01001200894605
-168.23193010678497  1460.6194546371607  -40.040993872729935
-168.01858125814414  1460.2061221276917  -40.18411368134294
-167.8025197800429  1459.6059748211233  -40.45000871439714
-167.49862779668672  1458.79487066146  -40.76056695622594
-167.3566010709726  1457.8024240171521  -41.151855716705256
-167.17817250157893  1456.6369432830734  -41.62682761767515
-167.00234842592818  1455.4118418638125  -42.22517202329331
-166.74088682190117  1454.1877443308276  -42.9150769410371
-166.54964332713345  1453.0025030195409  -43.6366423443671
-166.39957089343932  1451.883969564301  -44.335851142884735
-166.23890087124764  1450.9426565076944  -44.999817446157174
-166.06025629245622  1450.1782581607722  -45.602795737217434
-165.8762485257722  1449.6731101978921  -46.13947526395795
-165.79330123875613  1449.394549681275  -46.63323211682304
-165.68268097770894  1449.3811805139917  -47.09677299463003
-165.55325286324268  1449.6108818827033  -47.5291154760982
-165.344283112242  1450.0596600545791  -47.88982435484082
-165.22086833971522  1450.7219227913051  -48.20180549454375
-165.11046175395813  1451.5329493654817  -48.56096078899197
-165.05998759960838  1452.4684743260077  -48.82918838082559
-164.93946881797078  1453.4884735525095  -49.2030754955063
-164.86681788262433  1454.5791350112354  -49.470554406135435
-164.75109263907837  1455.6858318808174  -49.84615992914882
-164.66045091087375  1456.7661205170066  -50.165934510818204
-164.4963184226757  1457.7599919109466  -50.505262927218354
-164.34437733415288  1458.6168691090643  -50.923771783603385
-164.1904652736756  1459.3075123036338  -51.343909569615526
-164.05537619755702  1459.8427594651837  -51.844852715050536
-163.83281289236686  1460.2063629132294  -52.35252581328825
-163.5615975150535  1460.3801744627574  -52.854998726097
-163.30863865160075  1460.3158222817335  -53.429861700956835
-163.09007881628173  1460.0474914283172  -53.905798315626015
-162.8820142591075  1459.6001888189028  -54.39454515887734
-162.6304990168013  1458.9917424881176  -54.788455589355685
-162.4577229073556  1458.2271399349786  -55.24350556136411
-162.31895326889335  1457.3288481190061  -55.783283665772494
-162.20526009605493  1456.3556138486651  -56.29984116137446
-162.0453733810266  1455.3545416512088  -56.75759551709301
-161.91097920876646  1454.367948255247  -57.11457524936997
-161.8092832952621  1453.419698976138  -57.43460861312175
-161.73317584375044  1452.5393438562833  -57.77288013521646
-161.67244679060758  1451.7419058234427  -58.00244420170946
-161.62206481492666  1451.0567735702898  -58.25550383565758
-161.58415374416418  1450.477477560175  -58.370090189931275
-161.54812806108887  1450.032118723291  -58.524368589728
-161.5276961568172  1449.7137399416854  -58.59282135291707
-161.50477869595056  1449.5431019523605  -58.74634713818629
-161.52854330911845  1449.5120264684751  -58.932334777706814
-161.5471559333924  1449.610958080748  -59.156644719193444
-161.58018745704595  1449.84859314582  -59.27236232221645
-161.57842175654056  1450.203864948636  -59.33368453877751
-161.579607144006  1450.641280574505  -59.27919474951007
-161.53498570001292  1451.106302902273  -59.27452279467553
-161.47849849887473  1451.5360874564979  -59.13868628117163
-161.39701381956002  1451.8834911284664  -59.1127542186064
-161.34376836487428  1452.1481658762973  -59.00165088924889
-161.307547315916  1452.296403492255  -59.07675658735469
-161.26288889990474  1452.3154938569737  -59.21130388739776
-161.20573804989124  1452.168142726311  -59.424918496644295
-161.1239661187683  1451.859024635038  -59.579071509906505
-161.02513046866932  1451.4238288233594  -59.84756479631901
-160.90356823164367  1450.880461691742  -60.17410603470278
-160.79244397110966  1450.2914689666782  -60.54267509062129
-160.68549679251026  1449.6826908553912  -60.85827261602423
-160.61369804158767  1449.110196871526  -61.28876800594672
-160.49929211006508  1448.593743401087  -61.84740969295175
-160.40527485430204  1448.155845223303  -62.32886355503086
-160.30814802588435  1447.7903619147482  -62.71389918257185
-160.22486470460618  1447.4894735332568  -62.99375731906568
-160.13106784205564  1447.27237136799  -63.21496253194586
-160.02060469211415  1447.152536930048  -63.41030109769575
-159.9101893898703  1447.1296736211684  -63.49088417953875
-159.78423370681637  1447.1917646709014  -63.542052085727235
-159.64162879193285  1447.3141775154204  -63.52002601112166
-159.47928555284864  1447.500178013191  -63.519463066378655
-159.3090965166978  1447.705028843841  -63.48620836755775
-159.11103924477075  1447.8764840830654  -63.41940877629051
-158.9231329766333  1447.9998978908025  -63.193540475884475
-158.7561210103604  1448.0277895432903  -62.94414458715413
-158.63582128766384  1447.9398847967739  -62.67742940915819
-158.57201887951578  1447.6876231447218  -62.427634577005634
-158.504539487368  1447.294659932332  -62.20699585318662
-158.47379873644263  1446.8029194134901  -61.78731298779863
-158.39859469079383  1446.256397103826  -61.3892368017879
-158.4021865180355  1445.6832855488929  -60.886619703617114
-158.37865223042573  1445.1119731429078  -60.31894599042449
-158.4255326785863  1444.5794168926811  -59.69650904210184
-158.42447809213706  1444.1491177627247  -59.02004894071625
-158.45674051892308  1443.8216425563792  -58.483119434830954
-158.4648641087674  1443.6423857379484  -57.99858395146133
-158.52064398827292  1443.6027045115802  -57.50152820119185
-158.57187492333586  1443.7593584326642  -57.00874397753777
-158.62265582892954  1444.062826125162  -56.45986715696727
-158.6036002335286  1444.4842146704668  -55.937264215248646
-158.58705316660428  1444.9710236847277  -55.47545706280086
-158.5357826582089  1445.4707784280752  -55.05924745171829
-158.5167872966384  1445.921093917637  -54.686576108034096
-158.45570124564495  1446.2777764782586  -54.280529686846144
-158.42702187390626  1446.5560327723956  -53.859194378081
-158.36212517953942  1446.7218662851367  -53.43239277343504
-158.3730207314493  1446.7556184851878  -53.082695799764316
-158.3175500157508  1446.5973859923272  -52.814041843270076
-158.31504074321307  1446.2852850016634  -52.53917712267457
-158.20033212419574  1445.8110485670888  -52.306907333403124
-158.19897912737522  1445.2052130414254  -52.124467952818385
-158.10367310680135  1444.4581063859616  -52.048140662741304
-158.0763970216937  1443.630592373558  -52.02314248936343
-157.95274720642323  1442.7523931712121  -52.0457591951251
-157.91698954381783  1441.8803316924057  -52.08314382918141
-157.84485186101725  1441.0385170830702  -52.21100357865371
-157.81806414759583  1440.270130088276  -52.264937375633124
-157.7351890001318  1439.6260393010652  -52.432755511619604
-157.6747884836549  1439.0932326670038  -52.453592850339135
-157.59220820686218  1438.7054126039777  -52.62024578770962
-157.4955465715194  1438.454391467924  -52.67631996026003
-157.37583330122052  1438.3874507660312  -52.767585721828
-157.2616350704236  1438.4699783507504  -52.760043565883606
-157.14150926671007  1438.680945731961  -52.76676697305724
-157.04444795834195  1439.0016973650804  -52.75284837609232
-156.89009597415193  1439.3998579602182  -52.788350762140155
-156.7575449229185  1439.876678771755  -52.807631831125164
-156.59980153188073  1440.3860947724706  -52.98174520416231
-156.46188304268787  1440.9050968251856  -53.08626733863464
-156.3217023037476  1441.3548032118388  -53.34594053667557
-156.16698909692332  1441.7064726926835  -53.445264632920356
-156.00312636226977  1441.9715870342416  -53.69525171735382
-155.84724529218866  1442.1345505670524  -53.78025294092537
-155.71259701222715  1442.1670262913754  -53.91938021441723
-155.60145250841956  1442.051167474649  -53.95612323111662
-155.49603253400355  1441.7972630075  -54.06695408403503
-155.3470304636386  1441.463799296852  -54.198278085981016
-155.1480472263097  1441.0535508296787  -54.33382400705941
-154.93684621807483  1440.602400862507  -54.38794526532617
-154.76108486880577  1440.1110976838984  -54.50369845918978
-154.65931828885405  1439.5972389600545  -54.48263367519892
-154.55449994571038  1439.096598454124  -54.52483284284441
-154.50887847471935  1438.6233108487827  -54.357429234327334
-154.45446605264556  1438.215555851171  -54.30109609867333
-154.46666911790442  1437.882268974754  -54.132686870810474
-154.49220230529173  1437.6197778861106  -54.10251125624743
-154.52537476047144  1437.4683202518677  -53.991322308370684
-154.57443883887908  1437.4780042265859  -53.876839229842716
-154.56841575939902  1437.708990898811  -53.601757223422766
-154.5667591602432  1438.158632779766  -53.43639267358676
-154.52036541553557  1438.8013532553928  -53.36240836768379
-154.57220080431605  1439.599112676553  -53.36627380348834
-154.6620390597966  1440.4888242296386  -53.28875080287805
-154.76116205616128  1441.4284642300202  -53.14478265575746
-154.8119330776316  1442.3682233964212  -52.92459591292429
-154.83781555949264  1443.2588472235032  -52.731044130341495
-154.900702823581  1444.028783969517  -52.529650944423715
-154.938048574036  1444.6499553811373  -52.418261633915634
-155.0205250123394  1445.1455467750748  -52.292204675295324
-155.05425488137337  1445.4847195932066  -52.21362733398756
-155.17150798159696  1445.6580441178048  -52.13851346474547
-155.21168909673793  1445.6170562295924  -52.23536944404596
-155.3076234120715  1445.4119027621018  -52.215543350248744
-155.2709682824204  1445.0453461847226  -52.233222986665375
-155.33688832397777  1444.5448211109288  -52.084508424024136
-155.31093294570195  1443.8877963006437  -52.195178634497466
-155.35999566191438  1443.1034278234988  -52.21774631782584
-155.2865012804111  1442.200186772737  -52.315805195603005
-155.34224403787837  1441.2302472740662  -52.22811049804963
-155.32073314427302  1440.178947410234  -52.31972566036133
-155.35843794029114  1439.0750631976475  -52.35325692659782
-155.3138344113554  1437.919321559773  -52.558618393957545
-155.39397342840581  1436.7477457768073  -52.60068843139758
-155.43339515859032  1435.577278152316  -52.694407599833696
-155.52787290452187  1434.4529570120972  -52.621394869537596
-155.5196010524743  1433.3944082123303  -52.64163927417508
-155.58013490545778  1432.4316263391656  -52.57071475686746
-155.57233732420093  1431.5624519365895  -52.555856084353806
-155.63656648966548  1430.8261777065622  -52.46595155703466
-155.66475974529496  1430.2021776508432  -52.36724238229123
-155.75669902001414  1429.7220177306863  -52.258233924188666
-155.8331361007679  1429.3785939204806  -52.15217061934198
-155.9249856200738  1429.193677368145  -52.089621149026286
-155.995150092004  1429.1350555470897  -52.02454709461034
-156.06043288476934  1429.1739652771557  -51.95566963055731
-156.12472827720364  1429.2830387304448  -51.931511708465564
-156.17631630935233  1429.4164788554147  -51.84902072837518
-156.2250122729254  1429.528614472281  -51.860078890441834
-156.26852810453184  1429.6058441102982  -51.76457411983753
-156.3124397310978  1429.616917680699  -51.7729602538503
-156.3551224618889  1429.5466242311422  -51.63512458469161
-156.37373423497453  1429.3486474187296  -51.582747695684716
-156.4588558506773  1429.0497684891436  -51.36718219233083
-156.5023006728963  1428.6466502412516  -51.33620829293316
-156.62672693144185  1428.1552260076207  -51.237373471003224
-156.67114080023487  1427.550289548486  -51.36293476386389
-156.8403327019031  1426.883297713154  -51.306843669118706
-156.94302793995666  1426.149991499957  -51.31855016972708
-157.11786529096034  1425.4154318763085  -51.087411543866196
-157.22575566314023  1424.6608295806907  -50.91181570121511
-157.40273540206348  1423.9495300273245  -50.687312087695744
-157.5533209260225  1423.2816350871794  -50.535964307026816
-157.71415567474057  1422.7182460089325  -50.35005335119137
-157.85897100194012  1422.2614371975544  -50.1494039988744
-158.0132267084884  1421.90712536271  -49.98518568075043
-158.18107683915693  1421.6616185854625  -49.88925917819235
-158.34239139379358  1421.52353278023  -49.84365456450442
-158.47733020226497  1421.4947324918614  -49.82891884668912
-158.5965195182055  1421.5356183022275  -49.85377022112634
-158.67316995773865  1421.5995534403114  -49.92499937390783
-158.75377880139496  1421.6520694500116  -50.0517748980525
-158.77618389042473  1421.6798633080803  -50.197714675535025
-158.8158828743786  1421.6610921240615  -50.32518225191386
-158.76012504433032  1421.5663120780866  -50.43668349006694
-158.7342179030647  1421.368398800069  -50.52537683618452
-158.62133310521477  1421.0475794700387  -50.61635583146911
-158.60961137268447  1420.6041432225422  -50.89263913564618
-158.527954297713  1419.9894907118498  -51.374891630660066
-158.48999484550285  1419.2333530353233  -51.882004490503355
-158.40115681771974  1418.355908154978  -52.43026445930791
-158.37913268058676  1417.4123718243413  -52.84134892782333
-158.32913937677586  1416.4118833686293  -53.30698925236761
-158.29278318978726  1415.3797883868901  -53.69461392320778
-158.20830758254655  1414.3213755962704  -54.15504181915125
-158.16052331530204  1413.2612659163888  -54.665836110232235
-158.08993244781232  1412.2344981365652  -55.14351750409777
-158.04945970387172  1411.299601425593  -55.58580701363208
-158.01029247913374  1410.5252349327134  -56.009890858790136
-157.98073000748957  1409.8962407509414  -56.40993010073794
-157.95517599420117  1409.447398895275  -56.770237948436275
-157.96545507906356  1409.1438092676362  -57.08563467821178
-158.00592665796995  1409.01606065902  -57.36796069997603
-158.10137877723224  1409.0194555631983  -57.619133973269015
-158.17824456449458  1409.1531581420088  -57.831453612578876
-158.22736825912017  1409.4092478158923  -57.941563801559
-158.25188010473508  1409.7897789309695  -57.99663603319934
-158.259720889194  1410.2702626388862  -58.027293671322795
-158.302312121222  1410.8334253863693  -58.096123417741126
-158.32352414078323  1411.4225716142657  -58.173644035800145
-158.3518776815693  1412.020123298298  -58.2339093699528
-158.36545003125045  1412.5864077335987  -58.23306637850202
-158.35173060800238  1413.1013613339273  -58.25532632791487
-158.35576307285342  1413.5231799208077  -58.19927430061388
-158.31522131680737  1413.8525367376121  -58.22968160628547
-158.30842627631037  1414.0697198780304  -58.117834587752384
-158.24882438190298  1414.1641757004968  -58.067216257555444
-158.21873594135957  1414.1064341963593  -57.8194460012262
-158.1475721158417  1413.9176183041634  -57.65388490228464
-158.1579022501215  1413.6096231020829  -57.36972738594075
-158.1422156187389  1413.1834213976417  -57.31982275012129
-158.20892403751904  1412.656559087593  -57.102124403779214
-158.20073949495932  1412.02506951098  -57.0065526762381
-158.2620283144034  1411.3017739253078  -56.59048001270504
-158.2473126518457  1410.4550433779507  -56.379082027552826
-158.33519885837228  1409.5001834124341  -55.959523545776946
-158.36814546648196  1408.4238286642833  -55.75577380174521
-158.48218374668008  1407.2731373613694  -55.318019429746606
-158.49753020393405  1406.0479458426685  -55.056457375563
-158.60087902801982  1404.8166298323383  -54.62951528423417
-158.62423224398879  1403.5714906391368  -54.39314306047629
-158.73088762666444  1402.3973915424747  -54.02724099689218
-158.7575366264241  1401.2879619022485  -53.7761357073248
-158.8621251012605  1400.3463274698584  -53.420807647541686
-158.9198635208605  1399.5767626732572  -53.08524594897881
-159.03004173618268  1398.9872417783722  -52.74375541579178
-159.14177765340244  1398.573648170776  -52.447345464566155
-159.2571218970924  1398.353617749314  -52.1734390230254
-159.37274030109978  1398.3456622301974  -51.84910143748799
-159.4789247010797  1398.4944415752398  -51.382764036231265
-159.6027479736071  1398.7404014379874  -50.93085404713782
-159.73260906578517  1399.0488838954393  -50.520126626056076
-159.837841742333  1399.3826008610222  -50.251187146242316
-159.97171422298808  1399.6878924999855  -50.006701536644435
-160.04575908822412  1399.9271869087092  -49.78566511153899
-160.15035057411723  1400.098930075393  -49.504578277202455
-160.17050636793095  1400.1469774050686  -49.288634196585534
-160.2425331400742  1400.065698468772  -49.022443463214216
-160.22019936947933  1399.792973169741  -48.979055412991954
-160.2579999151345  1399.3917707534604  -48.85575097761352
-160.1704499696702  1398.8335062340543  -48.93823062591189
-160.1478936197002  1398.167428253887  -48.88031937702011
-160.00236138896435  1397.3534721099893  -49.048872753334194
-159.9514821014721  1396.4449063151417  -49.09024234147907
-159.7819710336694  1395.4101354583167  -49.33327060847991
-159.7040035938354  1394.3250185464235  -49.41371251280817
-159.5534440070306  1393.1569825854697  -49.644771348905195
-159.50737153553422  1391.9742643769175  -49.737848083008316
-159.40348466889907  1390.7559009102838  -49.95282836802634
-159.30019016270955  1389.5723002346763  -50.10283749324912
-159.1996751402806  1388.4370833317214  -50.23602060229746
-159.16047631430675  1387.4541226798835  -50.26506071974201
-159.20681785271628  1386.6615308166852  -50.14025031922581
-159.27219676736405  1386.0523766216563  -49.97732562531759
-159.35585327967217  1385.6525298355778  -49.756284407478994
-159.43146491929247  1385.4620179106905  -49.52743464675773
-159.49767864166895  1385.530809733062  -49.23200308981527
-159.5695545575892  1385.803295614709  -48.82645851107443
-159.65815539569834  1386.2603412144622  -48.4608797850555
-159.74615647424014  1386.871761788563  -48.14298230502275
-159.80526749856114  1387.5902032826862  -47.934217167215714
-159.86942344596972  1388.3776264541852  -47.64681460727295
-159.89640935900732  1389.1682535443258  -47.384270421955165
-159.9624901154346  1389.949748285528  -47.11569709831526
-159.9495264085266  1390.652836669411  -46.98736860622273
-159.99285237687494  1391.2458585295171  -46.82858050324773
-159.9335678499454  1391.714165435371  -46.808726224939235
-159.947677707083  1392.0600828080192  -46.729561829491274
-159.86221715391275  1392.2441989659806  -46.75208589410516
-159.86545536038267  1392.2471928010373  -46.70594562541483
-159.75222389269476  1392.0380498174904  -46.71754775672009
-159.72744028883727  1391.6789862284872  -46.73097416535725
-159.59225307203127  1391.1267888276268  -46.77382015888607
-159.5516256068161  1390.4449395800777  -46.871745262560424
-159.40372072051213  1389.5975071568398  -46.99366380861733
-159.37038966906988  1388.6538339513152  -47.14957839401765
-159.24532953038755  1387.5892194680434  -47.32195241117984
-159.22640025521673  1386.478573622988  -47.549999316907666
-159.11777531293262  1385.308596722408  -47.838580399160364
-159.107284856106  1384.1481163651993  -48.06228879123536
-159.01784016300965  1382.9904925162443  -48.326031039062606
-159.00658261972936  1381.8881998368604  -48.500287369693226
-158.94031045338568  1380.8356473829626  -48.811249927007395
-158.9483260769011  1379.8687316029595  -49.04761015951986
-158.91012209676933  1378.9796484630285  -49.32275050456481
-158.93441283903832  1378.191764975257  -49.50587578123098
-158.92604371713495  1377.4855990326337  -49.74015346775204
-158.98017287610716  1376.8645114321052  -49.982778667509386
-159.0057895648456  1376.2993444382482  -50.248111760072135
-159.0917994437878  1375.7940085426592  -50.46528758514117
-159.1398938336397  1375.3214785526131  -50.68382365771321
-159.2439950687021  1374.8859552497825  -50.88484845477349
-159.29549829301664  1374.448924776926  -51.16454585940117
-159.40678737281465  1374.0142639450287  -51.39246902401264
-159.44168005015294  1373.5431038833763  -51.80748606481771
-159.54044847661967  1373.0530033009659  -52.096538128683534
-159.53972135732772  1372.50216889451  -52.63732262700795
-159.62240954357367  1371.9124331001008  -53.11607380576381
-159.61691339997716  1371.2257091404979  -53.74429601390289
-159.71042537841444  1370.4589272899311  -54.11721737006105
-159.68467915696812  1369.5667302157506  -54.48869171192741
-159.73955767327215  1368.585383580099  -54.73633111295789
-159.70420267839546  1367.4919479157975  -55.168858462764135
-159.76732767806328  1366.3448747677596  -55.462188064420424
-159.7717336417316  1365.1904704711671  -55.85070720550074
-159.83420676410003  1364.2021571188216  -56.08141537731352
-159.89591748039368  1363.4440698567055  -56.37244218167819
-159.98132733898498  1362.9135806412812  -56.6142886023776
-160.0614816129092  1362.631678481967  -56.88732770088397
-160.09488835476495  1362.6127320712426  -57.13257894596926
-160.18321081889414  1362.910789771252  -57.33467016352782
-160.2176722632434  1363.439731352806  -57.518628136804615
-160.31616645484962  1364.1622515398185  -57.728675193695416
-160.37146064120768  1365.0252729021358  -57.974220017610136
-160.4674976681825  1365.974109704657  -58.3271308072009
-160.53643553157843  1366.9260069088339  -58.679419727354855
-160.53252697027335  1367.7656215510315  -59.03640404783324
-160.54635923345677  1368.4297390758097  -59.31691197421182
-160.449727918185  1368.9324750178087  -59.59716425927636
-160.4085273715083  1369.2479377822674  -59.91226991448465
-160.22408473127467  1369.3320600419688  -60.262228115395104
-160.077882704662  1369.1402916836107  -60.62260416390015
-159.87745910627498  1368.718300450183  -60.95453517840851
-159.7058794327845  1368.1095706219799  -61.235367203933095
-159.48974666831305  1367.2935200725015  -61.48761382201519
-159.13701783041364  1366.2963053587805  -62.204454560456504
-158.788224467806  1364.9290235233816  -62.98409961608918
-158.45908281319902  1363.5845650033534  -63.74443992261281
-158.23837202656452  1362.0792730724997  -64.20211920313835
-158.04476047578703  1360.6161608788148  -64.39059735928899
-157.79313251422127  1358.8227909796037  -64.76546919207324
-157.6094560684472  1356.8790516822066  -64.84593777883782
-157.43609775290236  1354.7680927020597  -65.15465411558765
-157.3554616125528  1352.462396164398  -65.18093079791264
-157.24943859205135  1349.9292365508854  -65.72544613886097
-157.14573562220937  1347.1417335098943  -66.29136580710826
-157.04239183102038  1344.1864388261804  -67.0026832101595
-156.59404630134205  1341.0627997191773  -67.25131805216067
-156.136975494897  1337.683738096317  -67.39812662577525
-155.65849848019  1333.7444558378068  -67.51347610425809
-155.42495659120735  1329.158545748672  -67.51461984993273
-155.4193076498321  1323.9707347785193  -67.38460660528578
-155.31919259593354  1318.2434467725616  -67.62627584217657
-155.22699650775752  1311.9490526542347  -68.45227369092855
-146.00666519686507  1304.9122169739744  -77.52426394907272
-135.42513056769945  1297.5630121159952  -86.80907911717455
-123.39948843976094  1290.0793704119105  -96.34759802557977
-123.04207897600206  1282.5750623660847  -82.79149683936652
-120.65511617976061  1274.2830018152747  -77.00109128214025
-115.866052888761  1265.7050579604047  -75.26799657760422
-107.189369787748  1256.6442880837087  -92.88916451992066
-105.12916622150406  1247.4398475796727  -98.84906700213892
-108.50465203797197  1237.6512822256432  -98.24100115264632
-114.36463654571821  1227.1214347080881  -93.13079844180629
-116.9058167789629  1215.9397263196897  -91.66912439926455
-118.20196829648813  1203.7543098646004  -91.82826862697209
-118.49435561008066  1190.8874875872118  -91.30616364035352
-118.98120115865274  1177.187167588154  -89.88842078263035
-118.95113229873785  1162.708165758468  -88.20210811137835
-118.1516755178653  1147.4710821397653  -86.98490682007487
-116.90888911022807  1131.6064266172748  -85.93424318517616
-114.77155921194557  1115.120053711359  -84.95030537995164
-112.09960178717868  1098.0168844768775  -83.73423034740142
-108.68130149074443  1080.2895515879682  -82.3671414804978
-105.26545863974525  1062.0412798166556  -80.30589440163774
-101.42437615498025  1043.3791782762667  -77.9061692243331
-97.22659866057427  1024.437388483641  -74.80600985422772
-92.46927871665285  1005.320885330176  -71.55780991351222
-87.19984833283712  986.0790554368382  -67.92998585927607
-81.46539393809873  966.778928417947  -63.99403890662336
-75.3569362253929  947.5412319931085  -59.56925896974656
-68.74868698419448  928.5864399577138  -54.73822818792325
-61.85377977464701  910.1399363919729  -49.52888785463519
-54.47253290689628  892.4317077746975  -44.342483097275554
-47.018015841153684  875.5432205669299  -38.68963738952548
-39.40748451653554  859.4888383355526  -32.617095787388244
-31.832885677928374  844.2243453783582  -25.646190764593467
-24.246685152145112  829.803938555939  -18.34297082417724
-16.557464261832376  816.3306725764346  -10.826592357869998
-8.888416931199387  803.8765744266518  -3.382002390444306
-1.3905540674550991  792.391849909117  4.4244619844408435
5.734375363679957  781.8148076058125  12.47421033091948
12.316027243880999  772.0942153842443  20.842386467858596
18.50674754338426  763.2911699877825  28.953946004363075
24.05660814403634  755.381464664201  37.01389492464221
29.18423390344081  748.3750196938946  44.569004464028026
33.7177936498028  742.2146059169918  51.69525577397642
38.02019168556815  736.8599232058893  57.906495454358534
41.82899886577904  732.199121683595  63.54158232767102
45.29920653107839  728.1222306455717  68.47729086808452
48.26372370445865  724.5382376432428  72.83363492351482
50.821549679585885  721.4503380119114  76.43148726220068
52.95578843330877  718.8107795237763  79.37994794822869
54.65672377677634  716.6611228135122  81.62691257246246
55.841981140651  714.9300235797517  83.32372082181139
56.50136134184758  713.5441864465242  84.46306219102725
56.649417921521206  712.3592300469345  85.42188247446632
56.49842657676311  711.3122040513124  86.16609250099951
56.081544969694896  710.4565233672544  86.69023457009587
55.624344368809716  709.8028671864721  86.78254881980004
55.159335897329555  709.3194988873121  86.51887756954862
