42.47993685627288  718.9526437839644  125.38628780083226
42.10878347515639  719.1331568236486  125.65784336043187
41.73599701075603  719.4423210769542  125.77111287820921
41.39092005005261  719.86107645234  125.80176050393786
41.02325125360263  720.3327773677736  125.79738292312825
40.63796158073007  720.8720106880851  125.78340343331743
40.235837546287215  721.4422540511002  125.72217351237806
39.87562418017857  722.0416424545316  125.66537228137135
39.55925138885639  722.6215563767289  125.58245595676661
39.30048883745686  723.1893926172775  125.53926945087021
39.07122911356364  723.7172707734654  125.44195854808795
38.871792344230336  724.2384707841379  125.39888582805928
38.70377027600447  724.7106853757678  125.30657318783192
38.52961332899834  725.1749919909223  125.27642871129574
38.3662389045239  725.5953714426963  125.19254613569001
38.20381017462602  726.0186962958737  125.16003113633154
37.9950894381182  726.4032944861747  125.09220166738152
37.76578076528387  726.8004724489293  125.06458187605658
37.39799032644379  727.2011833330745  124.98235270146454
37.08353457612447  727.6510060008436  124.90745744492557
36.62983853507454  728.116041570612  124.81700753411714
36.27378745513061  728.6186047299543  124.63801954660889
35.79108920725716  729.1469472604267  124.4145573878966
35.39236601250382  729.7251941118639  123.9931155768766
34.87841847326133  730.3219717092126  123.6287284363031
34.41181621040344  730.9624874227586  123.0076973102253
33.95613141981954  731.6103131542769  122.44581603223882
33.58451466540566  732.3086742073173  121.48429684294257
33.193136847674225  733.0003713256787  120.58474302482333
32.785524702070525  733.7098534774055  119.45757270581664
32.28170723067168  734.3814124484296  118.51912323950584
31.757196358205206  735.0831293266385  117.3766327306659
31.113695850503415  735.7793588481837  116.2924360679693
30.391632123640633  736.515489428292  115.00062722109764
29.502441408136434  737.2081579411187  113.85342274563192
28.50771024639467  737.9377659990828  112.38906275060884
27.469536748360046  738.6718014429146  110.8495364394967
26.338673672129403  739.508087957449  108.82858127810054
25.03758564983265  740.3818878461071  106.77064692936695
23.450121840606652  741.338756398334  104.40999589290062
21.587753894665433  742.2873224554859  102.15954353630922
19.496075125699278  743.3378357625362  99.52604475952177
17.22313088536668  744.474291302489  96.91987542452489
14.755363344021337  745.905725470619  93.75943106782793
11.89330005579492  747.616586423683  90.47850033513555
8.699042495193456  749.7134164268516  86.74679089041491
5.244691388259459  752.1515069232723  82.81337580967812
4.336418833579482  754.9772695683644  78.65599694094767
2.0521233583560807  758.0271043515988  74.36355063050053
1.6463553007729248  761.7121504617213  70.06378445083459
-0.21108358954232476  765.8330022164761  60.654875831546974
0.0358940143969525  770.7943366901791  50.25245136168849
-0.7391606979608606  776.2450154110425  39.007743430689786
-2.4590512809659035  782.5158073913773  31.615041000657552
-4.782642381662401  789.5357440213495  23.966498134427177
-7.916815991966818  797.416619466303  15.693973094876249
-11.385384292269878  806.2307791225314  7.693019377792407
-15.232294205603232  815.9569206765755  -0.20857287019460546
-19.451441269058527  826.5756413347672  -7.720095282805151
-23.807266642570106  838.0712355776908  -15.274476068237991
-28.34154605018357  850.4976670222334  -22.801751968571136
-33.22639543246066  863.9024567167247  -30.02080160150206
-37.879685199984515  878.1942689159989  -33.79807103641387
-42.319975511782175  893.326678695927  -38.71589952594128
-46.25201941712263  909.0993296160718  -40.53928947820829
-54.3163711389417  925.6221913708695  -43.672612365392084
-66.87236108753646  942.819828164449  -43.1350666962447
-80.74742641942095  960.6385745954145  -43.89591684871253
-92.0850173218505  978.9455378053416  -44.64544583306236
-96.33121929810902  997.5197576940184  -49.8788453245775
-98.87758953323232  1016.4410362037617  -57.05407634443614
-98.99511058251866  1035.614741807873  -66.56179318556666
-100.96810751939144  1054.9638685133013  -73.1910534186069
-102.84526490688773  1074.385542753037  -78.8019927007812
-104.93178710501739  1093.698743371499  -83.26873605924607
-106.70677370588095  1112.916729081184  -87.52784552607963
-108.03607516496203  1131.8246656908618  -91.48724198628506
-109.16758698776744  1150.4179686762354  -94.81790058637486
-110.46651317131443  1168.611568696602  -97.40725585734586
-111.76755889186778  1186.4136844395478  -99.54301812691642
-112.76944286522408  1203.797839573054  -101.56227838537522
-113.57848401014198  1220.6512908845377  -103.34789374278719
-114.22628761578947  1236.8875690337472  -104.90812271234995
-114.85359581929222  1252.4132315784361  -105.66949172809684
-115.77820958778943  1267.2595644386652  -105.82923558694073
-116.80583108102965  1281.5002994385552  -105.51946026944374
-118.12593398300535  1295.048419421743  -105.06916550495231
-118.90758491711327  1307.3904354888934  -104.27855272522295
-124.82628754852874  1319.1920937957866  -102.98264547683208
-133.7683530771833  1329.6112890729553  -97.39772382042398
-146.44567726335754  1339.6396421522418  -87.2743033496094
-150.09680616114852  1348.4016099914525  -80.65560723463008
-154.2151417459164  1356.6226963126662  -75.02234720083982
-158.9263913495168  1363.918528915638  -71.94392132279192
-168.64525557464032  1370.3447958056192  -63.2510000535369
-175.71991151182243  1376.1737966472022  -56.30961220767601
-179.36026641788055  1381.3738659590722  -50.87557750243435
-183.00661519997206  1386.0585979550249  -46.81273584840988
-186.55905813172902  1390.2334981603196  -43.342158960606135
-190.02903022950554  1393.9340943159048  -39.957573118457915
-192.69536924886367  1397.2812191296905  -37.07108879063554
-194.83039521599386  1400.2980344400016  -34.679257945536726
-196.696356940758  1403.0529305001178  -32.54320117279953
-198.34526497085628  1405.5360845682544  -30.727913486785734
-199.76172582574716  1407.7526203692462  -29.137020314276924
-200.97101277527736  1409.6976861259136  -27.809468713754306
-202.01294321607907  1411.3823695004417  -26.65199795414415
-202.9985723410897  1412.8634113829967  -25.624036455220082
-203.8584139536312  1414.1401589933564  -24.70536674052265
-199.18599304522806  1415.2501932964944  -28.610493147239765
-196.39735480703814  1416.1972961624003  -30.88473518886012
-188.98250736569577  1417.024984916961  -37.22094984199835
-189.2950740367416  1417.743805594026  -36.89027112485512
-183.00529607486996  1418.5743517454048  -42.289976544496994
-183.44472662811077  1419.2007586519107  -41.85016993796255
-182.90016347001406  1419.625423071338  -42.33261393328727
-187.27998087490755  1419.696310809955  -38.640420724582846
-190.45629903328555  1419.7177437340792  -36.403264184027
-192.22676351771685  1419.707886001586  -35.287185615984036
-194.13272981550435  1419.8293902836087  -38.61452521220019
-195.36227646392854  1419.848875487571  -40.388041102620036
-196.82587871316784  1420.0287601646  -45.869869489356695
-197.9475953179504  1419.9115678964308  -44.96517720523846
-198.82283610353352  1420.0262216979743  -49.72445908053241
-199.59387517676058  1419.867989050648  -48.696583762422215
-200.22040022191757  1419.9304328418407  -53.139579643110594
-200.7615475666662  1419.7218244837804  -51.64811742912723
-201.26463398585355  1419.465166508053  -49.239568314287304
-201.62457022559144  1419.036995826693  -43.50711896176278
-201.97767331897367  1418.6688760888767  -39.529055013838764
-202.1510181258128  1418.3454869686555  -38.167068732765834
-202.33429475833094  1417.9416937345075  -35.99845911897273
-202.423367454164  1417.4471398908483  -33.67038270520343
-202.53711441114035  1416.9121740636976  -31.490808129067943
-202.57233632105275  1416.340971343323  -29.893785649981087
-202.5200716963126  1415.973089500129  -28.80321035449888
-202.39006839262504  1415.5344866915632  -27.775514994715504
-202.24451665941186  1415.2959592486952  -26.919387479183357
-202.0899915600678  1414.805717137176  -26.146400575930848
-201.89867557868376  1414.619337755736  -30.10804975678871
-201.67712048588763  1414.2656411744751  -32.40251089513966
-201.5493040845845  1414.0386826923623  -32.81133471271976
-201.36184979607944  1413.7467372217588  -28.715553302470294
-201.20148831316288  1413.6009534137042  -26.52039359288116
-200.9591629072998  1413.6272611709264  -26.453040719999947
-200.69131007337677  1413.7408094591533  -25.953442402901356
-200.3930606468129  1413.972655494738  -25.126663310121565
-200.06474584209147  1414.250539595035  -24.16751050979679
-199.82279034784298  1414.5689648916946  -23.6429918482126
-199.59229997717802  1414.9006413264433  -23.36135566137903
-199.36910523591277  1415.1991888458829  -23.086986404051416
-199.1313902562298  1415.430348769224  -22.823878529195174
-198.8753233324069  1415.5857604285352  -22.603229744079375
-198.5825698936963  1415.6505880327225  -22.4628903358647
-198.26366796192798  1415.619415925351  -22.38656952182121
-197.99423458502173  1415.4716752502145  -22.404098129376486
-197.73628856616034  1415.2261235507558  -22.448732032542118
-197.49308085490165  1415.1038078984475  -22.634680595460487
-197.2164830452135  1414.8945888321862  -22.837305639383125
-196.96995875165314  1414.8400514321193  -23.110223802322928
-196.7558544753688  1414.5623246204655  -23.29724189988564
-196.5439850866622  1414.5305464167466  -23.460697558699287
-196.33120152672493  1414.3509445874956  -23.572362686968933
-196.21204129820285  1414.2625155798764  -23.65284776090749
-196.06240811107648  1414.092520876463  -23.72551602609804
-195.97898654662941  1414.0166342445057  -23.753054554069926
-195.80024168834947  1414.0291377912608  -23.740559635842963
-195.69440307996666  1414.07774413495  -23.685871270485915
-195.56843788349687  1414.1772940783821  -23.642455030925543
-195.4601960113461  1414.2875413906952  -23.6156174396778
-195.3352506512236  1414.3726252049742  -23.597329366375266
-195.20944491429782  1414.4257865750326  -23.577741280413434
-195.06082844254138  1414.4065926730043  -23.614846204734743
-194.87743661286322  1414.4778174902608  -23.702839321515846
-194.68004457903402  1414.3953391667458  -23.847412920339632
-194.520322524995  1414.3836107637524  -24.000415886672364
-194.40382025921645  1414.0939073960994  -24.094723826709505
-194.28723405233126  1413.9718217174827  -28.709394019996513
-194.178361628555  1413.6366374574177  -31.525972934404233
-194.08376100551646  1413.516133508  -38.124110417265285
-194.01177805882676  1413.2280733280002  -38.09122337000599
-188.60210437555574  1413.200870162203  -43.5370790632352
-185.21359801509814  1413.051953764802  -43.19245809670715
-177.433236947944  1413.1832518991348  -48.213042545749104
-177.37835620661764  1413.1898945185585  -47.218386966893775
-170.97967802863027  1413.456872551983  -51.38559983296062
-171.26353423579323  1413.566545158533  -49.83042460201159
-172.41864187457293  1413.7211033848505  -47.365290629319574
-177.8026293101323  1413.7386965132446  -41.5254676133766
-181.4186012069683  1413.7879080529524  -37.42516308057027
-181.95736433201213  1413.8508470807196  -36.07960221977984
-183.32758136993488  1414.0173500647954  -38.745203830632235
-184.7503291367026  1414.0548662620702  -39.67560732795981
-186.2457737944688  1414.1362475592227  -44.54255133716485
-187.29168498001084  1413.89196565872  -43.18564545107587
-188.01363107664116  1413.7812787188159  -47.65714050910782
-188.74588504471978  1413.3902231032655  -46.2923416136332
-189.3885111290679  1413.1674774479181  -50.434219183188006
-189.92113762811354  1412.7014139535709  -48.743443400931376
-190.37427310731914  1412.190495885677  -46.22699316866781
-190.73013818573273  1411.5669739804528  -40.489067575749615
-191.07928798061914  1411.0492605463605  -36.55239136777125
-191.30843592573154  1410.7023902267474  -35.371657462038506
-191.542514064377  1410.382629324101  -33.512643184394825
-191.6722873884412  1410.1020437454172  -31.637740157327748
-191.8187804333471  1409.8710747278847  -29.84502053091024
-191.8773682191817  1409.707474821314  -28.54230058780532
-191.95680887644343  1409.6011516056828  -27.563746490309583
-191.9724008090031  1409.5025342780498  -26.608537243843468
-192.02715805894172  1409.4066598972934  -25.758952438774543
-192.03418447118446  1409.310136916278  -25.032108848955396
-192.0816218901292  1409.218282189827  -24.43183338871104
-192.0758383061052  1409.1273581108912  -23.926310426324253
-192.10957996336668  1409.0349089240424  -23.46901623082609
-192.09387009693904  1408.9384807547915  -23.07428782294891
-192.12038234632712  1408.8430833619786  -22.72855312097071
-192.0999168280392  1408.7524516676913  -22.41481721747262
-192.11388981893754  1408.6870228524244  -22.12417810231782
-192.0799149448714  1408.644943445116  -21.84056393681702
-192.0613811609744  1408.63908526025  -21.584447775065886
-192.02563824021587  1408.6732983234324  -21.352204331580506
-191.98671495007054  1408.7411876936142  -21.147808357906733
-191.9241092643837  1408.8368046968546  -20.961301562960998
-191.8167266950645  1408.9243524274084  -20.77837193304139
-191.71654628883863  1409.000903550195  -20.60272855756944
-191.60495567982167  1409.052243336438  -20.441284342882383
-191.4889253597724  1409.0824864630638  -20.307046094295117
-191.3573541609851  1409.060336309245  -20.185888686343667
-191.19520602306025  1408.9759277607939  -20.1292313267665
-191.05273218905975  1408.8014996774668  -20.130473375982138
-190.91222792658738  1408.5548616933759  -20.187728103283725
-190.8139800824331  1408.216063987993  -20.262849073333896
-190.7229331727657  1407.7987986786093  -20.35466882071374
-190.60364867423826  1407.32043147478  -20.408679212510002
-190.45144088063554  1406.8037444390284  -20.44237751072794
-190.2658994670825  1406.286725034223  -20.419372558821163
-190.0808927846444  1405.793670451829  -20.435607881388343
-189.9122618724208  1405.3657587598086  -20.41910111520765
-189.75498920987766  1405.0163850199588  -20.428226093425643
-189.6333342768326  1404.734104213106  -20.385730486743217
-189.49395282635726  1404.5284241848658  -20.39203418784669
-189.40646668376658  1404.408005328696  -20.369803618525662
-189.28856888990686  1404.3839846883043  -20.431472761693218
-189.25982312646764  1404.4376129293664  -20.46500511801661
-189.16751342072888  1404.5309789180424  -20.568608133846823
-189.16193071605966  1404.6715382561595  -20.63444528361295
-189.07670102844432  1404.813965015071  -20.75735658002282
-189.082773734615  1404.960828725868  -20.84868734242951
-189.01507167174645  1405.0790686055634  -20.991971298631317
-188.9481031793594  1405.1880005650878  -21.149563361842308
-188.84303961891482  1405.2500532709687  -21.334800410658822
-183.42489146663502  1405.4039801478198  -21.5082602491981
-180.06114324015886  1405.4237179769134  -21.64117383284501
-172.24606591272683  1405.5234033520442  -26.335151831646947
-172.15104593503688  1405.3579010547292  -29.2784749920239
-172.71933456074655  1405.1325401784345  -30.270685570796598
-177.3832449441005  1404.7598455731174  -26.79484477831382
-179.9718258865962  1404.439413516905  -25.131051500703286
-179.93770918615087  1404.2098254594039  -25.58046945918557
-180.89773420470385  1403.9910907228239  -25.475526100127897
-181.9573875430997  1403.8036269313357  -25.074857144890895
-183.1128196932376  1403.6601377754484  -24.440698107277683
-183.81029805055164  1403.5686118007397  -24.234360218710666
-184.31369720288203  1403.528099086219  -24.131011968617837
-184.8581638958914  1403.519633289571  -24.041150737374995
-185.3830448277488  1403.5289636104144  -23.869214732069945
-185.80659809855945  1403.5392744452993  -23.80799532548686
-186.15919907933943  1403.5340134040305  -23.72100167527277
-186.43554979799526  1403.5149136044417  -23.723330893597918
-186.6916466674131  1403.4634341692197  -23.65075621484787
-186.89778289672682  1403.3668499041758  -23.661381627345705
-187.0684087217859  1403.190135690896  -23.659816103162033
-187.2042602704076  1402.9445558465954  -23.708058783318208
-187.3342641692911  1402.633786151916  -23.762914650797274
-187.44026846570307  1402.2668952203503  -23.848006422433887
-187.52180494048932  1402.0071216017416  -24.190645573382135
-187.58495644595962  1401.6799524389373  -24.60473331663669
-182.32263678648133  1401.4888342199424  -25.100724593321022
-179.06617447599055  1401.1300713603607  -25.448057944571374
-171.378897326828  1400.9802581832914  -25.811546606293142
-171.37179609071862  1400.7107978895967  -26.169211129275546
-165.02382506262228  1400.6495045935474  -26.508534448762223
-165.3567636787676  1400.468109696858  -26.810865715277913
-159.48407080983463  1400.4852121734646  -27.081562355522525
-160.47531098633075  1400.3870200460988  -27.318826531891418
-155.5163248861514  1400.4714604144478  -27.523886897591204
-157.06486708177192  1400.4145470478034  -27.693264431130657
-152.54383913226135  1400.5056230134596  -32.395705085176715
-154.52612196299592  1400.423666257472  -35.38021227203906
-150.42524193166497  1400.4686875576917  -42.11668795691613
-152.78537571209372  1400.3201907665  -42.29719629520047
-148.99440014646748  1400.2857981954362  -47.85553817497975
-151.61401207011994  1400.0449001563552  -47.73969237049995
-148.043290082635  1399.9149888329493  -52.88292795743489
-150.84032742023126  1399.5712124217503  -52.199554756244126
-147.29020314262272  1399.3309446631906  -56.66453652522752
-150.1040140895992  1398.8774909669937  -55.595118388514585
-146.56827896657083  1398.5312723467969  -59.83031058247329
-149.5163526456673  1398.1603212468065  -58.43083588010338
-146.09512624956636  1397.843832736641  -62.347022006003655
-149.12321586999326  1397.4455702450537  -60.64929454250695
-145.78595734429462  1396.9520796927866  -64.31976567230855
-148.88472769282154  1396.4632907835105  -62.41476283410364
-145.62429250444788  1395.9927180880995  -65.89601280371785
-148.77748684721797  1395.5360239432614  -63.79882901324987
-145.5727497271357  1395.1214165940892  -67.11137762369576
-148.7710409868841  1394.7380473877183  -64.8400773136144
-145.6150068310106  1394.4076933495849  -68.01635479616267
-148.8470912926856  1394.1031124203444  -65.61895693011256
-145.73160155091603  1393.825374211875  -68.67418107775815
-148.98389671872863  1393.5701304954514  -66.16497596424482
-145.89354800760293  1393.3175634831218  -69.11745419602501
-149.15496909265536  1393.0639779950473  -66.52176446343212
-146.08815135409228  1392.77165107573  -69.3948781878937
-149.36438547613375  1392.4498871576532  -66.74245054064278
-146.30684739896878  1392.0490637758753  -69.59127325876658
-149.5833488250902  1391.5874554359286  -66.95601600071342
-146.52748459782183  1391.014566930029  -69.80831307886527
-149.78582249624048  1390.359203046902  -67.20081883207732
-146.73046624414545  1389.6028157932985  -70.00987893824171
-150.0116456427151  1388.7790193727542  -67.40733025076231
-146.9673944494675  1387.910426322364  -70.22182938117214
-150.24505404065675  1387.012116433168  -67.64490299443467
-147.14337779008213  1386.1339226210607  -70.47634057923342
-150.39134911134786  1385.2675125678306  -67.85183022030424
-147.24186229951593  1384.493412164647  -70.6753260294002
-150.4694676714999  1383.7919487636339  -67.990176888649
-147.29576159419588  1383.2336140687926  -70.79476789554315
-150.51401492335924  1382.6494637732458  -68.05776216741148
-147.32162638250438  1382.2463501672687  -70.84456063304862
-150.53924757514167  1381.8153017421985  -68.0825185681991
-147.34351525146627  1381.6497676268923  -70.8454935773277
-150.56539908239776  1381.3658160785496  -68.0783416968019
-147.36877333514082  1381.2752393766445  -70.81390581365392
-150.57621104497244  1381.0148728505067  -68.05481934028155
-147.37316183196043  1380.8980814476301  -70.76381827660934
-150.55626309115246  1380.5694005416683  -68.01064241412247
-147.3643406846581  1380.339259221445  -70.68841435570273
-150.52209044171312  1379.882479397022  -67.95627010655579
-147.34095423342083  1379.5224792909266  -70.64663435241374
-150.49042608367  1379.1286843196117  -67.94947689605289
-147.31304546598028  1378.7760180404262  -70.68248955704465
-150.41605706325703  1378.326921283679  -68.04223805419056
-147.18135101079352  1377.768810291458  -70.83221163114189
-150.23491015703436  1377.2098204032627  -68.21101456653531
-147.04437293503898  1376.6455255423048  -70.92759165321058
-150.06332418523655  1376.0676994451414  -68.32366665281033
-146.87436984703183  1375.4770221207307  -71.02917292975857
-149.8308306059478  1374.8761597253622  -68.50057423419332
-146.67871013581413  1374.2869096546005  -71.19753403206914
-149.65635179839765  1373.7033208110174  -68.68656863900804
-146.53094936393546  1373.1164139696066  -71.41854509910632
-149.53548824008186  1372.5180220351647  -68.94646932333012
-146.4329665286176  1371.899728274469  -71.73958739424498
-149.4736621386536  1371.2706680931071  -69.31180423761063
-146.40789169885963  1370.6289816479207  -72.12956648748292
-149.49003884134294  1369.9809705025336  -69.69850358063206
-146.4632942284817  1369.3421775691493  -72.48885738436769
-149.57259332826305  1368.7142532608977  -70.03388488876983
-146.57587022883445  1368.119887634201  -72.79833782397166
-149.70471114041487  1367.5487025768377  -70.31215402145992
-146.7264135207632  1367.0281489429526  -73.0632183378036
-149.8587715807677  1366.5465024980049  -70.55826024474833
-146.87588686234193  1366.1331493641117  -73.31171275844504
-150.000551985371  1365.7722926270135  -70.787085382729
-153.88769273709192  1365.3560307511152  -67.59169885433056
-161.29819132775353  1364.9132030228998  -61.33221897181785
-166.64376837416577  1364.4341597828932  -56.83243605775884
-168.78103344209052  1364.0506794435041  -55.06041183126016
-171.6256444989341  1363.716983203428  -52.65256530129955
-174.299709930317  1363.40210702548  -50.360611521589625
-176.80804536072012  1363.2065978097758  -48.191785183122
-178.66832938046593  1362.9352877831352  -46.56909512359753
-174.98078563906597  1362.7537740956654  -49.72920796385861
-173.1916563824379  1362.3561898334356  -51.274891308558416
-166.92896372725087  1362.0522738653117  -56.691349661028276
-167.9451277565551  1361.7114619077902  -55.88027729173936
-162.65872420837823  1361.3838410137923  -60.50738354945716
-163.71708788803915  1360.9358238394993  -59.67930878725992
-158.70140720724672  1360.3400800574789  -64.06252504497023
-160.2120112043908  1359.7185100854842  -62.80504983941429
-155.90800471105476  1359.0714146130053  -66.56204896290883
-157.69382436637795  1358.4012712011572  -65.06631722240316
-153.6054806541333  1357.714368724578  -68.66340983182047
-155.66516538389777  1357.008424335213  -66.96064591254009
-151.91417984798048  1356.3248173699299  -70.28842549606108
-149.28409264942985  1355.6587495304852  -72.63292469067932
-141.89150837515572  1355.0329038951704  -79.070255756672
-136.7506043679674  1354.432645481922  -83.55029512346628
-132.94275757805391  1353.88620507659  -86.92648993492735
-130.06370847732342  1353.4021464192624  -89.49044153147575
-127.16657361849128  1352.9827250504286  -92.10769345777759
-124.42032202087395  1352.6334532404217  -94.53578388960237
-122.10251974221376  1352.341315658578  -96.65981957418741
-120.31514029680704  1352.10803693066  -98.27971683951192
-118.65450870305745  1351.9285346624188  -99.86145168207719
-117.25892213947732  1351.7804956928132  -101.17397806564847
-115.94743178370213  1351.6543670231113  -102.48085182400537
-114.93759166860643  1351.5272687459478  -103.50287315699228
-114.0461224916809  1351.391475381869  -104.48429440043613
-113.35524993217784  1351.2199676882701  -105.27202699334828
-112.71795179388673  1350.9997968165012  -106.06013973115549
-112.24269447972233  1350.7080219569625  -106.70656285129303
-111.80125118124207  1350.354578823694  -107.37458256067856
-111.4989705525801  1349.8988300834121  -108.00302206812484
-111.19587315132182  1349.355424421105  -108.59409594257866
-116.06958997427947  1348.7009565127091  -104.88219908172883
-119.0115504571109  1347.9524202247355  -102.76775896930049
-126.22683030942564  1347.115282508207  -97.14759653092642
-126.08030912801915  1346.1996454687712  -97.7029798631449
-131.92765028873433  1345.218503641941  -93.22046363049117
-131.40424622530352  1343.9815260445455  -94.04742792546459
-136.75383390387788  1342.845134736025  -89.85509782292377
-135.67220090832188  1341.6572240499363  -91.04297007562278
-140.252034894983  1340.6155292426524  -87.39728902920787
-138.61587944675304  1339.3963334643877  -89.04475980521475
-142.78947250695515  1338.1620746921935  -85.83319714217971
-140.7914598748865  1336.7638057731494  -87.87196426433135
-144.673912662625  1335.47514590279  -84.92141424203845
-142.2986832775941  1333.9695611343966  -87.15083947410595
-145.82869577326113  1332.6536401208646  -84.42411132285099
-143.2593647879949  1330.9410659529242  -86.79367122162192
-146.65306168508505  1329.3994523605154  -84.1103950235854
-143.89916959233994  1327.4832206839362  -86.54321482700874
-147.07026554904434  1325.7093050315796  -83.99238812938832
-144.18717150322067  1323.5223105187276  -86.53384551342778
-147.2951763045881  1321.4243568184604  -84.11162925081445
-144.4127935367235  1318.8823556766524  -86.7625241112458
-147.46937666445893  1316.4074185911695  -84.59158298809447
-144.54183524661414  1313.493118329574  -87.45252531617577
-140.8660219291762  1310.602244991823  -90.9671915512074
-133.71152784260363  1307.3663493009599  -97.41402228677144
-133.30899158994706  1304.0178858612726  -98.14302271918686
-138.87063462785  1300.24448963435  -91.8053251701795
-145.77422788889888  1296.1492110147474  -84.67089844294013
-150.18534165668447  1291.590685100394  -80.22418433378567
-153.17745709137301  1286.3323276139654  -79.24456696285795
-156.34883410684418  1280.145262403091  -77.92640567236876
-149.73866942145634  1273.0656469708185  -83.50342360401649
-141.53299239565712  1265.247504137877  -89.58408475199613
-135.69730727150187  1256.7261782782682  -96.33093566562812
-139.14851325460407  1247.2608524255022  -94.01996314460844
-144.15966665000795  1236.8801930269447  -88.69718729232724
-145.4676676554034  1225.465196854926  -83.09265486982206
-146.0474959033968  1213.1129280904397  -78.66871571554776
-146.45129884186426  1199.8035185845101  -76.1678658359917
-146.70049528815957  1185.6403236227904  -72.19722060728715
-146.229843042354  1170.8380825224515  -68.92970397762198
-144.55217009139727  1155.5158437093896  -66.17180518828384
-142.3792828958965  1139.8854995661977  -63.64092004059155
-140.37898376995895  1123.9432960006675  -60.942377799972036
-137.64316563597077  1107.727093177687  -58.01398499859458
-134.56095567944718  1091.2391506220492  -55.878053610008
-130.77102725908384  1074.5459266344988  -56.72288022030625
-126.90527440504466  1057.5717145001374  -56.16594336493406
-122.91791709368819  1040.83380886688  -54.003645905476866
-118.37527838415433  1024.2070367251565  -48.96118373116497
-113.50122535267727  1007.90995716859  -45.06985535398628
-108.19044968683104  991.5509617369078  -42.228164446983556
-102.76991136529945  975.3422286247089  -38.527471850318214
-97.03716086033127  959.3040116402802  -33.95392443599124
-91.01765583116166  943.4319019869554  -28.97971290230553
-84.44962076203758  927.8133113946802  -23.8258282361981
-77.19494218820762  912.5931119229415  -18.74901482147458
-69.31403800087969  897.8396819461957  -13.347658593285958
-61.08389020532722  883.4692061113816  -7.772289623656926
-52.64920836095172  869.3533891702695  -1.7021885221151374
-44.06422548967548  855.6198888181837  4.8789756504086625
-35.41567158063022  842.5464172461216  11.541559386234509
-27.03286951718304  830.292975411519  18.250328412198144
-19.03352614422096  818.8692958446844  24.785316787883655
-11.347196136582674  808.1817270613473  31.52367483932623
-4.0864042335365465  798.184409297732  38.340778884506406
2.7344392984808197  788.7956393576756  45.22205753876862
9.0267557833697  779.9209058716198  52.332166932835385
14.870678695938793  771.6198584291323  59.22094062291504
20.21712367595876  763.9180512521883  66.14221260229397
25.170582277526442  757.0006967760435  72.44876082266494
29.598681341409318  750.8678764608323  78.45027981493475
33.67414484677538  745.5499385987268  83.70399009945551
37.096483417201085  740.8780714396153  88.56683424528302
40.06366213235887  736.7774993159258  92.86489969807903
42.319392939408885  733.2840434488928  96.56530683505216
44.138969584644194  730.3821542829991  99.57325633660058
45.390589740048554  728.09205026077  101.94438965180879
46.2308227267077  726.3809548435254  103.43726209585296
46.55315001539603  725.1506252690142  104.36490807717418
46.456117875775675  724.3345622631502  104.65880912456107
45.80325224282152  723.7476633649325  105.0104119107497
44.858470325093684  723.461405750174  104.83241010751834
43.605904273224326  723.3441676863495  104.66636016448203
42.338072466538904  723.4874492917025  103.90649467306068
40.83440727293176  723.7600497945385  103.30786212254648
39.38263482257628  724.2151269859622  102.23950662229464
37.87837952004562  724.6862661885909  101.35366383623776
36.566990919414614  725.223802493393  100.2436238023277
