15.584598883218725  741.9328545960234  122.28334042942693
15.414355308792837  742.1196313542831  120.55241002854854
15.070553116160703  742.4269321385111  118.95273950723704
14.646882214008563  742.973101051665  116.92725427677681
14.090655785705113  743.714458290392  114.79640699111488
13.403236188485742  744.7916246788593  112.05143240413803
12.476920751644117  746.0775684392138  109.4547116509769
11.317545044500529  747.6829868248302  106.46995847878047
9.934437460543007  749.4773274106201  103.77091172522339
8.407169300109814  751.6058207054895  100.4724460312792
6.7883394019104015  753.9677522573767  97.22961966129975
5.105472128588484  756.6804969546912  93.31939206844496
3.359152516956529  759.6508367691259  89.31001874562847
1.45205833851353  762.9181630121628  85.03235227898446
-0.671218076740155  766.4428099623557  80.83735184820462
-2.893645423846401  770.274492369464  76.69458482532029
-5.351955064566003  774.469902383475  72.45976859582285
-8.009593963710312  779.0448130620729  68.14219716174509
-10.992508523793667  784.0246775986913  63.617737088759675
-14.273191381582066  789.3786169220074  59.244736189981566
-17.733730044687306  795.161254041964  54.75006123270368
-21.439828747292417  801.3902542510265  50.3650145336266
-25.234698582633218  808.1242819844703  45.75877090085208
-29.276163909998584  815.3400155997699  41.40335449324045
-33.4975665832742  823.0686090999047  36.88933288130055
-37.78264373348571  831.302278122142  32.38028525521542
-42.073091069585516  840.0601061321642  27.65041027427939
-46.426113609872154  849.2842138673064  23.127577129360983
-50.90783511327702  858.9813916026609  18.6581961454246
-55.61224263868682  869.1749848530224  14.47910821069762
-60.493312145613395  879.958136822162  10.768075776872251
-65.75691482212936  891.3440454096645  7.691432817079356
-70.50074016619735  903.3673478193522  4.288700759929352
-71.860213860738  915.9492295633578  0.31404171375039747
-74.84118545417061  928.939526808445  -3.757331465208877
-74.99318611860609  942.4989308028728  -7.16854304969719
-80.42272345898017  956.4842600504614  -9.91203071551837
-80.96939321046153  971.1054993805612  -12.537012907093086
-82.60926855193205  986.0087558257123  -21.336526615470888
-80.80907436880005  1001.2783966085067  -31.46496171912355
-80.46969109836311  1016.8043428335144  -42.266141875862886
-80.97604221594993  1032.6558193373444  -47.9235352291336
-81.18117836135238  1048.854889248205  -50.1377332308355
-85.75301578060439  1065.2234379816605  -49.303351896303305
-95.16013929063374  1081.7957232511537  -46.612300493907355
-106.86483553086295  1098.4242515814847  -45.02907752825533
-115.94540014742543  1115.148402674981  -45.21405060980439
-121.48799363885985  1131.8183630921858  -45.32095334488824
-127.4008830485483  1148.4677973226833  -44.84976354664482
-128.40935683204128  1164.843517240311  -48.919857034187515
-131.3626073372172  1180.9767539889556  -51.45244705484754
-135.4758063130115  1196.6174042898897  -54.386180972234065
-143.75914858370976  1211.9704794917534  -52.13363011128777
-149.58959963931602  1226.9679440416992  -51.38528119146271
-152.68499983816196  1241.8027373815762  -51.05276998300245
-156.11200458892708  1256.4202398992345  -50.72313747660432
-159.5366992453908  1270.7366006380194  -50.290997216823925
-162.6212039869382  1284.6793501815353  -49.69339274739765
-164.98042278734178  1298.1700215177582  -49.33453113941139
-166.962574430845  1311.0543437022654  -49.17611885165496
-168.92284875493038  1323.1648194923514  -48.87148613211153
-165.88412365068075  1334.3074044414911  -53.48844867498743
-157.22181295134203  1344.6230299169251  -50.903686650226625
-152.0860709468925  1353.508189883849  -58.67439297206462
-153.21540665433633  1361.5383984296104  -58.432970993138454
-161.44008818227275  1368.6762677705285  -64.04179890681999
-165.42239998569053  1375.4134613053006  -58.13345624779917
-167.80413484006678  1381.4104934132765  -55.01961706647095
-169.01622632615735  1386.6983513503205  -53.539754960786645
-170.94985449856546  1391.4883215336295  -52.543324834376904
-172.9699517290941  1395.7170119216319  -51.3921600020317
-174.23657717244677  1399.2983861905198  -49.433039451433174
-175.18584307079132  1402.317276801172  -48.06497372688742
-175.8565090996319  1404.8265122246592  -47.087962246939476
-176.48682819631622  1406.9568135839515  -46.144296438958584
-176.92857740853503  1408.7089250902418  -45.32325581140629
-177.29907311846517  1410.110501736318  -44.428329998515615
-177.56316136171742  1411.193316179543  -43.84192460986967
-177.8001986480832  1412.0172336018395  -43.29150992922683
-177.89499734163965  1412.6687862739868  -43.037360869004935
-177.92984973480506  1413.1974453602413  -42.92663678604198
-177.92295315058882  1413.6335103939912  -42.923748527012066
-177.93669815460427  1413.9555364762005  -43.046296840144436
-177.96282587871514  1414.1608015132824  -43.15765924392878
-178.0041461575441  1414.2607725022128  -43.410845283266525
-178.06637725953217  1414.3385895307408  -43.66857158504922
-178.11656882512307  1414.4309231770533  -43.995979809925124
-178.15843453443983  1414.5437997749364  -44.35945640778926
-178.20762033191926  1414.6438014372782  -44.72201485374487
-178.2649946385698  1414.7440858027776  -45.07256580497187
-178.346294448698  1414.8548499653484  -45.391679807685044
-178.44659034734374  1415.0048325196742  -45.64437502301452
-178.57284616262137  1415.1787586875018  -45.87250589340069
-178.71273511614405  1415.4011660515725  -46.064236625977124
-178.83299446417212  1415.5886303783595  -46.245616660006164
-178.9607288173724  1415.742348450307  -46.49661979813544
-179.06855873845672  1415.7956732609268  -46.752022812566736
-179.18567353734582  1415.8059721035838  -47.02067803626077
-179.3263144591864  1415.756211280594  -47.26413180411828
-179.51704125206666  1415.6507294342214  -47.56589638888592
-179.68429647555348  1415.445979316204  -47.9838742299959
-179.8121827453261  1415.1195456744413  -48.31644047147846
-179.87285027743482  1414.6642922261306  -48.62892533509242
-179.98712901057095  1414.097744741449  -48.79441945057137
-180.07692102480652  1413.458836424056  -49.060272070440504
-180.21216484405522  1412.8153372977854  -49.255245987666086
-180.29012343894607  1412.191657045483  -49.53251618589048
-180.41060417506267  1411.6199334668631  -49.66654688944979
-180.45931311197316  1411.1065261219546  -49.85166289087337
-180.56002222450195  1410.6708737945178  -49.85322066197558
-180.60500354939063  1410.3110722158256  -49.85599684394969
-180.72421397502094  1410.0101390805803  -49.759220530574986
-180.78628621076197  1409.7784868349675  -49.59317411345547
-180.88846504959025  1409.6319622559806  -49.28636706760364
-180.9098070839753  1409.561616772734  -48.77760221469492
-180.95373046250094  1409.572672145011  -48.30581759628484
-180.93842208718544  1409.6165721361592  -47.76834406532673
-180.94977723147886  1409.7120012681066  -47.245058882170696
-180.9333769242049  1409.834878072249  -46.600717978260114
-180.93042944109996  1410.0077050492825  -45.890815467092175
-180.9166351472081  1410.2252285838513  -45.20986949864182
-180.90054656353027  1410.4742481387061  -44.45339361143645
-180.88339503844026  1410.7434076390243  -43.75230855470015
-180.86171476431042  1411.019858435389  -42.93744376376634
-180.8261019943236  1411.333143480782  -42.183440986954615
-180.77716231347657  1411.6840607847191  -41.44281630193743
-180.71458570926012  1412.0658023098276  -40.70154640234937
-180.63774122747634  1412.4545715812178  -40.012993501213494
-180.53818137610588  1412.8208670739918  -39.18801424452765
-180.43365657758028  1413.1720431538172  -38.43435530462283
-180.3405415254874  1413.4839181129464  -37.40279371933134
-180.25997580198876  1413.790337778975  -36.516930521505586
-180.17520893857983  1414.0575172126187  -35.50244797390011
-180.10027865246778  1414.295816666544  -34.58064828298594
-180.001835812013  1414.4822572406124  -33.50136116279323
-179.9425941538171  1414.6376090014624  -32.38851920756453
-179.85568057610834  1414.7359266125266  -31.320386206093676
-179.83411046974828  1414.7973283417207  -30.277189791667187
-179.77076843458184  1414.7953797328585  -29.276415518888072
-179.76556479406486  1414.7843876161476  -28.26406048587584
-179.7206197351807  1414.7313914130893  -27.25995721376116
-179.72126796703083  1414.6918142145428  -26.27104046453574
-179.67501578298595  1414.6516126647948  -25.320058684340996
-179.6618855181856  1414.632023205179  -24.407042483425226
-179.5901596891585  1414.6134661392193  -23.55666772899237
-179.5551294438065  1414.6138134546031  -22.751773446881934
-179.45450835376533  1414.6265787097925  -21.991773038522034
-179.4059010002974  1414.6789242716986  -21.25514698527032
-179.28233420155652  1414.7419632225615  -20.530115147886487
-179.22332968652543  1414.8670932247344  -19.818621293444142
-179.0834881359701  1415.004734110424  -19.109255489000613
-179.01743219737745  1415.1971616924013  -18.40655874426545
-178.86964104027243  1415.3788470652273  -17.728638582483377
-178.79716272649102  1415.5942249144184  -17.08094228213501
-178.64574900771868  1415.7738201259006  -16.495355486416074
-178.58801090567326  1415.9271234885464  -15.955064010537566
-178.4577509932889  1416.0284971608116  -15.470047575729684
-178.43820883847917  1416.1107890943629  -15.016824992162714
-178.3113756861057  1416.140344348005  -14.602227355872632
-178.30107649248288  1416.1466092772034  -14.222720990089833
-178.14241889629108  1416.082282921116  -13.910472740549054
-178.12049437922462  1416.0326153501874  -13.583691988050491
-177.93998766951975  1415.9107051238593  -13.33441564896559
-177.8938052069264  1415.8112196275465  -13.06445928575345
-177.6938014887923  1415.679410287489  -12.914400804332303
-177.62734153421263  1415.5691229137747  -12.727668232284486
-177.43685969939364  1415.4479154128571  -12.625949331837354
-177.37487553213518  1415.3291216706907  -12.487599518853678
-177.19351472382232  1415.2255049890448  -12.432818137111173
-177.13910689286442  1415.124803159232  -12.34454281079163
-176.96913993308848  1415.0016522682  -12.332030032729419
-176.91838779030547  1414.8798996875032  -12.27262924335022
-176.76082908034826  1414.6997727218338  -12.263429100071924
-176.70528903821423  1414.5174916032267  -12.208767856615498
-176.55267308468294  1414.2599899299994  -12.19893885099919
-176.47733186224508  1414.0106882763453  -12.159543245747956
-176.31663610518208  1413.7200552773634  -12.154059404736687
-176.22087414543785  1413.4534497260959  -12.119906866090702
-176.04218265402216  1413.1666093516287  -12.1265382449334
-175.9195870437222  1412.891624070179  -12.112694060018313
-175.70602450746415  1412.5698533377015  -12.162583594418292
-175.56649582254755  1412.2344239703712  -12.195416204638379
-175.34655127943373  1411.837632556997  -12.294409275444238
-175.23406554229095  1411.42430541086  -12.343343374522505
-175.04852196387844  1410.9132924182634  -12.448281664675678
-174.9243424841749  1410.332813461774  -12.509524439735117
-174.763342891422  1409.619633477283  -12.792151270138355
-174.61460910511045  1408.8288721656472  -13.02774882819517
-174.4340114983596  1407.9058771167286  -13.359267484723693
-174.24304474286816  1406.9136485799618  -13.531041667216172
-174.09031009024187  1405.8357806001743  -13.744426138943636
-173.92161354100023  1404.7591389924742  -14.099851149549654
-173.70065237219757  1403.6675271818733  -14.57988365857854
-173.45818090558342  1402.6262965589015  -15.216423762376463
-173.2467958314864  1401.627886489173  -15.762619297083058
-173.06570221756365  1400.7714474778245  -16.32126650081642
-172.87508685847888  1400.0976589625309  -16.868003796050516
-172.64507227316375  1399.6175364587878  -17.409081751863123
-172.3832435107845  1399.373543868402  -17.970019013523697
-172.06034758643463  1399.3833216570897  -18.399469794917103
-171.77097155580316  1399.6941635530793  -18.872117482146358
-171.47517147308312  1400.2675280624862  -19.152681604812607
-171.20129954990864  1401.0242241999806  -19.565828580907862
-170.92768108450178  1401.9566476676298  -19.871011684538452
-170.6986720312164  1402.9695856425333  -20.228980893415297
-170.53776508681415  1404.0743436407136  -20.409697718227573
-170.35545115319053  1405.194328651668  -20.543517091487725
-170.21584361320396  1406.3297037253158  -20.648587277322115
-170.03272037111586  1407.4314386659826  -20.810940739373898
-169.92981028194262  1408.5027500407768  -20.908207058728326
-169.7549644382834  1409.489270590557  -21.043131657517456
-169.66024779471707  1410.3657427092874  -21.05110656399119
-169.49656471865788  1411.1010413414901  -21.144014392585373
-169.4240329037146  1411.6871257310117  -21.091859104258905
-169.29538849372696  1412.1470678641404  -21.096169186002342
-169.23648215691873  1412.4453107170605  -20.964667219978
-169.11400694010752  1412.5669235453736  -20.97646298681877
-169.04557999246103  1412.5083086498844  -20.85720713793882
-168.94124410627626  1412.2659295634337  -20.823871217741303
-168.9351416088914  1411.8844675424866  -20.609004100243254
-168.9029006744344  1411.31949250228  -20.575188148681693
-168.9152573271976  1410.6335277254323  -20.414549919348815
-168.8861876696207  1409.8015157479397  -20.405012800704654
-168.88490683300105  1408.8829916351963  -20.22130307844517
-168.9423000257093  1407.8441118941666  -20.093168095980552
-169.0704946912454  1406.7514299381266  -19.86081486541765
-169.23697644334675  1405.6263846176078  -19.70084208999462
-169.37809195786537  1404.5452417291297  -19.599490803817833
-169.48301874389597  1403.5347824767784  -19.545201054206977
-169.58839148275783  1402.6288938319763  -19.516255301177203
-169.6799266648889  1401.8547228242026  -19.498624889326784
-169.77750628659436  1401.218100059962  -19.506751517315426
-169.85414532950028  1400.703626990256  -19.549791133230528
-169.94817590720464  1400.3308063978968  -19.588664643157117
-170.01888438074326  1400.1017562630368  -19.616968591775883
-170.13605165705394  1400.040539066919  -19.63238825310072
-170.19779073810582  1400.0977160972586  -19.72800529857246
-170.30567989806036  1400.261318101921  -19.81412013060459
-170.31321352088818  1400.473241990879  -19.96091393496385
-170.38467912347753  1400.7399464400019  -20.024113561283436
-170.35160204175878  1400.9930952121224  -20.157309102393754
-170.4073295025666  1401.2261834802728  -20.232770731016323
-170.37100492948412  1401.4086919031497  -20.387986108802274
-170.43055272409197  1401.5418386283031  -20.47954558044222
-170.40882308233242  1401.634219457981  -20.65728189830963
-170.48393693110924  1401.6715660852285  -20.754589184029218
-170.48128734423804  1401.646249944367  -20.948428191029304
-170.56134260042697  1401.5842832523786  -21.04223699692875
-170.56260694728485  1401.459094671032  -21.229783544643475
-170.63007166917896  1401.3288766763735  -21.30915832101809
-170.62285046453226  1401.1441088286724  -21.48456270178138
-170.66236976720887  1400.961276671603  -21.567052367962763
-170.63956762557962  1400.7433925125074  -21.727420190810623
-170.65768765647337  1400.5265186700235  -21.79571417791145
-170.6284686964968  1400.2777341698975  -21.90382723850274
-170.63449630059895  1400.0289288565882  -21.937185406404723
-170.59789476795098  1399.7640688600777  -21.98907383359084
-170.6031386369656  1399.5161803836368  -21.973899686348446
-170.5750028853498  1399.268428867528  -21.926317488035874
-170.5938112249398  1399.051842642216  -21.860845396674026
-170.57400600898544  1398.8523624512559  -21.731841976381737
-170.59853195652883  1398.6787166505896  -21.612596297628865
-170.59005647209864  1398.532378874403  -21.38346335563362
-170.63426050998905  1398.416472435749  -21.196134189294266
-170.65759924231835  1398.3512903817768  -20.938978964451564
-170.74541913411537  1398.3518650992216  -20.684052535423756
-170.8117652195689  1398.4350279302175  -20.367481605304008
-170.93199347485512  1398.6365043401709  -20.0293610812634
-170.96383327390274  1398.9474075233923  -19.693278171967123
-171.02152933124353  1399.3998619093475  -19.351146044801236
-170.98839719828493  1399.9214708502936  -18.991800742344942
-171.01958213426903  1400.4999465691776  -18.60026701821009
-170.989873087588  1401.0399988990478  -18.21119450732335
-171.01148995867032  1401.5133107189074  -17.84672062308084
-170.97249675401162  1401.8819173683469  -17.530295991970057
-170.97214753673035  1402.1741118007214  -17.23771529786616
-170.91507688147232  1402.3543294195251  -17.000145679806312
-170.9169421260909  1402.4177960258185  -16.738366668755837
-170.87063558151286  1402.310433166665  -16.5533887358099
-170.87843432217272  1402.0926484726347  -16.314225398338532
-170.82210616209514  1401.7350148606706  -16.170686835853342
-170.79467206221688  1401.2786652431641  -15.980139846461118
-170.72467762078549  1400.7055822211191  -15.895273463972654
-170.7112751381101  1400.0589304955317  -15.780120049214599
-170.67729037292864  1399.33150516164  -15.73255145631011
-170.68389939939507  1398.5607872477656  -15.627563210016518
-170.65017518911856  1397.7430962961528  -15.571315880016893
-170.65290077251177  1396.9236876777761  -15.486395820826356
-170.63674501274278  1396.1104508598582  -15.475973771240565
-170.65472317020448  1395.3554034053989  -15.486961021955235
-170.65572448143027  1394.7070656858689  -15.52447392289159
-170.67949122246785  1394.199794240632  -15.61095392711633
-170.68711877952808  1393.8186064836916  -15.70120293300376
-170.73027130685088  1393.5871338344311  -15.815921697025935
-170.75241410683728  1393.486887956253  -15.903204562749105
-170.80709148052784  1393.5329860251097  -16.014328380348342
-170.81796098372075  1393.6393260675145  -16.146809687530435
-170.85293089303025  1393.805630045875  -16.312103095082197
-170.83777862679443  1393.9865454911478  -16.501682865342
-170.85232890157562  1394.1936344482374  -16.700231948881513
-170.82529980581202  1394.3761027597354  -16.89739518464806
-170.83314849891957  1394.520779851564  -17.082575160185524
-170.80257201454296  1394.61501157457  -17.266898406767414
-170.80389281784386  1394.6658842656568  -17.440817508228065
-170.76844179828086  1394.6537641124705  -17.607440213588823
-170.76203576364696  1394.5611428204995  -17.748493246677235
-170.72003456001534  1394.363360328095  -17.939313066930882
-170.69684684347175  1394.0841453876615  -18.10811011777405
-170.64777258499763  1393.708162114298  -18.32409286289988
-170.6174088748467  1393.254609345378  -18.47238461035886
-170.56853416889487  1392.7129899994914  -18.701900449017614
-170.54133492428957  1392.0967583968657  -18.87204911884141
-170.49078544719322  1391.398158155462  -19.113369822595853
-170.48384551134308  1390.648659751437  -19.287098946831392
-170.4422834964786  1389.8708969560792  -19.540664912889238
-170.44730475885376  1389.1205579074167  -19.79738255031491
-170.38651392493418  1388.3998913959074  -20.072998175281757
-170.36165772118255  1387.7314205207877  -20.375500488489145
-170.27470059101512  1387.0782908164535  -20.699353821725804
-170.23465626876606  1386.4480071995808  -21.087240868587607
-170.14182851169798  1385.8095334800184  -21.475531425549903
-170.0950580540015  1385.1975304265936  -21.882965972454276
-169.98992248173388  1384.6013228054292  -22.32596188460084
-169.94171003260232  1384.0555980910092  -22.7961135591148
-169.83534844070047  1383.5317990003289  -23.27506258878843
-169.79302170114215  1383.0540854754222  -23.769143553813528
-169.68103109429762  1382.587479474848  -24.28968744484648
-169.6298928465721  1382.1731981058795  -24.863357253895508
-169.4992579532956  1381.8111012684358  -25.479109425057338
-169.42414834894166  1381.5183891656143  -26.13299534580016
-169.27499991525147  1381.272125436275  -26.802933940426627
-169.19356548090497  1381.0548179313816  -27.453741113753264
-169.0523857986758  1380.8667321134483  -28.08553200986661
-168.98855667741122  1380.7035238643944  -28.670109666863
-168.86431302278692  1380.5314454388892  -29.23161132208871
-168.81922810944818  1380.3542930980484  -29.766496194124777
-168.7069620099381  1380.1385765557702  -30.288609788337048
-168.67076613917487  1379.918546383819  -30.79561093516002
-168.5722409632911  1379.645898167615  -31.283877175821697
-168.53604701480296  1379.3416949555176  -31.754388176941532
-168.44609464669344  1378.9638511450962  -32.21094522129813
-168.40343590529332  1378.5419334009773  -32.644091224694805
-168.31452286293484  1378.067553006628  -33.05507634173952
-168.2745856887659  1377.5735038344792  -33.45498583006196
-168.18308977213078  1377.0453295428372  -33.855817036842
-168.14329998813702  1376.519083866252  -34.29006864432956
-168.0393155914876  1375.9892629563967  -34.75169613470848
-167.99726802009698  1375.4915416508243  -35.21721812346019
-167.90259552365978  1374.9831652313487  -35.65972747117527
-167.85442643248027  1374.4925604059572  -36.07759842631444
-167.75067710475332  1374.0070392638472  -36.49746572499849
-167.68124791419504  1373.5690711885468  -36.8919459850821
-167.59341941446584  1373.1408097175654  -37.254577466378805
-167.55570081872813  1372.7248182259082  -37.53356763424364
-167.50965834559477  1372.2889873502281  -37.80254296712718
-167.4976888922256  1371.8519032182621  -37.96903337847878
-167.4659398944054  1371.400636212564  -38.143624757038815
-167.4661505313046  1370.9423943405661  -38.1899691269709
-167.43824336559587  1370.4605549184412  -38.28802734626367
-167.44764065629755  1369.9677720050079  -38.28196556612555
-167.41795443130704  1369.4598325868553  -38.341577206430024
-167.42906874177802  1368.9740362579294  -38.28545678013878
-167.3849160317425  1368.5004612635998  -38.309587768133696
-167.3771185613187  1368.0743696289792  -38.23434440333275
-167.31248950679475  1367.6716839677965  -38.25420881299324
-167.29673576111225  1367.319010463145  -38.15025367011513
-167.2399741263406  1367.0039576976812  -38.11890764120749
-167.24245014891224  1366.7476666276502  -37.95229108040694
-167.19742521330915  1366.5392422981565  -37.876166285224016
-167.2021495696833  1366.4207138818037  -37.68568979085189
-167.148294464982  1366.3841738710548  -37.595436985779955
-167.14188487168457  1366.4652317970435  -37.38456812408592
-167.086648374212  1366.6144535594638  -37.26118023386966
-167.07316298205419  1366.8577519259402  -37.02551321526447
-167.01055449298715  1367.1506656294132  -36.900620625125505
-166.98413475332006  1367.4955470978643  -36.673294751212694
-166.90403711182228  1367.8277437512156  -36.56021098279328
-166.8742441780695  1368.1037202454872  -36.311091658082454
-166.78704454666666  1368.30991608124  -36.17054312008443
-166.73667706380073  1368.4230866006526  -35.90457481267461
-166.62938167093117  1368.4252517220575  -35.77444006336209
-166.5985728035219  1368.2895773000816  -35.50818990350269
-166.52659989892905  1368.00571899369  -35.38184685665233
-166.47141818100886  1367.6180188372152  -35.17610792550404
-166.3692972450001  1367.1106066817122  -35.11226042319672
-166.30547282249927  1366.5201091918445  -34.96808082301961
-166.25466636886992  1365.832403875568  -34.901160767230614
-166.2292911895384  1365.0836071975039  -34.75895611232351
-166.17048603836457  1364.2838807229805  -34.69579857534586
-166.10077561428403  1363.482488458701  -34.595607434607814
-166.00431728544453  1362.6985986808247  -34.581809825050065
-165.94417190581265  1361.9855598669471  -34.5275390823118
-165.8855158791805  1361.3779918658695  -34.54045325020092
-165.8445380278858  1360.8793399494155  -34.52433120668758
-165.80103280782595  1360.4926973527197  -34.55656031773128
-165.7901903476437  1360.199023464472  -34.53895119418471
-165.77463030073105  1360.003751562428  -34.56340399835804
-165.79062301025212  1359.8976880243629  -34.54466730437957
-165.7849041067142  1359.8561375441745  -34.56921184440978
-165.8077843441068  1359.8829872435197  -34.542732815753986
-165.80448114991145  1359.9373984798694  -34.55088094882129
-165.82740705707968  1359.9944516067944  -34.5020593910581
-165.82033580506564  1360.0226109873402  -34.49280073909922
-165.83399260613854  1360.029226357712  -34.42802456791598
-165.81286814442717  1359.9848312094045  -34.41940948309267
-165.8017158573975  1359.8796273301402  -34.3588261663792
-165.7789146889363  1359.679230936424  -34.354331431008546
-165.7588328894699  1359.4075658526276  -34.30257611721965
-165.72336927329619  1359.0448602107888  -34.30165163009336
-165.6863569816909  1358.5946894424233  -34.28599168316985
-165.65204589884885  1358.0469217215505  -34.299032162639115
-165.63853293528027  1357.4249835204766  -34.33403976440141
-165.61000748169826  1356.7492150934831  -34.381132169690424
-165.60059231353932  1356.0561712485903  -34.47733717624927
-165.56564544747596  1355.3557976283155  -34.563244494518756
-165.56633038265218  1354.6782361515518  -34.67716078343737
-165.5500966316042  1354.018012955302  -34.78938998603716
-165.57977806288295  1353.4199291346554  -34.94153438874162
-165.5816317451502  1352.900149639802  -35.08827447862302
-165.61853285391112  1352.4754250637034  -35.251889516419745
-165.62336999462028  1352.1199159931268  -35.386779644157365
-165.6657461785687  1351.833032223324  -35.50775912674737
-165.67893236316547  1351.5929815068264  -35.59697026933614
-165.7246735213139  1351.395000553348  -35.65712069191046
-165.73512030364088  1351.205181917541  -35.711601687321384
-165.77697764001036  1351.034539024271  -35.74483108368409
-165.78797804826078  1350.8350294031638  -35.70901407612493
-165.8304073832606  1350.5975165506438  -35.65324360104712
-165.83448756141667  1350.271295931121  -35.530549267511
-165.88505471675154  1349.8791578533426  -35.44743733946106
-165.87163859355144  1349.3752548453176  -35.34371123347853
-165.8951485003246  1348.7883568229486  -35.267897877202834
-165.83559407562285  1348.0938102504215  -35.19989591483757
-165.83806829656328  1347.3375594628938  -35.13640467281137
-165.76885320565418  1346.5130799043654  -35.100253489098925
-165.75064917536577  1345.6744951607434  -35.06951864061615
-165.66522107739198  1344.8287627001714  -35.0660708204146
-165.62408231417504  1344.0260759348246  -35.0492641902692
-165.53634255131897  1343.2643966453747  -35.059273725674714
-165.48684081182583  1342.5731137931848  -35.04449004527092
-165.41172750192848  1341.9686555292874  -35.067088896286556
-165.37024578741443  1341.4651630753553  -35.05956794399243
-165.31563687350007  1341.0510756222534  -35.085354717313194
-165.29353581708205  1340.7152130831819  -35.07356334963046
-165.26062041213567  1340.4483651379078  -35.09732564834331
-165.25895620559098  1340.2522215559982  -35.09883858408655
-165.2360870902571  1340.091867309337  -35.14442653774115
-165.2427477764666  1339.9454740885847  -35.174999733299536
-165.21215877601446  1339.8017488968762  -35.21609039392057
-165.19164271421957  1339.6476408735878  -35.313695416268196
-165.15086396960209  1339.465394090548  -35.427626583164496
-165.10673354891446  1339.2271156573668  -35.62532158304925
-165.03932147315214  1338.9196092008706  -35.794988088712756
-164.93427631023783  1338.5459760899064  -36.06809988313941
-164.81217412701577  1338.092441989035  -36.31971781929176
-164.62833180361528  1337.568792128466  -36.657736494669706
-164.45382840786692  1336.9713168832056  -36.94321810860785
-164.297765890236  1336.3222545364356  -37.22804129930268
-164.13174487987146  1335.624960203381  -37.43566620062642
-163.97477204482567  1334.9148332175653  -37.668832865312304
-163.7385535814269  1334.2001571211317  -37.93844387106487
-163.58304407709088  1333.5189902452148  -38.23658148061427
-163.3556292974626  1332.866549415466  -38.53462790211506
-163.2041851042253  1332.2826362753449  -38.877068602466615
-162.98356719769922  1331.7550332843402  -39.20083871519664
-162.8312563745233  1331.3071707926872  -39.56358469643219
-162.62543036501773  1330.9071100016317  -39.8526822996031
-162.4852642216873  1330.562499971184  -40.160912026976696
-162.29153262255477  1330.2427187906485  -40.4275037925844
-162.16014120501563  1329.9595041050618  -40.70871769134913
-161.971814277265  1329.6833379576517  -40.98310006336819
-161.84814905077513  1329.4153963532722  -41.23751767173519
-161.66841015432854  1329.1165321472272  -41.48019296825171
-161.55366590482552  1328.7975236692328  -41.70425808591108
-161.3836425695678  1328.430961779056  -41.91999881007691
-161.27953399236603  1328.034606488305  -42.117114074917886
-161.12064270786826  1327.5819150546367  -42.2971382013616
-161.0166906655622  1327.1020173923073  -42.4713318300649
-160.85407510474505  1326.5813905479422  -42.64786668779155
-160.73248844237435  1326.052061407781  -42.82750488802661
-160.6037947122691  1325.5073238613716  -43.000773460270324
-160.49378194515387  1324.9807135330047  -43.16474138343937
-160.36466323376305  1324.472963342801  -43.300698718699095
-160.21746667978817  1324.0086565866125  -43.41118079852838
-160.08248125166855  1323.6127898414463  -43.49717356237047
-159.96236722783033  1323.2881058956543  -43.57605233416345
-159.84958816727547  1323.05509114994  -43.6424162246501
-159.74842394504068  1322.9064883520568  -43.69328239230144
-159.6564521589504  1322.8594289782138  -43.73093110150173
-159.58135846884568  1322.8955130271638  -43.7431078893734
-159.49558718349283  1322.9973784253784  -43.73227099274876
-159.41947045920065  1323.1536249915941  -43.691439012571934
-159.3123317613163  1323.340529221801  -43.632213611062156
-159.22473137116324  1323.549309330519  -43.568696825907246
-159.13443674143983  1323.7472318745572  -43.51928438520793
-159.0507611348891  1323.9160967304813  -43.48892332218725
-158.94241768350113  1324.047324018619  -43.47538467586707
-158.81594983653872  1324.1195238969972  -43.46221822752896
-158.6978995959415  1324.1005482313967  -43.45176967958731
-158.57321124903876  1323.9774280940062  -43.44121941129731
-158.43055806248864  1323.7490276214376  -43.43880803955849
-158.26058455343858  1323.460106482807  -43.44361269172989
-158.07662478718078  1323.0922417908305  -43.451151443712746
-157.89594478101102  1322.67549402756  -43.45036472073571
-157.72418480414473  1322.1914372520803  -43.50454847587927
-157.53027649853297  1321.6759383968395  -43.56968301520201
-157.2969481780385  1321.1217022437647  -43.65747463715745
-157.0696542561135  1320.5527642138845  -43.711870317835896
-156.8839104397301  1319.9548295167663  -43.779257520851296
-156.74595989706998  1319.3449214529169  -43.849622870865744
-156.61369490868563  1318.7250944780217  -43.914819545239055
-156.48429095995473  1318.1122639881692  -43.95654792399368
-156.36157380769424  1317.5085592062198  -44.03528124109821
-156.24889625164184  1316.9185835802618  -44.100083184631
-156.1486232281308  1316.3447028381986  -44.22563124416596
-156.05674739451342  1315.808950511359  -44.31278996660974
-155.97033645524192  1315.3271825155261  -44.46369529467171
-155.8934590171528  1314.9210723314457  -44.57180060370177
-155.8260546683351  1314.5766927220989  -44.72125034287487
-155.76785884542176  1314.2839313648285  -44.80930852207918
-155.71472892258316  1314.0055974306574  -44.92676276153024
-155.66056536359184  1313.7306470455696  -44.984337400751265
-155.60474960213557  1313.4328551118251  -45.074885871439186
-155.54668717525846  1313.1080279593725  -45.098581883620355
-155.49059623862382  1312.7300823640317  -45.14653512807053
-155.43347278777412  1312.296463738932  -45.13674910474795
-155.37375077092298  1311.7813595274665  -45.24277434811441
-155.31448082183937  1311.1781610877035  -45.26774044176693
-155.25802534930236  1310.4576868346883  -45.422578125673965
-155.22021762105783  1309.6407066941028  -45.395356774738694
-155.1625809188621  1308.7246347353616  -45.479055727476236
-155.14046693524807  1307.7596186099152  -45.42541211626928
-155.0950939557887  1306.7717134952215  -45.533968492764636
-155.10520247253237  1305.8345700461614  -45.60728370187735
-155.08057555043615  1304.9808054475952  -45.710881729038775
-155.11227201035842  1304.255086541782  -45.78555820089428
-155.12669175617046  1303.6586086425846  -45.893534342605534
-155.20137216347325  1303.1768448966682  -46.04367018339757
-155.25020184177757  1302.814067571849  -46.186533207226695
-155.3550004641051  1302.5762766375599  -46.31158995789536
-155.43199605389967  1302.4665980363056  -46.42529954900243
-155.5708196721353  1302.4532494731209  -46.504408467515944
-155.67126284302736  1302.499029576938  -46.61580254562975
-155.8178696436699  1302.5997651619714  -46.67853046590877
-155.91621460175554  1302.7292773607371  -46.78232868574403
-156.0478733603864  1302.884302451134  -46.80880287047511
-156.1274646444095  1303.0138842529875  -46.8920770825342
-156.22610857629994  1303.118451100471  -46.913022057848984
-156.26520907313707  1303.1385662909129  -47.00903369609514
-156.3105945169095  1303.0528476820305  -47.058575886977806
-156.3002728888483  1302.776931472192  -47.27100274318671
-156.27112744136005  1302.2846600998244  -47.424543892803015
-156.17081572170585  1301.5576195806789  -47.61455513935029
-156.1615655802451  1300.5821906407048  -47.656468972169776
-156.1340173311336  1299.3524186844288  -47.78913216799502
-156.2130162766616  1297.9178025597287  -47.937889908780136
-156.17107787201329  1296.3360114456707  -48.1221083148553
-156.2345910117824  1294.7100803639014  -48.29633987279982
-156.18508821601074  1293.079350461804  -48.511116654575005
-156.22533744196582  1291.5416579394418  -48.78170473987566
-156.15199752906207  1290.0954503463183  -49.06121918636074
-156.1742552222332  1288.779143819642  -49.369239408558315
-156.11041428432125  1287.5645853663884  -49.71321029527119
-156.13221439004386  1286.5015734916992  -50.09375447308011
-156.0803312601256  1285.5779013704364  -50.489900012893244
-156.11253478655942  1284.7901942993105  -50.879396359520456
-156.08159159332848  1284.1128372934345  -51.265416131165416
-156.13491658950636  1283.5207739776588  -51.6408625964913
-156.12184960255001  1283.0139350540674  -52.01714457164382
-156.18949849156098  1282.5732552493635  -52.38570183396428
-156.19038726421428  1282.1735619842295  -52.74671756159817
-156.2661377582831  1281.8135829448443  -53.10243283685787
-156.2669848710834  1281.4643136512705  -53.45671267506943
-156.339025327371  1281.1533686104717  -53.810752684891696
-156.32890825351888  1280.8436103050224  -54.16206582404768
-156.39329682903622  1280.55979218698  -54.489570635308105
-156.36702170227528  1280.2497209623236  -54.79118039452185
-156.42844965909245  1279.9295007145083  -55.050957401729846
-156.40128148950265  1279.5548740974134  -55.285558180062395
-156.47455725072365  1279.1595997832812  -55.469562179458734
-156.4570558708515  1278.7166984680634  -55.70263575513512
-156.53338762381705  1278.2654742531988  -55.862091629488496
-156.51761930037907  1277.781793414558  -56.082637338546824
-156.5860247237246  1277.2823550020642  -56.15665092049271
-156.55346661209464  1276.7342276151455  -56.324319432968366
-156.5882222743122  1276.1370310941288  -56.362123924618004
-156.49144844576787  1275.466960172387  -56.545748425783835
-156.42643873402326  1274.7318959122854  -56.56089220281098
-156.31531055494966  1273.9003587245013  -56.76862427458912
-155.9811547297132  1272.9653091898062  -56.92911780072373
-155.42467559234578  1271.9161193866385  -57.24293201490604
-154.63587850709996  1270.6484804232023  -57.469731985298495
-153.83316601476648  1268.967682954554  -57.692780159791056
-152.9188419248594  1266.6583938348379  -57.90946677941356
-151.72024334609813  1264.1188482236298  -53.603417530016614
-150.4075850481462  1261.5293906028576  -50.740210902428224
-148.9830687301213  1256.5550495048851  -49.50423801336849
-147.63086438299894  1249.7596456400956  -52.83807964187725
-146.240819804028  1240.7323784757884  -54.78841592088802
-144.27324453892408  1231.679201555907  -56.82865106357233
-142.07836218802734  1221.1554207224417  -58.52094444276679
-139.86585339301246  1209.6635369873895  -59.641448010309105
-138.19640897587385  1197.2213229227027  -58.60587550992669
-135.83379767498323  1184.3601950830287  -57.98318393093287
-133.05261834635263  1170.8472346589338  -57.58762508843848
-129.71916757228115  1156.7977012968122  -57.32970723217174
-126.80219574531289  1142.1541238686084  -56.64720939334736
-123.65906603935046  1127.0680472287606  -55.53967428497714
-120.33853317228504  1111.802875267018  -54.31299349123345
-116.57634835944775  1096.5292602900167  -52.896286811271025
-112.39539123608466  1081.219635993902  -51.495760026625085
-107.9398953190601  1065.7571928310383  -49.696610250931755
-103.2636821407785  1050.0871289513418  -47.1858032331298
-98.481625778457  1034.3061016666645  -44.31119635164889
-93.4157747292285  1018.5394487166203  -40.799612709200815
-87.95054202545109  1002.8489622699458  -37.43412857144204
-82.05021962412188  987.2006680544513  -33.516947139544165
-75.75209316225462  971.6258774573779  -29.410175963120714
-69.17199828993914  956.2392772706324  -24.611135691869578
-62.41468297887442  941.1961617211284  -19.26998935939716
-55.32726413508014  926.5928745966919  -13.680911978171707
-48.059396461283775  912.3738461375351  -7.701381891512915
-40.52601917842901  898.5001383979206  -1.4286358605090088
-32.90610805545081  884.9801935154885  5.465491652317456
-25.204356838639768  871.9337855460956  12.980554945340833
-17.515381333610442  859.5179010242164  20.53621023343308
-9.986984108426723  847.7513280776569  28.32612425988368
-2.5602284393195918  836.6373083201722  36.01492140380826
4.510142278069084  826.1117295604538  44.16513331184792
11.298070944759068  816.2458865660742  52.25056664428922
17.515119042683924  807.1230116935716  60.17755973165777
23.38570971472072  798.7999055272411  67.57006816893586
28.52816781761415  791.2905889584391  74.65253240756738
33.23247847473087  784.6504702882224  81.05195753303727
37.371338749313594  778.8692778791936  86.61211681068593
41.26211997488291  773.8995117933335  91.22741433148553
44.633416341407774  769.6489349308038  95.15839615646401
47.47362079474367  766.0338423562491  98.49618965490502
49.84666747938485  763.1475790309753  101.00123681082222
51.844692136216594  760.9631057488194  102.52585422054536
53.631735137704474  759.4317504825226  103.26129514677777
55.03211482211967  758.3328890686713  103.2772327486893
56.118883225958655  757.4961958359048  103.19036607271745
56.95659795173553  756.8123987708617  102.637122374944
57.567015034216865  756.1996493633476  102.12499607045922
58.0385575214669  755.6104613776636  101.33761030169848
58.2049205694372  755.0577777395561  100.76787219606358
58.346712162851894  754.4858544484167  100.05302212698535
58.39079490496354  753.8926127124806  99.45788100876882
58.45336477411705  753.2542307051831  98.82943140049693
58.30930449160458  752.6094271229125  98.33052781675165
58.07525523787179  752.0061315910687  97.86242844363329
57.66819657142611  751.4981376975078  97.41536053707952
57.31335799749788  751.0944281036442  96.86265621334128
56.793872009064664  750.7953487775396  96.30787917641283
56.301784163433126  750.588721661584  95.73638114840232
55.55792987241169  750.485343478918  95.27731456485866
54.822308951729184  750.4826199648992  94.82762645501182
