-45.64941898965081  882.7928629571253  39.446857474975005
-45.479507243575526  881.3573437270693  39.29376984033493
-45.00823788793078  879.4798652954979  38.91291009972463
-44.037192895654556  877.1614111416397  37.908371040241654
-42.537122728716795  874.5064656631952  36.29848749995688
-40.60161571819106  871.7432698480658  33.89941624440414
-38.43759130925859  869.0308357094334  31.08926384058278
-36.16951331746897  866.4486309572289  27.81542521561376
-33.48756087116125  864.0528429149454  23.997407180099906
-30.475558493099584  862.0379237616086  19.429815835082184
-27.19340981364743  860.4100385239103  14.346390376972845
-23.813470475579475  859.2939721083908  8.710225568543933
-20.173708808869584  858.6864172832604  2.583231647039079
-16.30497318279466  858.7746618240144  -4.207967799032755
-12.386306946748844  859.5728941876481  -11.27934767142434
-8.439429565954999  861.112369240903  -18.787378609737655
-4.537565122493444  863.4799218305272  -26.255380733076468
-0.6609748283576917  866.7622267957942  -34.03454327077902
3.0576044192062932  871.0665429848608  -41.63302663550628
6.5644764944564145  876.4170618799666  -43.350983921315475
9.806188299607072  882.6766915915064  -46.975241293176865
12.58657059530233  889.9826493853319  -52.86865737860677
14.925634403776803  898.1486240796825  -64.44644502804805
16.876031432793614  907.2614999901685  -66.71540471958168
18.329306996992027  917.1128421158321  -67.7785221988411
19.40619084105898  927.6134033953152  -62.935781905406806
19.83511865874047  938.6261936207914  -66.91828713037305
19.805102416670238  949.9606204002238  -69.05834654856258
19.133122043281915  961.6045574402915  -75.48957165073628
17.913920119592955  973.4710396215568  -78.5043997856853
16.107957397418073  985.4801643097724  -80.06970944107206
13.827655729462956  997.5668344240794  -80.82700929904584
11.034651838303267  1009.6144770244905  -79.87908271563775
7.8862835035073955  1021.4805591025238  -78.08036561152215
4.18356179853558  1033.0124218103026  -74.85982098162037
0.02549915840340855  1044.095757083896  -71.15733913111227
-4.637079121473425  1054.6626936806617  -65.6949410923673
-9.567108727840472  1064.6769635877345  -59.65749519153248
-14.80384979860844  1074.02954940814  -52.24814065101932
-20.440859586372916  1082.6440356963417  -44.23125736845646
-26.575776134486482  1090.3829999320965  -35.07546691681098
-32.639010296097716  1097.1145427881218  -25.623329615023316
-39.100433192925756  1102.7691301765544  -15.39881221785532
-45.283329751061416  1107.4664635001568  -5.141573221145678
-51.98996337011803  1110.9120652616589  5.716010957588529
-58.025125093086174  1113.0342002073235  16.011163248344154
-64.29548108791113  1113.507175241727  26.574025393988546
-70.02329743688782  1112.7410917984275  36.488253270115024
-75.77725959238306  1110.7344995011617  46.644761581111325
-77.17951813504828  1107.5794915012873  52.976954681393444
-76.00415644941457  1104.0482947812409  57.08376089686905
-72.7612234158306  1099.5072066029804  59.12744710293467
-71.71187123025804  1094.105160523137  62.772607691552935
-71.28008740364808  1087.104619113726  66.67818361923268
-70.74780358318121  1079.3386965652962  70.33970424899785
-70.1473414282603  1070.9575721982976  73.6580625699484
-69.53913088264729  1062.0054318754296  76.6724094665833
-69.18064981599937  1052.6435550344859  79.3749633557894
-68.72653357671703  1042.8859768484042  81.69705806381896
-68.22964772335065  1032.8800540652392  83.66805861939223
-67.60160186587183  1022.7217162527322  85.34109132194155
-66.82978123307328  1012.5887592595363  86.36672754094067
-65.63032277687653  1002.6105389325497  86.64853386273535
-64.31837464698616  992.7800019198078  86.35266742610358
-62.69172053076981  983.1414038037333  85.53914759638916
-60.945780131697205  973.757302521045  84.18832784351378
-58.61269491492538  964.7070008045843  81.95247390871032
-56.13915837515688  956.028030997715  79.13015070468153
-53.246781824941934  947.7259350058607  75.78774755992478
-50.33311609718639  939.8674828916173  71.88452370165244
-46.78212879298847  932.5166202776028  67.09870371481034
-43.06384975064988  925.7597462471726  61.59766082372242
-42.11861173011544  919.5902906774961  58.30360856309894
-43.11380739948527  913.9493031374687  56.488945795401115
-45.37547834630318  908.9665304039197  55.56957569983566
-45.56310762744278  904.7083438429576  52.97212119960856
-45.08932348174957  901.1733292886269  49.45858451020834
-44.50098694813703  898.2135546688087  45.79743834601907
-43.78285497538974  895.7072951677227  41.90771456888409
-42.8030830473778  893.6606741715043  38.06085616556947
-41.595785385012114  891.9809483924524  34.31912109878619
-40.46560260470828  890.6385552111394  30.630354961183393
-39.401134870078124  889.5411984514534  27.389141142555278
-38.426994235320755  888.651626424284  24.424411860872304
-37.51604589281214  887.9066903313543  21.860998384870832
-36.69624774849143  887.3002061013356  19.529484543533503
-35.965040418926336  886.7800670649458  17.444554630376917
-35.2947757707036  886.3632322966718  15.644475214026105
-34.69494100828179  886.0190652773239  14.038602291709957
-34.171302104901905  885.769097633954  12.642790633064664
-33.740559756413134  885.5720985467789  11.419068726588895
-33.38227638240335  885.4434038524594  10.389332243220817
-33.11275187783797  885.3456834508985  9.484814491701306
-32.90841364122977  885.2957110951769  8.738955418598206
-32.777722845348265  885.2483743224085  8.067428793052985
-32.668393562904065  885.2118989084654  7.5483255173484
-32.605621538715425  885.1716877036762  7.078227112091777
-32.56016918325444  885.1286713100782  6.741242037399865
-32.53613615893149  885.0781497924755  6.442220888961795
