-45.71870165218297  877.3010340838346  31.13276531791582
-44.948181874545725  876.5888871300514  29.983059839463643
-43.98650252480711  875.9715698869246  28.611689324839517
-42.826441914475076  875.4951486841734  26.726157024395498
-41.515213080540384  875.1415447559505  24.446231580227455
-39.947155505818905  875.0034511926167  21.618943860855243
-38.1166583625234  875.1207102062147  18.415227557472672
-36.06317317352061  875.5960718407349  14.544229734723798
-33.8055900046098  876.3996358349614  10.200874185959334
-31.400893765876642  877.6040942288097  5.242589452404815
-28.77661322654367  879.2651679129173  -0.02911077607301671
-26.134306316634266  881.4775962529546  -5.77294423068905
-23.28755299839812  884.3088545087971  -11.787379704209265
-20.40240453900781  887.8379385923049  -18.2257340090759
-17.448461927057565  892.129748936973  -24.758181283455304
-14.613721659705178  897.1866545254934  -31.567169125437818
-11.968832876350366  903.0403153520656  -38.19171266910842
-9.511711550064879  909.7008127394542  -44.74197659891084
-7.437623606523225  917.2355200182865  -50.85983671074854
-5.669070208712651  925.562181446534  -50.333775410957614
-4.221830068919537  934.3845217602293  -51.69306423314541
-3.038886907571332  943.9953014145711  -53.49221033723385
-2.1694958802239532  954.1491984223844  -61.33691316606203
-1.7310824714938369  965.0142153827506  -66.02010435961218
-1.7208117671151637  976.1210523033087  -68.80552875204828
-2.108518786915478  987.5280486604055  -71.1215384368721
-3.0184504891649704  999.1252895229275  -72.23513290843168
-4.373459824364175  1010.7599755364721  -73.13671957787828
-6.157757079881703  1022.434872675733  -72.81008400435532
-8.340656118430186  1034.055354837356  -71.66168695994821
-10.910380287344564  1045.5519676541116  -68.98587598593569
-13.9800518498982  1056.7576950283249  -65.13996317956864
-17.617496144989854  1067.5391332164997  -60.30714371346076
-21.715474560068063  1077.7956779265032  -54.744092605408575
-26.28284949509136  1087.4218910828495  -47.742104543040234
-31.090516792174004  1096.3310706135362  -40.20384437842674
-36.31652960527768  1104.4202959834643  -31.644731427488118
-41.799896199700115  1111.6331336028568  -22.733931845978052
-47.415054081538905  1117.786164901151  -12.879664725042716
-53.16339477172276  1122.9816257729822  -2.6448273649969805
-58.96366193130168  1127.0893301092487  8.035053407258424
-64.80309469869265  1130.1677437962128  18.60771425546907
-70.70762133536951  1131.9220747728064  29.440187965838717
-76.42086072732818  1132.40547991905  40.10513669231582
-77.94230780805184  1131.5602192962874  47.20415549448563
-80.75304187509299  1130.4146809867007  55.359670226920954
-80.0261427743169  1127.410049846382  60.40975095437878
-81.00063379939493  1124.4253506026532  66.8719577292425
-78.22159324021061  1119.6173350813842  70.09369066841796
-76.87827587072715  1114.608979476676  74.28337629043072
-76.3528431617647  1107.6891119992245  78.88611470242385
-76.08963962728618  1099.85620337579  83.52943629311173
-76.23568551125108  1091.285460066966  88.38837071045334
-76.10280480140496  1081.9338487500052  92.57344858310469
-76.05757587155425  1071.8094129585827  96.23178457244055
-75.92749987165764  1060.891700893821  99.21675123269178
-75.36092808539425  1049.3429970056454  101.76239954897527
-74.63017989265776  1037.2438112093776  103.87747433095822
-73.72996119033361  1024.614992602179  105.65921540852132
-72.8606301139497  1011.6735555837007  106.69019501169839
-71.38020964424912  998.6634184118404  106.89620069160561
-69.56148636582306  985.7343031015928  106.32850312396987
-67.03697752587667  972.9480501135864  104.99629482084417
-64.49636448002902  960.4462899766124  103.21445175707993
-61.324821391240945  948.5751846484167  100.39814855064974
-58.09451605090236  937.5690882815061  96.96136824301867
-54.298893851734015  927.6100382652141  92.3512565619453
-50.235249412472875  918.6686376606671  87.14006674169224
-45.7358403982974  910.672231104052  81.32788523179825
-44.26190507558095  903.5801912449821  77.81790904113802
-44.50468381737345  897.3316608195527  75.47337210244905
-46.15719005380734  891.9468642618085  73.97843727237785
-45.833989024379  887.3757853238828  70.92221411118193
-44.99080444461727  883.5285312817848  67.13600953236813
-44.05211118478225  880.3460394290014  63.363777257439374
-42.90995319061991  877.7476938895038  59.17171553447704
-41.41807698727572  875.6931692732476  55.188262213480535
-39.67961210395927  874.1020236496776  50.91755258111837
-38.02774673890681  872.8913771904018  46.97907663986043
-36.410734025692996  872.0272066789789  43.06238890329697
-34.931561005806834  871.3955163352263  39.593983359029174
-33.4683427327052  870.9583603909416  36.30761596209819
-32.19880745088389  870.6489030306533  33.47035143067539
-31.019440869249465  870.4700404532751  30.85460416187002
-30.029662760542298  870.3914658611344  28.636714977121223
-29.17824666489846  870.4063557589038  26.689090048849252
-28.48678949728491  870.4783306868634  25.058230135076762
-27.92545584285738  870.5959907238537  23.677691406699083
-27.497488079354067  870.7191241855037  22.523844466202043
-27.17801535561714  870.8245740270322  21.620982254243543
-26.982061805001493  870.9027022352695  20.953711663883837
-26.842400947514378  870.9666080448153  20.480131240763157
-26.79372412879306  871.0340033395593  20.188433378973954
