-41.211394722424835  875.6090528718433  32.244774693262016
-40.8050288963594  875.111877386901  31.45132558172036
-40.30096514273789  874.554049864443  30.511987073514533
-39.56421076356623  873.9867332642364  29.10038709074355
-38.708484004824314  873.400239605291  27.441586454241456
-37.69602331623908  872.8229303740893  25.35363773668524
-36.55411089046586  872.29725943687  23.028588754613143
-35.210456389729174  871.8873531306162  20.180470563724743
-33.66112404560308  871.5944472888877  17.011398162501017
-31.832993330857693  871.5070196669692  13.1659143964707
-29.794764996611864  871.6508549871791  9.053801351749353
-27.58332808165846  872.1143155638152  4.27395539113237
-25.187353605557536  872.8508800796834  -0.7962336418027265
-22.66316040753608  873.8959396983167  -6.402063167493661
-19.972175252777703  875.2625299994954  -12.143985083742995
-17.219466830517703  876.9913450410613  -18.22011439376971
-14.415291409755936  879.1099800477965  -24.39432748695959
-11.68972131326812  881.6703968582942  -30.816807596721084
-8.944810414231943  884.7480802056205  -37.22842321608588
-6.171173540068926  888.4174665190336  -37.92211222840991
-3.4072730384803305  892.5144785839758  -40.83036262461827
-0.806234214475658  897.5532515268401  -46.34120177847434
1.5640694349343778  903.3820267117205  -57.40067393366369
3.68982740345969  910.2011416933989  -65.9947163476565
5.5106655056711435  917.5168443793712  -65.01509092660284
6.944887448888653  925.4270078619132  -66.84230079512696
8.059364134809776  933.9013565216554  -69.20891870706555
8.789692053470455  942.9259008960074  -78.65846451063943
9.084205693287466  952.4204551690434  -84.31425580151141
8.914501792015937  962.3469668534989  -87.86100259261828
8.181111077809037  972.6037609127648  -90.2317828008702
6.939604156424084  983.1804300441211  -92.0218168015881
5.0679859716258715  993.9808392344294  -93.26870143840343
2.7935233363952996  1004.8814190267321  -93.15306167937392
0.08400416678377831  1015.8491895089433  -91.29800578910674
-2.981746536370242  1026.7976548408737  -88.6610074386678
-6.494831613142651  1037.7419165818874  -84.8699968933925
-10.368052834338492  1048.5352273991082  -80.93368302986805
-14.58777731008404  1059.1490759196931  -75.66419322880112
-19.194851390893955  1069.4591705313132  -69.57811429747953
-24.331102210603675  1079.4191681591094  -62.19836561102612
-29.72236141988285  1088.956044823889  -54.20877025757091
-35.19199289572538  1097.9839733541392  -45.445200240593216
-40.71498340339874  1106.398354098518  -36.192038141933864
-46.647510165063075  1114.037976370871  -26.08123325607546
-52.671724386834214  1120.876239600816  -15.589182688399946
-58.735491033863035  1126.7680485310293  -4.699679448071672
-64.67962773561055  1131.7050052444217  6.280898528115731
-70.8132159655962  1135.729409230707  17.75096499920435
-76.76910741087089  1138.8010536222307  29.066020141846625
-78.37463481659687  1141.1481757786505  36.734566879086884
-77.2354341828172  1142.7803803008799  42.17328023127274
-74.24067804518647  1143.4621842721112  46.01480251931579
-73.64738250575846  1143.0656879005726  51.4599864557158
-73.63912988577873  1141.4655977343057  57.75743235652973
-73.85103860139222  1139.065778248315  64.05964693024012
-74.23577265261663  1135.7075035570228  71.08783106163428
-75.03768408634157  1131.4376814640407  77.59980491542947
-75.91562840398596  1126.2253061130323  84.56795396494368
-76.7152969225144  1120.3259708895896  90.87783615359717
-77.47411692710635  1113.774505034  96.98964787823058
-78.43458778032061  1106.6672583822105  102.52029924672941
-79.3100487025336  1098.9561527353592  107.53191026986629
-80.0377262795576  1090.792749144274  111.94838093917089
-80.37784545150406  1082.232029523179  115.60800806094929
-80.67688720512778  1073.363299352378  118.86733454936831
-80.97924623988047  1064.2114611421753  121.70108163326054
-80.81891160982543  1054.9391302371707  123.6654769315769
-80.23028359823691  1045.562323674897  124.83827026429074
-79.36865113807183  1036.060981741225  125.34685767993072
-78.33273459889278  1026.5017495184807  125.26106763230341
-77.17794839811341  1017.0121545392435  124.64679426767029
-75.55933629289254  1007.7137299638771  123.1550033469715
-73.71777225327592  998.6060211797154  120.98876539889582
-71.35223946015581  989.7396596178178  118.02694229072146
-68.8829196254163  981.2101868523918  114.54334274207031
-66.11660350373175  973.0738490191306  110.6818430057912
-63.56369876693404  965.3551808291166  106.44226872305629
-60.83048382618922  958.0357234372715  101.88650364506688
-57.889498397803386  951.1511837194661  96.64860205083826
-54.65795314000934  944.671290482172  91.09314014585286
-51.17647695433347  938.6173996858946  85.03354182132567
-47.893634885658685  932.94700351924  79.1061442982675
-44.47554452549927  927.6886613555055  72.8678724951689
-40.979426737913016  922.8146398452848  66.68915510143165
-37.517182780426715  918.370751861012  60.27512073275582
-37.3095042979789  914.3574907833671  56.682885431118684
-39.13141493468457  910.8519615455511  54.69943881984282
-42.26557942518781  907.84214973634  53.98581722878974
-43.449248467336375  905.3150068776943  51.904162820492346
-43.96401002335804  903.1678021317455  49.23983109787493
-44.46410406934946  901.3805437280872  46.507866299764814
-44.76702129858327  899.8923117524272  43.61644678334558
-44.850686910476874  898.6953330282867  40.69249677878342
-44.577424096137996  897.7206271897801  37.95951697253263
-44.1870362997382  896.989689728791  35.09615874153767
-43.71813183428573  896.4507144284216  32.47380819699552
-43.16196167990276  896.0845570159635  29.803912434149357
-42.5901726025677  895.8207151739053  27.495247390499827
-42.02592781407904  895.6567441921077  25.25127259196438
-41.43442952882168  895.5305550673987  23.334136044393343
-40.928066807457114  895.4282207347246  21.617599519750303
-40.459081429103534  895.3187715230125  20.18138968509465
-40.085750835253634  895.2210158363937  18.92132659146281
-39.77439102058937  895.1110596692047  17.839354366583187
-39.51693724952816  894.9913991038418  16.949648088410537
-39.30820077711648  894.8340846083971  16.21235315641269
-39.1638157420739  894.6766800926063  15.631836048495485
