-46.52044753391527  877.8691380475989  29.31350228126537
-46.148847018009256  877.5798465752467  28.836105941022467
-45.701377464216954  877.2665756482112  28.297674481235358
-45.13194355623028  876.939375811767  27.544850015267595
-44.44626664053307  876.6070558371454  26.7272778990181
-43.6366462766131  876.2955739899962  25.620415327226112
-42.71021524445033  876.0407603577959  24.416113082971204
-41.57418702275547  875.8397945806144  22.821338725714796
-40.254145092572784  875.723895697165  21.06405100627473
-38.718181409615596  875.7164975578395  18.834375167650624
-37.06430725575091  875.8630977729264  16.492212713729685
-35.217427878143134  876.2087644957926  13.715105824542631
-33.287280082354734  876.7764812630422  10.74757719223906
-31.15251521480464  877.6398095983457  7.206143863054594
-28.910210105083628  878.8139775859931  3.5159465326520745
-26.496109942017128  880.3672638395124  -0.5999928592227439
-24.09434985280041  882.3195995978357  -4.710187555841799
-21.663950249632567  884.7165289855911  -9.221549603389853
-19.2359271955423  887.5413012009097  -13.602857827843465
-16.726086705634504  890.7986689012303  -18.468916414205722
-14.17558621820336  894.5545615656349  -23.381204407562947
-11.64397687772664  898.8929537814003  -28.657134476105472
-9.24692746834242  903.8860993043457  -33.88993609113844
-6.915533720681153  909.48628559419  -33.048145402107004
-4.73542496132351  915.1841811433501  -34.49565416138995
-2.6422838182846355  921.7545401736152  -38.46791687978798
-0.8218192057947953  928.7790912496125  -48.1785219388161
0.7714572906966857  936.699265933139  -55.31386868415493
2.086849541826574  944.6639830117383  -59.299067133281994
3.19955294964004  953.0513026889319  -63.69073153717886
4.008300738510484  961.8950616321296  -68.04821720915248
4.510348076859874  971.0873130644438  -72.05854093782304
4.636383174691707  980.6093032912979  -75.10483912519891
4.447199472691085  990.3389704610677  -77.35375555532941
3.912611839049149  1000.2740938922339  -79.18460117058534
3.060632575225287  1010.3282927926467  -80.43551899976114
1.8390931173146374  1020.4716841877113  -80.40476909858722
0.334972997371483  1030.6151555781198  -80.03019024368275
-1.5244744622935444  1040.6888246139724  -78.82147838349323
-3.742818066666623  1050.6251438830855  -77.52597611201371
-6.504528604881095  1060.413900131942  -74.84813722969226
-9.571479752394392  1070.0202760493537  -71.48016338343365
-13.018889611108023  1079.3550000320593  -67.15959554403945
-16.58553368716796  1088.3386430888017  -62.499635081584046
-20.545064965277263  1096.8955703981555  -56.9944865438454
-24.57491682760359  1104.9775112125392  -50.91199309782434
-29.051735105443903  1112.5399625976138  -43.77640799384086
-33.7207722745751  1119.5688234161462  -36.38463639514176
-38.59319235750848  1126.000588839157  -28.33499062652955
-43.54397544130104  1131.7818445579514  -20.32223678214774
-48.550609750804014  1136.721260077926  -11.496665236935534
-53.83927786620407  1140.9088286860992  -2.616556879324432
-59.21323071129908  1144.18099944716  7.020048634990123
-64.6680260158896  1146.6390152010367  16.50704226375661
-70.28593547318724  1148.0311059962717  26.49739050004238
-75.865072602173  1148.4472761760617  36.216623785316145
-77.21317383359413  1147.8454906883287  42.37485153809761
-79.82313820451789  1147.1355734386073  49.658787777775366
-78.93169482867023  1144.9006451875382  54.042635951873514
-79.9593347740178  1142.719298935851  60.17130524101312
-77.41063592099663  1138.9944855532985  63.135958622696975
-76.34848664053708  1135.223524225453  67.06107519611957
-75.90605927265494  1129.8578784175936  71.88104595024731
-75.53713523429708  1123.7317040399669  76.92322812024382
-75.35403104281295  1117.0445988965203  81.9558678912901
-75.66117870141234  1109.7260738916038  86.72472072257472
-76.2573334864643  1101.9061349338922  91.46555223505945
-76.96203359220519  1093.5470487724472  96.17709436492692
-77.19029200714897  1084.8040575668037  100.35231041676187
-77.45152222875546  1075.6970142576583  104.00947445382661
-77.68274012699828  1066.1093036778007  107.53758089914369
-77.81891268019653  1056.2341849010752  110.51978498371481
-77.63254645441306  1046.1160611469732  113.12914407729673
-77.37458681218904  1035.8660314437889  115.14493904134297
-76.63954216281905  1025.455860678412  116.66584105691558
-75.794625654577  1014.9013914810063  117.55252188230172
-74.42005634552433  1004.377458706407  117.72384888019647
-72.90761655369032  994.0026141820734  117.04628061725668
-70.78344844109996  983.9155870614609  115.36522643475168
-68.42250714471383  974.0697415136699  112.98100485892776
-65.64885201745068  964.4818891180773  109.83472783417929
-62.69076668780989  955.2185825727112  106.07059157816398
-59.16818260559559  946.3796905559991  101.63396629040992
-55.62837586208374  938.0556238527398  96.61718599955408
-51.743929039706714  930.2833122016497  91.08510332015439
-47.985113776580825  923.1057260376473  85.1939346278077
-43.79357637147209  916.5247106525934  78.92547085201126
-42.85289039442987  910.5634916625787  75.18966894874218
-40.62548662428416  905.2591586759011  70.1661401872837
-41.14958259768421  900.5361355287962  67.4000481638749
-40.29742879399389  896.4335359446895  63.390469558402465
-42.04281250945177  892.9023184330699  61.67411906925807
-42.50427494583986  889.9393344056294  59.09471276828892
-42.307083200703616  887.5013497485108  55.728394019169755
-42.0103774282248  885.509513007587  52.41813657237427
-41.40254248477674  883.9646989424358  48.67822674843669
-40.7532176961246  882.715085567154  45.48716102219097
-39.8422228444587  881.7436089589146  42.13736076630758
-39.00313983178606  880.9776020280752  39.16060826605991
-38.224085035671365  880.4012098130208  36.24760242192118
-37.48692048660219  879.9478831637  33.74913302811454
-36.83915761183036  879.594781191358  31.52704862557427
-36.28234485129359  879.3067556443835  29.65703770099719
-35.83788472714794  879.0897952300672  28.032437317833384
-35.48070483906818  878.9037718803161  26.647767511805068
-35.22683481449278  878.7395783887282  25.546923898040554
-35.0631764804791  878.5817177918567  24.703856881781306
