-51.96658432441498  899.6985486478604  20.232999825037574
-51.435093991814426  899.4147005205308  19.388099775720292
-50.71890161130825  899.1229792600293  18.383392146992637
-49.94280472799481  898.8659238096704  17.11683983240399
-49.00761757174976  898.661071450935  15.6114596267378
-47.974137528410274  898.5138238986283  13.809488675861537
-46.80013167890969  898.4427351799743  11.795665954089532
-45.504326014796604  898.4890754499046  9.405828013885687
-44.08103219023265  898.6996274736391  6.726893647247318
-42.53027599801238  899.0954266816352  3.5918931022277354
-40.83497992629519  899.6674473354727  0.36166746166397656
-39.04686785103081  900.4589915150782  -3.4100349776107186
-37.16333174754596  901.5083548069662  -7.440829969073249
-35.156208339139624  902.8880347265989  -12.056919966943116
-33.078181482752996  904.6384556332189  -16.820945168716925
-30.911721043345576  906.8139292521669  -16.070509265085008
-28.754311432976873  908.8059607417536  -17.761026574678628
-26.53339713072013  911.830458145088  -22.171021899312116
-24.390694428616904  915.3610260623532  -32.299173078091975
-22.265599939801564  920.0908862293225  -34.10925418573558
-20.237669684432635  924.5892013038355  -35.679233594112915
-18.272665789568514  930.049930310294  -40.7786210102414
-16.559323246642467  936.2413727563617  -52.148299127186746
-15.08028799238276  943.3756695827709  -61.16385924942108
-13.837504672228492  950.8435475228231  -66.28887977083721
-12.838410924719359  958.8432664345107  -71.32733534397492
-12.093488298505198  967.471792075845  -76.11747556270767
-11.693101477747282  976.6312935465389  -80.48095738176596
-11.750578433197886  986.2720836453111  -83.73650466358836
-12.258525600799778  996.2281229031286  -86.15287409035926
-13.26339484187119  1006.4688948256669  -88.25949088029952
-14.592274831515168  1016.9187483745613  -89.5480191973401
-16.329080648141414  1027.5251429119007  -89.65416627666914
-18.40177991944068  1038.1950740825712  -88.91159513853204
-20.875166980221028  1048.8645603872287  -86.9472078229
-23.695945402648686  1059.4645025727411  -84.3524437894676
-26.995762847745873  1069.9307785411252  -80.3411609031136
-30.653067974774714  1080.1776573119457  -75.68551099133529
-34.63030339060387  1090.1313716119516  -69.92953845566856
-38.84480469949927  1099.693183803124  -63.67402412031063
-43.36186878940905  1108.8031242301108  -56.94002665748696
-48.00939333775409  1117.3950019372821  -49.42910877848938
-52.87178589900512  1125.4271673618018  -41.17260550041135
-57.84507038953392  1132.8114686180338  -31.976190939045857
-62.955785014400185  1139.554805743794  -22.956670361968026
-68.1851215537628  1145.5649584863777  -13.256145404675202
-73.40801827430701  1150.898525268411  -3.4670427480737294
-78.81091701637612  1155.4105156848022  7.310905380728232
-84.08034028104751  1159.2398592251773  18.08785436587068
-89.3357240174867  1162.2287580510701  29.214813153985244
-94.53506889287253  1164.43152708948  40.2774585934794
-99.62093731026124  1165.6949356648677  51.61933871824873
-104.7065384397555  1166.0524869644246  62.95995377653904
-109.52234236767794  1165.5393583743776  74.15655982601538
-114.38921262850674  1164.1363582680274  85.08829675853349
-114.62341782988425  1162.5887770451473  92.247164709102
-112.1291862595107  1161.0464832896055  97.01567297355483
-107.26013309691689  1159.0525642426978  99.7904778804681
-104.95203510093705  1155.929505152482  104.03157339345923
-103.62014959103195  1151.508498499745  108.9580150893897
-102.37679897306636  1146.3729035287097  114.12325300574673
-101.1266615593235  1140.679681839155  119.19379654282733
-99.8910412608626  1134.4048191578486  123.98813073898638
-99.04961780088706  1127.6045760222426  128.09757359630117
-98.39583421064643  1120.1297848809625  132.5598273716564
-97.72879244434823  1112.173533178615  136.40499015693973
-97.05868162825847  1103.751161884853  139.83160042583887
-96.35295757437535  1094.9865843905652  142.4591087237153
-95.70768045731444  1085.7983050446549  144.75858925305644
-95.18796866436784  1076.3034461724562  146.93922910077583
-94.50126990858303  1066.478241333893  148.46488201222826
-93.6283680916124  1056.570039853303  149.4425127128893
-92.59551914953164  1046.488892099359  149.79481573314567
-91.26776865892616  1036.4499843129581  149.44308860151193
-89.77236487162764  1026.430502971496  148.09992102006888
-87.91667064753511  1016.4121513213761  146.36600000998052
-86.26359498990412  1006.3739850698113  144.46373225969955
-84.12034878969058  996.3845744718749  142.12372095305082
-81.49682174471046  986.6852047684393  138.54927535553895
-78.2813438804335  977.3358473253747  134.00273619979234
-75.02162325653423  968.3669478696095  129.0365730972578
-71.4886533326591  959.8421174381388  123.54473810816742
-67.81972112550348  951.7933889841797  117.6196764642259
-63.796020042480095  944.2724257982177  110.81535215312279
-59.67095232970131  937.23364342694  103.64708912782078
-55.31001588585978  930.7341016896358  95.82996511882432
-50.98863308952548  924.754788417139  88.17185249652016
-49.99320062163376  919.402116039514  83.01597585756424
-51.01551740240006  914.4203369214308  79.52500318798153
-50.325727600515044  910.0509983118325  74.31767287671387
-48.91849383592926  906.1947939224441  68.55706356251301
-47.3671614304692  902.9370417015451  62.84662341406785
-49.22092197972779  899.9683133620958  60.20170925805818
-49.86459327780986  897.2210580274186  56.81845002843243
-49.811265763896245  894.7415869156671  53.09760393114504
-49.57478712455326  892.5000417411463  49.40328864927706
-49.31650514324845  890.473403968484  45.99863453512257
-49.11848228615445  888.6816405018516  42.88146442525441
-48.642438324457785  887.1181145193209  39.98700494615393
-48.059491580288764  885.7785540808088  37.12716643586913
-47.515852807337836  884.6368974764514  34.625968123959645
-46.90600951768591  883.6626650683645  32.15435293329496
-46.30829593949059  882.8563277058496  30.00212210806651
-45.71689914615761  882.2135111063494  27.88576806841802
-45.23062187387009  881.7197619297281  26.063937958701032
-44.80431678556775  881.3792816608428  24.322671274055022
-44.42768453284649  881.1291146838919  22.846341667816944
-44.10544515974156  880.9878833858328  21.560608072132194
-43.85549193727294  880.8986565958307  20.491076817640405
-43.679290411162356  880.8883985320158  19.5491070362932
-43.550102103323894  880.8951456073017  18.71951385849222
-43.47902739304341  880.9061929756091  18.04547743154687
-43.415322750568016  880.8933252620737  17.510931152013114
-43.40914082442132  880.8536979966038  17.087728411998224
-43.399138060314876  880.7898412967005  16.857536236292955
-43.43101189145894  880.7194853922861  16.694383761292926
-43.447632739975816  880.6618422404092  16.74986362414301
