-53.70175433126352  899.4977075820524  37.84899912545977
-53.47988772610332  899.4457413034871  37.45659876552506
-53.19250572875695  899.3953166029386  36.803866141787644
-52.84637553746501  899.3493173381504  36.17706081392775
-52.42790068143263  899.3027615445801  35.2971061236939
-51.934931500627684  899.2578717964011  34.408746871299265
-51.279794271798195  899.2121635731947  33.1926987145292
-50.49007959001005  899.1799507319082  31.85991495815472
-49.54079644766669  899.1687074980293  30.180019435200602
-48.4394730614419  899.2340850180143  28.34159313785971
-47.16109273394307  899.4383360771935  26.053771389630437
-45.75993101310748  899.8369466122924  23.578001279421834
-44.279754605771146  900.4482307421796  20.733937325033416
-42.61083235774129  901.2818469934635  17.69174601839325
-40.78238459650061  902.3951919303929  14.22780480379233
-38.87368503838295  903.8123252944404  10.585532912033905
-36.97823595143793  905.5646039465962  6.675419079834339
-35.092526443729234  907.6487711133841  2.6551836423859063
-33.148221423474006  910.0769661597847  -1.6021303179450337
-31.238281931690594  912.8426298055748  -5.957437484987319
-29.374922598589343  915.9398545399725  -10.352333146084774
-27.66832166861514  919.380946945664  -14.74582127834961
-26.04799013326229  923.1732598205475  -19.015598448122603
-24.630697094453918  927.379137158943  -23.167365834436165
-23.35457336582641  932.0067122838378  -27.21821864899756
-22.272377920093383  937.0791188436207  -31.04344079449884
-21.31741452278139  942.5459531315767  -34.87936462555059
-20.514301817052175  948.3980114048157  -38.390196168950716
-19.975721027525907  954.5892916028492  -41.78456275905423
-19.61198383165991  961.0854546583375  -44.64965174963149
-19.459301264889096  967.84905870515  -47.09519757471074
-19.41726780798856  974.8439074378413  -49.067945047237224
-19.579438093639453  982.0172779761243  -50.72559134994806
-20.023849753212865  989.3005362975377  -51.81544656007273
-20.705125968923735  996.6206293843738  -52.36701853520003
-21.704140111081713  1003.9223512251284  -52.2340985083961
-22.877091091855792  1011.1381127901258  -51.86047025010677
-24.340768002339196  1018.2091759591613  -50.84877877546547
-25.974805365926663  1025.0638507070407  -49.41767532865514
-27.97405756751589  1031.6693525082287  -47.074143299727936
-30.334003767339908  1038.0192178987104  -44.25552614529392
-33.02116284937218  1044.1114012329085  -40.64072647490615
-35.92141494406173  1049.9234372882563  -36.75606262800608
-38.91274931177704  1055.386544954393  -32.22933374707365
-42.09436418000834  1060.462269235312  -27.41266581187597
-45.3503973815699  1065.1080713261977  -21.840738625894474
-48.770525333348644  1069.3468030046333  -16.269112423469544
-52.237044768845706  1073.106815726099  -10.183596529539965
-56.0403634969437  1076.2798692808294  -3.9778176422317024
-59.89305489508955  1078.877984821634  3.0259343708735438
-63.93564673447469  1080.8411867699242  10.150703393717233
-67.6319497785878  1082.20589495039  17.475413896168696
-71.44789120924268  1082.8409189436095  24.764332561123474
-75.2612413892923  1082.7717443457984  32.276644447456405
-79.20829100083589  1082.0425537289195  39.85135920866742
-79.04535388905418  1080.6843248423302  44.00132137589165
-76.15400465837659  1079.388679601381  45.840945717413454
-71.38841464335019  1077.665740182755  45.93597324194405
-68.85668113511365  1075.5672678376482  47.88028053798412
-67.25173444709131  1072.4797582741292  50.26432445555008
-65.65351475287324  1068.9145838422805  52.763310689535416
-64.26712067335062  1064.9152037172742  55.17785433030339
-63.012880081472375  1060.4703942317608  57.67543490691463
-62.43356776123764  1055.5776384878866  60.373459740035955
-62.087655339503144  1050.2545098191663  62.92214989029244
-61.824487138554616  1044.509403762296  65.30708825713523
-61.46337921801479  1038.4271812522982  67.2191233280852
-61.02219642672282  1031.979078444176  68.98205214030793
-60.76297504019162  1025.3107289707277  70.6183973569821
-60.325242672717124  1018.4031140310831  71.93655430910037
-59.78657432374387  1011.3722520575725  72.95016842395135
-59.01944958908003  1004.2343493444821  73.56807081980338
-58.23312000655694  997.1034578560051  73.89370700626814
-57.210749579036204  990.0177540324838  73.66589911451315
-59.43826539639177  983.0115996652034  75.92056989670455
-60.2935307368511  976.1731534944685  76.69978412640506
-59.84207603848951  969.4965149240804  76.10046046421178
-59.25252465716569  963.0848018715302  75.03814398226284
-61.96429876974178  956.3374979984708  76.52963776051217
-64.09474774670498  950.086126619219  77.24014587251206
-60.32034322799413  944.2770862384709  72.707626619488
-54.20536575813701  939.2336865814715  65.96481299362335
-50.03229639496794  934.2031836636455  60.6365066535498
-47.79954986219323  929.2068813876598  56.834494112460675
-48.18503924874967  924.6009230613084  55.125432593954244
-49.849961061505255  920.1599438665696  54.41779152788451
-49.958690103194144  916.160037320082  52.23512675705908
-49.595342115076285  912.6275011624082  49.55465241030104
-49.12757218946483  909.7574377247537  46.7838419713012
-51.87030697256128  907.3363294543904  46.69677624310938
-53.219061559131475  905.2368702535257  45.61002732894127
-53.82211351195975  903.5959579268952  43.694720743917124
-53.96038800836795  902.3749820652466  41.39225258719625
-53.98369740518566  901.5595359281015  38.89515710930816
-53.954846682150766  901.0415219535199  36.54552850155902
-53.67597539584945  900.7515410159111  34.21069903386523
-53.330224000439195  900.6727973612092  31.80881549698072
-52.93471768649913  900.7066822904984  29.64973971611367
-52.63409889626552  900.817609818655  27.697284044728352
-52.367140645150506  900.9379190549741  26.031564661655874
-52.15191160927548  901.068302442656  24.56182630666798
-51.96850638595373  901.1739388709991  23.267099840768324
-51.83181737164305  901.2758253097229  22.230199039991778
-51.734975613536044  901.3638069371258  21.368788205476537
-51.70118382819486  901.4520897019346  20.673604413070063
-51.6804711010754  901.5292147828048  20.167805850746838
-51.72200753755038  901.5896432003235  19.772867543756693
