-29.368744158269784  875.6697857775381  16.7395790275609
-28.44539256995685  876.8946330176249  14.412308146684774
-27.563537236400247  878.474317865827  11.937006500780694
-26.510493309186586  880.472362412628  9.190641432023487
-25.50934370301841  882.8905812927571  6.298409743222338
-24.438686622103987  885.7565787957968  3.2335253312840244
-23.520898055083258  889.0679854230791  -0.04283273075058469
-22.546480240724062  892.868204473761  -3.4653592154300057
-21.65718136626454  897.1732640497527  -7.052190304956342
-20.745319498399283  901.9756205043933  -10.669874147078822
-20.00071172282189  907.2227341558478  -14.284828258366465
-19.40502054791163  912.8752198258542  -17.861037457072776
-18.93075073451518  918.903176626201  -21.21245867286305
-18.568411796239065  925.2689218952562  -24.493971605042184
-18.37821878748588  931.9306466259438  -27.475587517552913
-18.409340823621704  938.8363661411379  -30.379386938862176
-18.673743336221683  945.9189913892991  -32.80129814892413
-19.122491559760437  953.0973940847297  -34.82057642290555
-19.772613162916095  960.2856225170458  -36.33784126666087
-20.631505708750726  967.4231800947696  -37.563243224363205
-21.59956569890883  974.4621692783728  -38.272088250214495
-22.785272433319722  981.3900071705272  -38.686139914133534
-24.189565570456978  988.1804716431807  -38.47977838478471
-25.912679321794045  994.8034438379871  -37.9789973800196
-27.916119841653785  1001.1909715031047  -36.701099019189435
-30.129501733266668  1007.2866704291464  -34.983245118542726
-32.5854267375614  1013.0635205729931  -32.65556647708375
-35.162443525591605  1018.5134597483014  -30.020223547452527
-37.99054364498344  1023.6423582614416  -26.831694530286004
-40.95837106038211  1028.4430850643735  -23.4288037115693
-44.17769433772315  1032.8876742595319  -19.477294973116784
-47.34607366328021  1036.94436223833  -15.279753779938547
-50.78288490399506  1040.5503424464973  -10.439041780295396
-54.153848076295496  1043.6315840337716  -5.308124759400754
-57.79608438020951  1046.228074755313  0.2182734994599027
-61.40990417018793  1048.2920359666805  5.7805281508385535
-65.18774002424603  1049.809049930074  11.60553866633297
-68.75444106936675  1050.6960608915422  17.49501322211691
-72.2819909650382  1050.9574131971726  23.743235972418447
-75.68709370113105  1050.651729342598  29.948276938895845
-75.32348680374625  1049.7798986660084  32.981793306325336
-72.40181672669104  1048.8942065034244  33.86128366951119
-67.63584936137167  1047.6629385750932  33.222438216783466
-65.07829892130977  1046.134748285537  34.535377864554285
-63.292449677562466  1043.8465401715825  36.360086257321264
-61.56934418047577  1041.2128665252055  38.176337500249446
-59.97730676662946  1038.2810125076055  40.18969431355245
-58.78233504115302  1035.078263258128  42.44142514405761
-57.99344119839131  1031.6113538435072  44.99836675996688
-57.35332923302649  1027.8880545382538  47.277758496893455
-56.6827591774595  1023.8846813340875  49.41819040183998
-56.193008552082475  1019.5780344351978  51.46900313953879
-55.82923433776409  1014.9169896761468  53.42303568028709
-55.55580646859048  1010.0201129783991  55.25376187231578
-55.25200237736538  1004.9228803702606  56.818214011359395
-54.747811832907736  999.7010948492615  58.24568526316763
-54.24391257108877  994.2767077886582  59.46079218333359
-53.53687132346455  988.6694432078408  60.495805063807936
-52.87880863417711  982.9120811493025  61.04763848674804
-52.044378654875445  977.0527721706654  61.388175376052075
-50.9354726895642  971.1814761457161  61.29264604663866
-49.85910948414626  965.3127363077729  61.20485101957253
-48.559611098278445  959.5596298726622  60.6439357491024
-47.171154070130186  953.9422707057649  59.65474920976422
-45.37676412462432  948.5146706503227  58.09286992514123
-43.50857818334293  943.2870904602798  56.21672661877737
-41.48887449506527  938.3059634996002  54.072444565294724
-42.64520362143014  933.6575993985787  54.422644633510004
-42.400235499324104  929.4092837143182  53.35486624406094
-40.81678592797334  925.5195115903874  50.86466062334803
-39.17003790339197  922.0112629578955  48.18920846062388
-40.7945251183981  918.7226976450975  48.309597940854694
-45.40695541506471  915.8754962882847  50.9514106127997
-47.73479806114403  913.405974961998  51.6100993602109
-49.12344084230902  911.3971551179579  51.49699824972964
-50.20151293706974  909.6736136839041  51.13058295302736
-51.37568801940446  908.2154397121553  50.79783801457779
-52.323775858592754  907.0463424705375  50.172701023793174
-52.804593589815  906.088469493319  49.270114825167354
-53.06214128089888  905.3349575597343  48.23876088328691
-53.2380400857226  904.7016028649563  47.31830758748157
-53.36750597930421  904.2055802625879  46.27694904178835
-53.40294734929168  903.7967078313919  45.375311170189676
-53.409581160629045  903.4933160014987  44.44944418848924
-53.3898556694808  903.2349518150212  43.66193360890447
-53.38132396805354  903.0113623469318  42.89815388710666
-53.34679839084491  902.8024660321788  42.1866730495598
-53.3064390047875  902.6239330033778  41.58044398803122
-53.32282483672447  902.466223649876  41.04244340276142
-53.3650200462364  902.3274583559232  40.62187161704544
-53.43954571833085  902.207861048536  40.24227627431306
-53.44679762461551  902.1130471362366  39.905813072713876
-53.435535372586834  902.0354635242438  39.587213388108125
-53.40417391856175  901.9780729643521  39.326199281867744
-53.43967380379141  901.9307503786615  39.121440391756025
