-47.90303487689907  853.4904894272973  37.884095467662355
-47.49200550436528  852.9307334376347  38.23297700107474
-46.98204919391348  852.3736846134647  38.3090567926523
-46.24987189134194  851.8168123632336  38.121595410707044
-45.3549633762837  851.3092579918573  37.48669797471835
-44.27450673035043  850.880326604186  36.65810508085185
-42.98432146203186  850.548748751297  35.316337407500534
-41.52588620674018  850.3700069155049  33.762427583303754
-39.78896783334351  850.4399903282598  31.619296932135192
-37.90319270109371  850.8853175738881  29.205100497313712
-35.897553616694964  851.834851271642  26.18821268763813
-33.80857222748803  853.346671855074  22.817765525986413
-31.72556269817005  855.4910884930462  19.013731215797147
-29.656441509598785  858.2507036902389  15.019580457358824
-27.743465719130697  861.7094728604861  10.76755276051178
-25.988849346385315  865.9342585213109  6.541029868411538
-24.473829187596614  870.9915231775195  2.185053603508212
-23.205736807610183  876.8616533428252  -2.0058361368015616
-22.1897599462902  883.4507639490475  -6.238911180876401
-21.511924875876623  890.6402514813985  -10.074833760655803
-21.193917395469867  898.2999650590126  -13.39956207580175
-21.35611977660544  906.3535021262254  -16.102163631328413
-21.766735100231543  914.7386507448136  -18.326168660682992
-22.64161788680921  923.3352479200622  -19.939231351168168
-24.000760004374087  932.019449666439  -20.67889405995464
-25.882900645436266  940.601076939569  -20.251194597366997
-28.09461167668207  948.9441134246387  -19.08525866256265
-30.59916066419165  956.8662198369403  -16.996300353966934
-33.519706609686665  964.2702422234561  -14.186885728127422
-36.83483857504635  971.0281502613803  -10.27219765024733
-40.38728589638038  976.9468315857481  -5.817689911533918
-44.290083552748385  981.9035602915205  -0.44578966330478176
-48.35603303725668  985.9810411498806  5.402676086602452
-52.7833662088898  988.9570625639982  12.168906891673625
-53.3415557837902  990.770818231566  15.909963781648756
-51.576991434883176  991.472636727839  17.998282179385768
-47.783838002196035  991.2021611206004  18.49735130012573
-49.66961712087698  990.0347574742354  20.62911585805454
-50.823695725079524  987.29226951478  23.436947485736052
-51.32775364897824  983.9899503836276  26.252842200618854
-47.59966106962675  979.7870544026352  29.26921787799012
-45.42010543021969  975.2250316119848  32.25618709031566
-44.141111374347645  969.6301629234079  34.938173564089404
-42.94194240603148  963.4837111045545  37.299188527343766
-41.38102336615048  957.021587553276  39.053922970044724
-39.264151705797005  950.3181809494823  40.59614056622296
-37.60139328531829  943.5635405178382  41.72596990225207
-35.70113964220562  936.8237978810698  42.39075894124412
-33.85088155068786  930.2851872507775  42.361402863388456
-34.7856911312699  924.0192355190554  44.317018342894045
-37.67171782065983  917.9062602647779  47.43897823325021
-41.80475538189268  912.1904014291899  51.246249988503614
-40.66425842365199  906.9561940431089  53.25904518678505
-39.77746497367653  902.4759523133637  53.95062999872768
-39.131984377721984  898.5710560711871  54.105109093770075
-41.59383557786443  895.2391339527035  53.354303187629576
-42.485269132182985  892.4223894136942  52.046420056927
-42.4054094529224  890.1335022867572  50.268089440479926
-42.110197195057765  888.3549105047132  48.071830472191785
-41.8595085919687  887.0601827786319  45.898620656374796
-41.47186624374954  886.1721661170626  43.32579197670038
-40.842258451985174  885.5876501376074  40.85829045033423
-40.04542924196044  885.2557614780966  38.204113249510144
-39.3696559655902  885.075858877014  35.844121725638914
-38.75252181190676  885.0092336735515  33.55870575731981
-38.17584871439902  884.9908750354166  31.521024144937936
-37.642159773230205  884.9727199002109  29.693781353467628
-37.16151606338583  884.9289179955362  28.122907091359306
-36.744553166063994  884.8637588102162  26.79041038409045
-36.38617769112322  884.7835625518665  25.61289902889689
-36.07359505102528  884.6863567866557  24.622530000344025
-35.80454559310357  884.5531245055606  23.77713251351979
-35.581956070587744  884.3942663312293  23.06852315852631
-35.38034794648797  884.205826123191  22.472899479422185
-35.21839548154097  884.004517037313  21.98263577258865
-35.054971799093195  883.7863013479937  21.58628705305012
-34.92363068947668  883.5671619181609  21.258949059638386
-34.788073787460824  883.3450753447358  20.978333502903208
-34.67617342003871  883.1501527214241  20.738423983450318
