-48.06584994740214  845.679430807992  44.513742412278944
-47.454780997769745  845.5565183034288  43.20298774475833
-46.875031507067504  845.4839568017288  42.004547684262896
-46.07893415341449  845.4669613295306  40.285079280910765
-45.14106719786844  845.5082692210669  38.53747701677553
-43.999016600440285  845.6395808079685  36.29490976737331
-42.70909380707006  845.8751020579655  33.9275024367601
-41.2486254082326  846.2951375272826  31.025008648260325
-39.695513770878236  846.9277101179767  28.121704393760005
-37.9009335980612  847.8848512165325  24.501421682866162
-35.8768937730853  849.2208327159658  20.59675076612749
-33.58907366966592  851.0466854544654  15.769460390971766
-31.068775152490407  853.3637058790279  10.890322360248218
-28.441641120522632  856.2257669229961  5.2899579492467055
-25.542506764228182  859.6366827736234  -0.6501488563174598
-22.467961434999054  863.6973217182598  -7.272917548715409
-19.21308051898827  868.4834578435466  -14.010841713070771
-15.913757825153564  874.0335231421817  -21.256790226076088
-12.662333446736463  880.338015300076  -28.78381029936663
-9.371052236263193  887.3102450972109  -36.6706149554433
-6.195682495267568  894.9389766376595  -44.374891592834025
-3.170030190301131  903.1698522525844  -52.12096384834885
-0.4333981492152401  912.045232803714  -59.28644736525861
2.0709983102770506  921.4930402614056  -66.40118675765643
4.22884671740374  931.4699858815718  -72.86546306494265
6.063666586612107  941.9393722296169  -72.66328114113006
7.514093596847066  952.8924666786116  -74.07231274091708
8.52439113274059  964.210074731865  -69.0219323743631
9.054718292985068  975.8825424728839  -72.70054894893866
9.064694803323572  987.8438677493186  -74.18007782206769
8.53150432656355  1000.194552982787  -82.00550864483333
7.489665681557481  1012.7522755769332  -86.29750969685874
5.801854217146283  1025.5225641892234  -88.84699531088269
3.749088715196995  1038.3717753713934  -89.93905567794764
1.0320247554734843  1051.281691983707  -89.86549301907374
-2.0937742880077765  1064.0894575130055  -89.1855276686995
-5.885027239829192  1076.7134080792828  -86.4314906716828
-9.999614855002527  1089.0687871420764  -82.8188880435358
-14.483351864021127  1101.1390400111832  -77.69507676011743
-19.24638993642339  1112.8272355911568  -72.00217252038865
-24.432291022910505  1124.046466042088  -65.19492045805302
-29.927712114773342  1134.6418796082235  -57.81132455672222
-35.62224209914136  1144.524088549341  -49.54998756110214
-41.53175900465872  1153.575763725249  -40.669903625797936
-47.66344377223841  1161.7297041895072  -31.079185734007993
-53.882151251715285  1168.7823190143013  -21.15672486696041
-60.1529249053159  1174.6830662608277  -10.718182043073833
-66.54153212913371  1179.5396895924032  -0.31390085386778654
-73.06052050788276  1183.2241709727862  10.3441893595365
-79.64467282078576  1185.6105312537281  21.079973982703308
-86.03201645185418  1186.497897136756  32.09182357229223
-92.21897335187154  1186.0483944020627  42.980492752198806
-98.17277690769099  1184.417260419717  53.66494797660788
-99.71299700501065  1181.7044817731314  60.51580370541733
-102.72159694215165  1179.0632456231742  68.50468874865246
-101.95185664482239  1174.291322419355  73.25382159439609
-102.97507726269339  1169.4213880796801  79.68138347215907
-100.49177779842114  1162.4617747893824  83.1782171246541
-99.4297269722624  1155.8112890855905  87.9001647681599
-99.00066768691887  1147.6768399996479  92.8708950260027
-98.40165426438978  1138.832176796707  97.64702274817148
-98.0053261074607  1129.321208593876  102.34402164239341
-97.5147077755566  1118.9619486581505  107.16821766367269
-97.20428799144854  1108.2024453917466  111.87606773105001
-96.81567041572181  1097.034689930016  115.97225185141127
-96.25995638182216  1085.627258671312  119.27315207958735
-95.56952845900122  1073.8522189056375  121.95737074601433
-94.88388569044379  1061.8456576946078  124.51119438396695
-94.1267340548047  1049.730810074165  126.37231459900374
-92.71348037522421  1037.7315631594672  127.46868670749794
-90.85998712016202  1025.7726823131488  127.62011981450877
-88.32508283745449  1013.9786965183782  126.89950578137397
-85.80355100976115  1002.4352074699709  125.34760516079392
-83.07990217467582  991.2450411918913  122.9855252578973
-79.99299881465971  980.3265938316072  119.73168534025899
-76.75879824458914  969.6085526656246  115.76936341935414
-72.82799201014254  959.2712427096841  110.87344199495979
-69.05618503172855  949.4426872335973  105.49886752165801
-64.69632315947447  940.2311184540506  99.35340019176601
-60.5957771575743  931.6353968618205  92.7850283084996
-56.230861950438616  923.7074809905972  85.7478824295297
-51.838418788669806  916.5322507812187  78.15074355580164
-47.113857885985716  910.0245517901604  70.24748712590687
-42.521902492767865  904.152561109731  62.15267270143797
-41.277621221929536  898.876340191691  56.967707515146984
-42.27397194872394  894.2737718579248  53.6989307284779
-44.77476705788461  890.3274200913406  51.94775760959642
-45.66489314622396  886.9640390676059  49.13056311632077
-46.0772744560975  884.0890407585366  46.1186555526225
-46.6433377171387  881.6132900896373  43.32586956527057
-47.11511028685234  879.5116435143806  40.669909946536016
-47.52361189552464  877.7450316901876  38.26558909879328
-47.67287812522963  876.2576043900434  36.13085815994289
-47.74391849760535  875.0160713053481  34.18747966539566
-47.772343065293825  873.9490326236995  32.386524179492305
-47.73361460881323  873.0276941904573  30.80424938127002
-47.704674149058334  872.213345524967  29.442030185611767
-47.64499805575005  871.4889172543145  28.30010394646408
-47.5711515470651  870.8218751123484  27.286463544779227
-47.51875230324757  870.1971393382233  26.409425279702177
-47.45760058299178  869.5824726775388  25.64608060472841
-47.40865320476411  869.0028524884239  25.023361351410706
-47.37221221172732  868.4209271088561  24.487839919010575
-47.33731216872449  867.8717495906736  24.04087510307889
-47.31791709018191  867.3222589004645  23.636296704116347
-47.2880121104237  866.8136663457447  23.321237397793116
-47.27767301229019  866.3203255542703  23.040249903176203
-47.2382371561997  865.8701546875012  22.830330550271892
