-49.82900579783323  860.4252297125058  38.0774337224133
-48.760381920872675  859.6086611851687  37.47365227825657
-47.485569762009256  858.827345751544  36.37576975435788
-45.96092774588618  858.0404559421245  35.19314330038388
-44.227416549425534  857.3810207092838  33.51070755551544
-42.26382609700336  856.8394954125783  31.644026951365888
-39.97536613439962  856.5896548750874  28.995127354984962
-37.47466553609049  856.6428415863272  26.052220002076
-34.64803713285065  857.1793185656751  22.288903595540773
-31.75253330622121  858.201897643619  18.336257344935383
-28.68962302582067  859.7983410104109  13.573686431112874
-25.650174929422835  861.95573046014  8.700190678581249
-22.398072391300737  864.7337249082715  2.9789421315307854
-19.121177739452015  868.1528140735146  -2.9491276022873674
-15.741753990277186  872.2556597619945  -9.636209002015885
-12.52392408828418  877.0459962767915  -16.327376420384795
-9.28030547984212  882.505865685089  -23.658903776822
-6.152836336144528  888.6705625882076  -31.064533958747408
-3.0410754542500023  895.5458122981996  -38.92201209503218
-0.1760841685997523  903.1854233262852  -46.62041028162528
2.521483684109927  911.5511112718216  -54.363756316576456
4.90359565565919  920.6106206462002  -62.510239428600414
6.988436922596855  930.3964387663392  -70.20175651007271
8.711814017439528  940.9047907886057  -70.57617339148838
10.13322532640072  952.1616893499065  -72.09365183479541
11.096081763275777  963.9756313528592  -75.93649452894168
11.720859460671509  976.3242213629887  -85.95033149298733
11.772953811298049  989.1163714525874  -92.6592909697857
11.3146570598857  1002.3042005383685  -95.70713402724982
10.23605577769147  1015.744951757089  -98.16878785672
8.594380919102813  1029.2650220579867  -100.15395360946057
6.329160526081193  1042.7816208961276  -100.78279724452544
3.343423196757402  1056.12812083777  -99.7786780884677
-0.24147221506017802  1069.2283895109176  -96.88806747830294
-4.361047099428412  1081.9054256324864  -92.84323253468459
-9.132723084068399  1094.033722366911  -87.60368274443017
-14.3963333344648  1105.4462599055266  -81.31687538630136
-20.149528067033046  1116.0579272817015  -73.82861240402335
-26.154682350006855  1125.823865587193  -65.4518734434678
-32.69754724187519  1134.7119000967273  -56.09635831411341
-39.57954413468104  1142.6598344047575  -46.16081878654201
-46.63998239100762  1149.4823484094882  -35.355866541805995
-53.72492077307547  1155.1272157224835  -23.86663768624407
-60.77180536133077  1159.7219892775813  -12.103860096521661
-67.99869361274625  1163.1378922388797  0.43560282184660615
-75.16984328410514  1165.3329850066489  12.924014838841607
-82.26833192778315  1166.0985413318851  25.558074917014558
-89.0298281198801  1165.5318279471846  38.054029849367126
-95.60622278823067  1163.5484544752726  50.565146541318526
-97.72727321659316  1160.185025124984  59.475052808548554
-97.08619735457403  1156.761454235747  65.79508115063629
-94.06036458213264  1152.4442003893842  69.98867236148563
-93.28038221080132  1147.3205327715716  75.59121285454451
-92.93702790966648  1140.0697458746197  81.77412363644167
-92.62277739359594  1131.6856822995383  87.59566660145708
-92.11544027509629  1122.1854144463575  93.84170832557064
-91.73614651516158  1111.8896594726841  99.16267547243743
-91.3491267567902  1100.8225793580964  104.0831033613064
-90.9737483875388  1089.048860181412  107.99591967465163
-90.55688807227286  1076.417574469761  111.5758279294279
-90.10485521960747  1063.2241047410387  114.80643934542425
-89.33123249392138  1049.621436027874  117.59102947290594
-87.60092436626636  1035.8716380972728  119.1059149729645
-85.50908781745088  1021.8104129396697  119.91307642442177
-83.30780574618987  1007.5188095344519  120.11220726814304
-81.08827483042948  993.2328776675383  119.86984968548244
-78.67840303178224  979.2331317833508  118.9042784779897
-75.69222947401485  965.6623050027854  116.9744871036252
-72.57994986248343  952.5835146159745  114.49084936995777
-68.79302724311249  940.2384773255126  111.03845061314978
-64.8869650552278  928.816213299395  106.8933077812756
-60.5473719583276  918.4984190033771  101.78557429324975
-56.252788074145776  909.2905299058805  96.14851489515726
-51.492300024162134  901.2069255187673  89.60709661909875
-46.966751169371975  894.1362193816165  82.6934794002414
-42.304846285154404  887.9838621386295  75.45056037362785
-37.98634206389523  882.6833651185339  68.33546482267188
-36.83472076459119  878.1282646329283  64.08002826384964
-38.005203507146874  874.2654152238096  61.76406962243619
-40.83580752064496  871.0519595619397  60.936113654103366
-42.03971672861658  868.4629920844802  58.86485832646111
-42.68545130358061  866.3861045777114  56.58103250806528
-43.4380987808069  864.6865857601086  54.41760256248945
-44.160694693966676  863.2315371510063  52.640140959194426
-44.714114041537904  861.9971905169057  50.6378790012892
-44.8699818312589  860.9324368862765  48.80469791968743
-44.880790081393876  860.0487662365009  46.67349774384072
-44.76883892862053  859.3022133188497  44.87460564831265
-44.64724319709723  858.6958130136925  43.004578284040555
-44.37957975998856  858.2051799965283  41.32574594964631
-44.11283697479489  857.8447886814811  39.70356613069095
-43.746435117736894  857.5388539058816  38.218116782066396
-43.48593312227976  857.2645523645541  36.917566036844605
-43.24120752148716  856.9951309952672  35.7456013979111
-43.0105619370359  856.7410207429641  34.742690162144925
-42.771213209166824  856.4692070862685  33.839771188707246
-42.52900911346332  856.1685781368669  33.054674570959286
-42.27659923792912  855.8104436657401  32.369534669570896
-42.072267314885295  855.4385600783884  31.854880998661685
-41.90553575781006  855.0209874637784  31.444484448755503
-41.77280290728183  854.6026670538803  31.130245484581827
-41.6177318070462  854.1586895498318  30.84087377156615
