-56.46348074972441  852.8418140271506  45.65238476031945
-55.969680646092456  852.6734739341622  44.44044478574928
-55.44218650955684  852.6357351879651  42.94648010359521
-54.717620292208935  852.773595966444  41.29983148203823
-53.76340223191539  853.1454538219951  39.12020823346925
-52.62457605368726  853.7544866172145  36.703351920646426
-51.263176591682615  854.7005819409727  33.4851184406873
-49.616244459881386  856.0438591918239  29.75055491005455
-47.70232082867195  857.8838284423064  25.14592926086197
-45.49250414572983  860.209953751789  20.24141523321494
-43.238329509956635  863.0410562430133  14.62779909568315
-40.729595316990306  866.3872149462383  8.574609742562739
-38.17572040765376  870.3195340718963  1.7487386552971689
-35.54600302612531  874.8597084319053  -5.213652751547502
-32.98356780080698  880.0257234306052  -12.435478253098687
-30.455724507691624  885.8051571404574  -19.842182938887895
-27.867453632408502  892.168412252638  -27.756706818209274
-25.459615421835775  899.1547794159378  -35.79248738830577
-23.095009086108526  906.746932583943  -43.968219143756144
-21.058814681106423  914.9778506029477  -51.81666506778223
-19.098043478643856  923.7345577494905  -59.79865979461767
-17.424237850012886  933.0187053256196  -67.5932759015839
-15.799063939713433  942.8469057097424  -74.98921716200572
-14.45276076069814  953.265727746468  -81.7752708837182
-13.31987129502184  964.2794683917834  -87.99616860121347
-12.600863946761269  975.829995615388  -93.48573341789236
-12.134950124025945  987.9377503486252  -98.2825298083017
-12.187798545777579  1000.5178684765009  -102.30778029664144
-12.566147771535597  1013.4751763223458  -106.0117588134709
-13.346313585390279  1026.7449073943303  -108.97658449218999
-14.310107246686332  1040.271649769649  -111.18050772856205
-15.758585659176966  1053.9907065389314  -111.83850951739576
-17.741432976070847  1067.6644510627198  -112.13624635603253
-20.276377279857503  1081.212911385997  -111.23620461345641
-23.17620684339774  1094.5536782689535  -109.69065121345459
-26.459728750648672  1107.6538496282813  -106.34096992861265
-30.198096938643964  1120.3264746106104  -101.844295703619
-34.68587509857734  1132.4087706195703  -96.6669914768969
-39.65124661389065  1143.7645855641765  -90.57831811700494
-44.964468405644794  1154.3424698364488  -83.2232816799485
-50.485996350925674  1164.023806282386  -74.51227748826025
-56.33288192596031  1172.732088364149  -64.7558114457162
-62.40077367437485  1180.2767088333412  -54.520187638478355
-68.64148162134954  1186.6581542350627  -43.46971853367604
-75.0601963722819  1192.0021003189236  -31.883993573259914
-81.64057624311152  1196.1898353792328  -19.629323709923842
-88.20923122963477  1199.0607608913388  -7.096105987631791
-90.32343626759406  1200.3605199572373  2.0839072571287582
-94.14037665424647  1200.9937338477246  12.862725337829652
-99.8282685333586  1199.569593799307  25.48613407176786
-105.22420305349318  1196.863630484355  37.96062346489633
-105.88160434229087  1193.3460423724953  46.54802333049885
-102.4495929188729  1189.57127755764  51.723598214015176
-101.80240025028276  1184.7274097576903  59.35335045862598
-102.36091438728728  1177.688119246436  67.48795241122552
-102.80200818152836  1169.503859927327  75.84381848490773
-103.29404669753276  1160.5942136076985  83.82138286240917
-103.444447804438  1150.874310012099  92.27763155389795
-103.88368404013366  1140.5336390689065  99.69121572138329
-104.15320951386501  1129.2247927328083  106.96199137922795
-104.45162140468722  1117.114039418605  113.20544125022826
-104.75262618258208  1104.4530868550146  119.39330284589334
-104.96074111821325  1091.5006835109293  124.73755034382887
-105.20405028243516  1078.383977698283  129.03678769257021
-104.50342356272286  1064.931170026955  132.29072168896857
-103.60561856883007  1051.1252871887234  134.74521547768617
-101.95879283934794  1037.2464206599882  136.4595397561184
-100.47869929644365  1023.3935811356098  137.3077231198965
-98.07656606872246  1009.9770533386948  136.624873466905
-95.32077304200838  996.9495402937462  134.94291168869682
-92.33104597691907  984.3387303270952  132.54976293866287
-89.33346352793019  972.1694232193918  129.53577262128493
-85.94641773900297  960.6052747893171  125.46711547943076
-82.0686774193229  949.7155127460306  120.35467164937253
-77.76208646314794  939.4846376719477  114.36624304718097
-73.31185939079039  929.8429773442227  108.01030571699152
-68.6893274425243  920.9615107213638  101.1162709392826
-63.97121768184856  912.9144879091102  94.1859819790323
-59.53290892470426  905.8304632990844  87.0733099164825
-55.04044973787693  899.723819618216  79.89863519987124
-50.81888289721806  894.5363254864995  72.63249084395753
-46.596388710521516  890.1280040042841  65.57967148482827
-42.684115619021156  886.4084069146493  58.747147553021485
-42.05456404866774  883.2903799153418  54.91805824977013
-43.50090228291318  880.6730419923739  53.05860510393108
-46.51838658541771  878.4870535391436  52.77855724818856
-47.75072622613016  876.674584545724  51.20255506434245
-48.41115119292499  875.1857483634041  49.42806994928171
-49.14695353028797  873.8678247944983  47.875117842564244
-49.812194848303  872.6871441543929  46.5754110260385
-50.314723797882976  871.6549369246453  45.26177001630194
-50.49479094944114  870.795902347833  44.000868737316104
-50.61757966485501  870.0849970730968  42.75912844643781
-50.72468747384627  869.5053631618083  41.708503758582324
-50.80617059179105  869.0470454577221  40.75771431058458
-50.83161212222706  868.6948856206382  39.93759622115285
-50.86843281902007  868.4695854576373  39.153340684259206
-50.85884419334244  868.3235508463629  38.4078998651271
