-46.965802879890205  843.8570062066071  36.98779742863567
-46.54443844552346  843.7864474770581  36.61455733321248
-45.90569359762514  843.7645996369631  35.75701272484494
-45.06364191769676  843.802803569941  34.71517483195052
-44.089058415303015  843.9551811800083  33.14175551732295
-42.87235553200482  844.2795660088223  31.41971847949582
-41.487345863519145  844.8461122340991  29.06068423585334
-39.98100879076861  845.6639278287292  26.378319473683444
-38.23088393991155  846.8375238527  22.840874554788254
-36.31144769268839  848.4018263880449  19.054205620142977
-34.13746885236156  850.4615557890495  14.69721638299548
-31.94158264240616  853.0063932615778  10.061014758432938
-29.645506114767034  856.0459846400126  4.765836098755386
-27.283675155266838  859.546287991423  -0.9805378231106201
-24.79976768218625  863.5482560087635  -7.228630370347981
-22.24869496837348  868.0805234613533  -13.83644211915935
-19.61929087037497  873.1659331703912  -15.037496181928702
-17.115992723871074  878.3155019089929  -18.74586092447391
-14.820639700009076  884.3919940676155  -25.170672302377568
-12.647139373101856  890.9819685771396  -37.17383586228594
-10.651401668216307  898.5709176481865  -46.96759442377818
-8.78805614319666  906.3578031715408  -53.88418546185554
-7.151839809799371  914.7640781716844  -55.176176871846394
-5.68422297429041  923.8875564545209  -58.93234486526795
-4.430055758575575  933.533516752884  -65.46777768562924
-3.4501735192597915  943.7918040248521  -76.99080341354717
-2.786710075640226  954.5675685719352  -84.94170103726829
-2.614732604695672  965.9431404969846  -89.44755548419488
-2.8542008915577095  977.877298287647  -94.15648093573844
-3.4888249937161215  990.3090285167879  -98.87449669454726
-4.45490653560869  1003.153117487276  -102.904889070662
-5.730422762652303  1016.2430566700789  -105.39853040280136
-7.383186348528811  1029.4207176823468  -106.58173032349299
-9.588992066507954  1042.6165398305168  -106.41989467840526
-12.345995463376735  1055.6606700233758  -105.4640738962386
-15.698315272084312  1068.4439502116993  -103.49916117145001
-19.248092114143763  1080.8535293022521  -100.42749843404853
-23.668280408080197  1092.7780508812739  -95.92238768795443
-28.575971165524116  1104.0842550311397  -90.2437437335121
-34.12566342790114  1114.6542319312177  -83.78910399040046
-39.76992442346669  1124.4063896696978  -76.3701238771707
-45.91127719238949  1133.2862821019476  -67.81975459038577
-52.2901008271702  1141.2092762019097  -58.24182888492793
-59.14212125455645  1147.959104366989  -47.862191034549625
-66.1852911406855  1153.6439105339703  -36.81033944717931
-73.63922072978353  1158.0989703593143  -25.182402979276667
-80.92235389307314  1161.4321054455163  -13.279431367039912
-88.18136223065859  1163.3828958634626  -1.0919113391216797
-90.90980640609465  1164.0877358211565  7.516592541604103
-90.98304836253692  1164.4130022529275  14.14194595737332
-88.84067742151835  1163.863513717797  19.025546304817397
-89.12942452361021  1162.4534441376074  25.719140027829155
-90.01356316492735  1159.3288614741189  33.156727608437784
-90.84349187546094  1155.106969675451  40.70840668000772
-91.63274066850671  1149.9014864072378  48.68797969730817
-93.02168983175292  1143.7181094265266  56.88444966480003
-94.59440900803227  1136.6340213901176  65.23720970979785
-96.09846994358502  1128.6487685466814  73.16573792004395
-97.17211079091722  1119.9100694307517  80.30974920899473
-98.08176940534926  1110.4551444001645  86.9741370251181
-99.05693830995457  1100.36675164928  93.18962794109433
-99.9960343697298  1089.5427944271246  99.45598147563112
-100.76285191494199  1078.1948285567503  104.86093732136028
-101.2373543488616  1066.5238435580088  109.7273284965248
-101.43680479360464  1054.8126778239161  113.24730090746608
-100.94019096713657  1043.153425751885  116.14009701775957
-99.88795492428432  1031.4113962647107  118.23051815234274
-98.39713549360363  1019.6342802444088  119.87440148693169
-97.20445206593635  1007.8735229553662  120.90693325762811
-95.52630815557069  996.4135941300358  121.02143010276602
-93.32966345081643  985.4190274183007  120.03980750217852
-90.60556463627641  974.9003663766028  118.1065475627309
-87.81022947527543  964.8114238905894  115.55087123902942
-84.6767259729844  955.1523993463618  112.35174895804164
-81.49020571136542  945.9288901452362  108.84629404559331
-78.05769065583978  937.2536421471362  104.66985103844671
-74.67398955646769  929.1796289882408  99.91924810548024
-70.85901554649159  921.7775018146956  94.22447142332392
-67.10916443039362  915.0019578052089  88.16390932136073
-63.31726161256975  908.7999713625646  81.9664233667756
-59.691552600220305  903.1580552647307  75.6755741569234
-56.050954843267874  898.04093315443  69.25116592173298
-52.309205754117905  893.5044599252037  62.29228502376458
-51.67001484257119  889.5389859390173  57.84299934881966
-49.891800987843375  886.1345513307433  52.44938973787703
-50.888544019127586  883.1999575767658  49.6708842895772
-50.69455243867849  880.6957097407701  46.04275530881519
-53.26805213419857  878.5504111890626  44.925888722903586
-54.758970867255535  876.7868338470448  43.14870293064752
-55.76031544065357  875.3363754605483  41.19264962571975
-56.67950803241109  874.1655884767739  39.51481573537197
-57.47978580164966  873.180467339275  37.937212915432255
-58.26189744077106  872.3499507890881  36.68033424125939
-58.883020463467616  871.6412869890912  35.50943443105386
-59.40827685049413  871.049336131847  34.604901993604656
-59.8989574954742  870.5451687157594  33.83759841459026
-60.31492281898208  870.1363949956326  33.25280093699255
-60.63848588364864  869.7917634526773  32.73024028343759
-60.88151850150834  869.5070400356259  32.32063716370986
-61.04015625626343  869.2511966664429  31.98836088029186
-61.139044994484586  869.0256279832672  31.75151464737776
-61.203082369360885  868.8006491417058  31.685334301476203
-61.25117306315823  868.5654359099649  31.653353034536664
