-56.67151909282804  866.6084094671053  17.93583758231376
-56.294493723237586  866.1898416974436  17.92775280244367
-55.418945194111075  865.8680180503544  17.17914914850025
-54.20598392898556  865.6217812777617  16.05469467276415
-52.607383087061386  865.550471520743  14.236642781250708
-50.58343987827796  865.7074065016759  12.092600384659066
-48.24521872645919  866.2312236309972  9.21584669745223
-45.5423267268619  867.1381751226916  5.782571646828301
-42.593601793455754  868.5329960067338  1.4811205853693075
-39.39848665151453  870.4705240978552  -3.1175946130550485
-36.10381722207117  873.0672631699944  -8.507254912343267
-32.73564951504532  876.3858565035341  -14.16933332446856
-29.324480026118582  880.4771156126012  -20.514112202208658
-26.060747313525667  885.3277444238398  -26.94205380833828
-22.86982851603441  890.9139079759781  -33.86450748255173
-19.962487949099394  897.2433384607435  -40.772185966238816
-17.225690857477925  904.3369003720871  -41.39133414172576
-14.971863240281996  912.0217233556561  -44.042301640757906
-13.072065167052422  920.7136193235382  -49.22178007057656
-11.715368118743267  930.1384599360005  -59.83590393460635
-10.631585341581875  940.3983589310033  -67.39044421923818
-10.046525778142183  951.0079177397856  -71.50479987586309
-9.947553905725218  962.1220599107479  -75.75732371763026
-10.47022086390562  973.7701394801345  -79.79622085223932
-11.42584242601227  985.864879499709  -83.25614594994714
-12.943021789420897  998.3245069451725  -85.39059657686475
-14.955434845400774  1010.9864504469436  -86.31619524656807
-17.605080978808097  1023.7697920353384  -85.8017412929062
-20.804284612943455  1036.6024835509122  -84.12874511481569
-24.668538456573188  1049.3291890597595  -81.08625339763773
-28.9700287103933  1061.752140254766  -77.23351970359904
-33.51541232551485  1073.702019418465  -72.07235771944084
-38.34241063552911  1085.0502405399052  -65.99560877854994
-43.37418009261924  1095.688896602976  -58.568490714255404
-48.84425977757871  1105.480635734484  -50.28724837668537
-54.6419294427044  1114.3121540688244  -41.033307749066324
-60.70039940924329  1121.981062045582  -31.01947487974973
-66.89221954470935  1128.4405517489715  -20.245043687288348
-73.07408553335686  1133.8311281501046  -8.980927050880652
-79.34669796344907  1138.0532008434957  2.546641157041196
-85.52260648668288  1140.9830371071223  14.009671223757017
-91.51422736718018  1142.3480599869094  25.803327845359934
-97.3847121119223  1142.2567222295754  37.55722956099864
-98.64041580782391  1140.715006039651  45.53048759203451
-97.1536979046323  1138.8509532758442  51.05500898489891
-92.5189423972802  1135.8409598298877  54.44166043213113
-90.52942626110486  1131.9116876702335  59.284801958177894
-89.12084937284546  1125.980703630649  64.99059190978014
-88.38097115546084  1119.1058138057833  70.51170923462782
-87.13674444891545  1111.2082147765498  76.37834393995199
-86.08173057945085  1102.423609964138  81.18345343433363
-85.15879378972218  1092.7081412309192  85.84120130960892
-84.45350907454934  1082.372160426005  90.07041247853782
-83.50280333413733  1071.3120675254245  94.38636754963252
-82.6667036689719  1059.6017754903796  97.87907858900812
-81.39133347772895  1047.2705580796082  100.76832292014014
-79.7199980431387  1034.6164628440422  102.81591285586593
-77.57664132481578  1021.9557530456823  104.59921929914806
-75.59018535609908  1009.1988858731422  105.90556265172435
-73.2476471088443  996.4467331666067  106.18452203948581
-70.72797616382834  983.5901691261352  105.81946497079555
-67.90922224959078  970.848769256951  104.84191522712746
-64.8990737753973  958.4930700585646  103.19969139853515
-61.91415295671998  946.601342185175  101.04193316095854
-58.45589778179759  935.2349517241792  97.86206634961282
-55.12865749091675  924.3042215438757  94.4126611383787
-51.3810910318028  913.9994330960932  90.10190378432658
-47.5404503795793  904.3936110759859  85.32111210397647
-43.48594833010205  895.6707049531635  79.75147444215663
-39.316010751774805  887.8691715491622  73.76714847730639
-35.210908248021966  881.021572777285  67.21918686826811
-34.05962140516011  875.1485535564611  62.87154420950427
-34.89792735807978  870.1432373640071  59.84898470015149
-37.079828746017334  866.0909494000099  57.91659805592336
-37.56506986831925  862.8926818308656  54.66055988264419
-37.594256976637304  860.5306481160786  50.79675362081142
-37.57652280208922  858.7856850334277  46.87012930862934
-37.60327371889286  857.4898927180486  42.94376332101997
-37.4322317639945  856.5974146373039  39.09964352362853
-37.23788164124164  855.9966577919656  35.564873957091685
-37.048818550356934  855.6293822871031  32.220791466397614
-36.990900215821895  855.3451578084811  29.382972072095896
-36.91436187691348  855.0758844053628  26.91901841752921
-36.88620395135356  854.8088521162771  24.829854492092863
-36.86814750602344  854.5592455511488  23.12965064440091
-36.97737337974616  854.3117015210466  21.661976433439566
-37.09544311623232  854.0243914252895  20.454658991819805
-37.25612035378362  853.6468993773906  19.578475825535296
-37.47076903839239  853.192846248894  18.956112298411053
-37.80607417427224  852.6451567654713  18.601334524200826
-38.19038050780334  852.0673119172615  18.311047884175817
