-42.44529921005512  871.096409821471  13.850021944618023
-41.269952940634326  873.306330300378  9.879237824468571
-39.95615666712792  876.041736835471  5.107836426332369
-38.40856446761762  879.3289170519212  0.02550919658149553
-36.66777720338722  883.2321844735588  -5.914183787592154
-34.79186318610277  887.76634106035  -12.077670049448962
-32.84591468310873  892.9335024652099  -18.593063673707334
-31.000175150918032  898.7480527358139  -25.173690610979325
-29.120132211391798  905.2104084733567  -32.080104490643286
-27.443518054363572  912.4285199010361  -38.932236951546386
-25.917934660735618  920.479630579471  -45.98377184704066
-24.643910970064724  929.497021769361  -52.67434307173963
-23.56737888093422  939.4396416823798  -59.185918121493664
-22.640207097186245  950.2740928007006  -64.81317456030794
-21.879987832910547  961.8514945916186  -70.29261306901603
-21.419285305228918  974.0941476779414  -75.24798233369974
-21.32587701079058  986.8994873152502  -79.76045014453213
-21.730882140881313  1000.2399330084863  -83.27715290363119
-22.5095795483747  1014.0186569242496  -86.17095600139838
-23.89296410477326  1028.1059274396932  -88.54307993153469
-25.755514388756097  1042.3102315457024  -90.41959516434952
-28.047960899196994  1056.5816045291729  -90.38101664318074
-30.543735010247797  1070.758781680913  -89.25279833051182
-33.65031049391861  1084.7429127649664  -86.4916388838719
-37.2801847371116  1098.309157245056  -83.4545273691811
-41.381617066153886  1111.3809734707265  -79.3018969238869
-45.99253390082861  1123.8662662113543  -74.02934376882907
-51.08273090103256  1135.700711421627  -67.7239859095351
-56.98384376238066  1146.8556776392163  -60.109759981913
-63.12222754593841  1157.2921732484974  -51.85819173166814
-69.82016802204176  1166.9169502489276  -42.537275151979024
-76.90618976652775  1175.5418098462028  -32.13521880549054
-84.12004124974014  1182.986784050559  -20.866089197573224
-91.47035629332859  1189.2358587541755  -8.840102983577989
-94.15592060969709  1194.7382892060455  -0.4223198587861168
-94.21488086766692  1199.4659263569888  6.07249287532414
-92.24158884837007  1203.5583202454964  11.103104691237034
-92.97634317110035  1206.275688732908  18.37867662832798
-94.53355653627037  1207.7173354119518  26.707105981565633
-96.3646551916381  1207.6557574941737  35.60167503970858
-98.03332357688075  1206.4727160301898  44.89901840202042
-100.45226591553248  1204.09341473934  54.77314584285746
-103.32220929892777  1200.5698390510704  64.57113523681001
-106.5144281899062  1195.7955578408407  74.87084631287027
-109.36171714661066  1189.983998144452  84.42698635428336
-111.88060926598222  1182.9538032257367  93.55648776860518
-114.53379060211991  1175.20135162518  101.97283518942828
-117.25632181294333  1166.3859812359099  110.61389635774964
-119.97248525219528  1156.956311509015  118.4986427478671
-122.25132050998143  1146.3887432175368  125.6335554272417
-124.40276936790278  1135.2204363516723  131.74201656136148
-126.06036578689285  1123.2272904924143  137.36154016045603
-127.53547205998947  1110.9782453508187  142.25027703183451
-128.43142177837024  1098.3148033651821  146.28878961609513
-128.9895886878921  1085.396902347203  149.4438367246236
-129.08453346013093  1072.0568047384113  151.75611876179636
-128.75161772165947  1058.6283470367537  152.81076278685072
-128.07771046350527  1045.224164104796  153.40726936515006
-127.07212276394476  1032.0082089490431  153.16085465681448
-126.00939163714156  1018.6884621470258  152.77626403690442
-124.18628825579775  1005.5328996220038  151.0587499509395
-121.91392760525609  992.5444514824529  148.6013313495824
-119.01106634070567  980.0144420381653  145.21463616992386
-116.01977657535573  967.8870817798363  141.4639957705206
-112.68482642678211  956.2798583836856  136.74426465973386
-109.10458777548718  945.2394866632679  131.29766023758754
-105.28688309044834  934.899242543426  125.02526252341855
-101.37973840109737  925.2352451760476  118.59514304514803
-97.29167853364635  916.338464318283  111.47095402955107
-93.11448377843267  908.1625121355887  103.95401743692989
-88.83015532238899  900.7627188545766  95.7733326590794
-84.2412092657517  894.1086253784903  87.30902833676588
-79.78548378766463  888.2226769828733  78.46877068843429
-75.21753408598555  883.1606328337265  69.44858389384507
-70.85031253002794  878.9045035856568  60.26965106438182
-66.36293312397736  875.3604850169155  51.30195180531331
-65.1543930991759  872.5369501622079  45.08262277984255
-62.82909770335392  870.3972723226725  37.899688938352135
-63.132018380315074  869.0153104901475  32.92458147740436
-62.09520982335627  868.3217414472  26.906729310505526
-63.731261250647314  868.2364324298928  23.77225318814599
-64.28130502429354  868.6367733565149  19.781848253187572
-64.35728848368326  869.3540687558034  15.437640470949448
-64.35354406559944  870.3217620599448  11.181425900024113
-64.18243120594748  871.4630835061696  7.255158890351581
-64.07332925377138  872.6659112635407  3.9257087128323365
-63.83935975416188  873.8446961177467  0.7624479659181311
-63.658674845395424  874.8966077129007  -2.0692496949905483
-63.514358390609445  875.7638288325379  -4.327216028233048
-63.4454081812357  876.4613459291119  -6.171497081765193
-63.40423705314673  877.0041412319798  -7.654611078279791
-63.44566177806864  877.4355837280348  -8.775595239668805
-63.537024781057  877.7607446793207  -9.603887015367174
-63.68934364801469  878.0000918001232  -10.023390680414252
-63.83809618019035  878.1864371710714  -10.292362886936901
-64.03325455505968  878.3107973263162  -10.331081237583364
