-23.85932384951617  1054.575644870017  -67.96402359659199
-23.963896261566443  1055.656696749165  -68.0586925326954
-24.10975004365605  1056.9118576961812  -68.15802664897701
-24.372093622999554  1058.3135961661299  -68.35496043968848
-24.699700172562995  1059.874732360714  -68.49326509020868
-25.124759368787654  1061.6099659802758  -68.6824208666452
-25.52542955869659  1063.5134561190582  -68.76220723633935
-26.052677345837857  1065.584963540295  -68.89273142976359
-26.612485008610584  1067.795789270809  -68.92551533009629
-27.33113230681196  1070.150175908894  -68.99548465526445
-28.02022307359308  1072.6268563524163  -68.95517720783002
-28.838144411693754  1075.250555148934  -68.9802926789449
-29.728216143318402  1078.0167675276684  -68.78578301100401
-30.735774868003475  1080.9381930260902  -68.56161103452575
-31.847392850427582  1083.9801309955003  -68.23192371950327
-33.01722204337953  1087.162612881326  -67.68831496349505
-34.41714216460284  1090.4857574474397  -67.10407005093413
-35.963695508716484  1094.001570234753  -65.98013897243278
-37.58816067939124  1097.6839455731385  -65.04683634261137
-39.31928803081471  1101.4852271415195  -63.924637131122076
-41.0807171783631  1105.3743516597722  -62.974809432574425
-43.02193607023605  1109.350719007078  -61.253145366209345
-44.9552314334402  1113.4557517020326  -59.238727405618754
-47.02973604903066  1117.6638868854427  -56.718105709766995
-49.18287397023559  1121.9204545494806  -54.52134400566145
-51.4643239626632  1126.1659954754757  -51.85096486497887
-53.66699431070071  1130.3636509524388  -49.224230669029424
-55.93109346575879  1134.4985924456087  -46.05231370688193
-58.27978984479862  1138.5566475385558  -43.00626124453983
-60.74502019426962  1142.5187176201948  -39.472090186386446
-63.256620722273865  1146.3725130040343  -36.07831645897706
-65.73888244222519  1150.0661401951043  -32.07240677072684
-68.33828783366576  1153.5836263504373  -28.303331870939015
-70.84816287965414  1156.8876180885409  -23.97571637894615
-73.54778800901107  1159.997426907289  -19.992766195746935
-76.15984836085376  1162.9121155681758  -15.626549271916996
-78.82001206567625  1165.6215033886933  -11.405905511034494
-81.43698076860763  1168.085098787892  -6.7594450660729475
-84.07369076047534  1170.305920342574  -2.3073056779646897
-86.745692495578  1172.286058124328  2.1434782846579914
-89.15819630639886  1174.077162026458  6.283037719708608
-91.51883029959201  1175.6376428337433  10.481419718661808
-93.65575507883149  1177.0146102643744  14.406390247373846
-95.66153311760947  1178.1870866989345  18.126385161554698
-97.42701091225123  1179.2003199934798  21.447488141494617
-99.01370196433538  1180.0607527271236  24.474171373599198
-100.40625517157744  1180.7897015647068  27.176096455335525
-101.61646203057562  1181.3864339060774  29.499912047419734
-102.65359727454364  1181.8554118612903  31.47218102242547
-103.54259404416041  1182.2060150065847  33.11325313003432
-104.30112818564905  1182.4835518832228  34.528001816101785
-104.95282708831326  1182.689089277735  35.72493912141461
-105.52939482790524  1182.8579127418639  36.74019682967449
-106.00920892757145  1182.9442725963368  37.591530489956334
-106.43034788419993  1182.982255188218  38.2941739233977
-106.76487336420485  1182.9259727109222  38.87129477256812
-107.06462901152432  1182.8244503143846  39.328999329626406
-107.29044612692573  1182.6325329439658  39.68780598065288
-107.46080378930328  1182.4198729692284  39.89347268702519
-107.57618564701977  1182.1620605158398  39.95384127415879
-107.66769599237224  1181.9323986817926  39.89888038050393
-107.74317757089317  1181.7183394281515  39.7944538939959
-107.80643426581427  1181.5423130673723  39.697014589542086
-107.84899122067534  1181.3855793327982  39.59025347815323
-107.90089449334684  1181.2430176282442  39.51215557704423
-107.95590747413773  1181.129299767295  39.43675711490492
-108.02123922185842  1181.0314311529826  39.38642501920505
-108.08578208447909  1180.9573988685866  39.31519025360619
-108.15043993681216  1180.8981720937384  39.2876250084892
-108.22863477632927  1180.856571188856  39.2445283482187
-108.31641606170209  1180.8485466339323  39.290875706334255
-108.38135026014763  1180.8547774922617  39.265179536122304
-108.43927038993378  1180.8789707846718  39.297389791166644
-108.4545095531156  1180.8969172741827  39.22399926607655
-108.46738356765354  1180.9056729217382  39.21106693963239
-108.46854857281906  1180.9004981383484  39.1305895842378
-108.48340576170868  1180.8802045764003  39.138182791815105
-108.51590488690383  1180.8348954619175  39.110956560196385
-108.56356779277507  1180.7725610465734  39.14790671203494
-108.61905257273251  1180.6666540181225  39.124294108134656
-108.67901119836739  1180.55981415517  39.1621028618749
-108.73293652656095  1180.4149536572731  39.145518075418266
-108.79548787216748  1180.271559792382  39.20843213778802
-108.85218387032543  1180.0826553336901  39.19578078594667
-108.90586463001921  1179.9033546195797  39.28340433316548
-108.95453676218004  1179.716292194762  39.29688431778425
-109.00371183265663  1179.5504144497108  39.45369279051787
-109.0687243709186  1179.3661720487655  39.536229400277804
-109.1485620582625  1179.1966985808135  39.766907380775265
-109.24692870675463  1179.005903986704  39.914648366471965
-109.35199984134655  1178.8301351575942  40.229834826306835
-109.47118897624235  1178.5953405279486  40.49350249270795
-109.60507924419058  1178.3762062877283  40.800620514245004
-109.79460110334956  1178.1140855675985  41.120449682872554
-109.97951973398546  1177.8796339409469  41.555270735325536
-110.24559861238933  1177.5951376852272  42.18461790643224
-110.49433970876967  1177.3145005011813  42.90802829144791
-110.87205855033557  1176.9624454978352  43.95475326629041
-111.23056846360369  1176.6066503990987  44.93985211029609
-111.71848813363546  1176.1885710030363  46.16413803872403
-112.19268293359171  1175.7591881357976  47.13649582664884
-112.765242223742  1175.2538694421187  48.39089906667591
-113.33948878811356  1174.712703059736  49.43426803857941
-114.0008700678358  1174.0895852549734  50.78331776011554
-114.63977776836482  1173.4356146119578  51.99255834134297
-115.295310222706  1172.6993450630732  53.62373637917034
-115.88521238384527  1171.9452021789825  55.132568323235525
-116.54404615385819  1171.1273062710902  57.03380410530548
-117.22327707457627  1170.3233066725095  58.71593786364623
-118.02889795041882  1169.4638718497017  60.77262300158757
-118.89365422317557  1168.5959665044195  62.68347708411815
-119.90768222323426  1167.628619184588  65.04476942223661
-120.93974970315789  1166.6357088102884  67.20496093461176
-122.04099639682036  1165.5504841276884  69.70217141327504
-123.09410881210086  1164.4535688095857  71.90938460697863
-124.24609266981112  1163.2483809295713  74.50223543265253
-125.38893122564056  1161.9979202327152  76.84557197621932
-126.65661860094136  1160.617120363731  79.49490842046717
-127.84829721316429  1159.1802093079114  81.8717518561991
-129.14098356520728  1157.5967249554394  84.6658174115646
-126.09230115934558  1156.3474194736712  83.83710313713785
-120.46451184553739  1155.2594367916836  80.83676147519849
-117.1600886105245  1154.4255263615546  79.75551660007089
-114.89908558047239  1153.1977083612824  79.51932409127137
-113.0045044232609  1151.7375707429537  79.7486082300304
-106.73213874145509  1150.0159014663932  76.21249438702611
-102.39070723218752  1148.2127679654834  74.2639758831059
-99.31458673950317  1146.2746343622084  73.22767682471934
-96.92122804761769  1144.17408536229  72.74048873561289
-94.77160546929211  1141.9366949874159  72.57029000756182
-92.65607821918663  1139.6107355179738  72.60091972975326
-91.22518371347338  1137.1804647744216  73.30971739759416
-90.09702264863412  1134.6656518755387  74.2023338369052
-89.4045952622755  1132.019441564705  75.53002983842842
-88.70172628910774  1129.2901735900068  76.83374997628034
-88.33031239158467  1126.4500084153306  78.44623322237017
-88.00499241313443  1123.5513175275003  80.10990303394729
-87.86449962559206  1120.5798116216351  81.86259948849143
-87.74653849771181  1117.563356589897  83.7232754449397
-87.67356040214135  1114.4861334680463  85.43001014575361
-87.84797029127053  1111.3337909528013  87.45233204193778
-88.06605102873127  1108.090013769985  89.42822289438372
-88.38035491818088  1104.7500633002956  91.68462650193827
-88.54986682975448  1101.3272572601281  93.74813712861913
-88.8121053712598  1097.818407343907  95.90342483907907
-89.18147130489963  1094.2339415783897  98.02295167574475
-89.61395355660325  1090.5858604065884  100.25022037997063
-90.00339062258725  1086.8934037361637  102.41773506566899
-90.33237396063805  1083.1636837906472  104.49513363613532
-90.57069035199848  1079.370424606962  106.51537819957485
-90.73878247459082  1075.5445642648438  108.29635486963682
-90.80931924580223  1071.6818671006506  109.94146776887332
-90.8378346444521  1067.8577304374085  111.32399744248616
-90.82445664718522  1063.986208775064  112.64405086458831
-90.5713494830036  1060.144599398116  113.83056676814492
-90.24772031187925  1056.2660337470104  114.8391015892162
-89.8535319165403  1052.4046174322812  115.64943367916362
-89.53874825038255  1048.523886223735  116.3601441054499
-89.12232370112388  1044.5949556970259  117.02649868832036
-88.68548945786621  1040.617649062271  117.66760154128687
-88.24555307972402  1036.5460427702903  118.19061495042962
-87.7166038007046  1032.4190188982004  118.54153162058128
-87.16223434872516  1028.2158190814403  118.9037269882585
-86.638177486018  1023.9198431886535  119.23987891110957
-86.21893070912975  1019.6072641251069  119.61377018895823
-85.76554742803769  1015.3344660079614  119.95196564491715
-85.35174109657692  1011.2526964126703  120.31594916922809
-84.96625357106092  1007.3576611019791  120.70167573780896
-84.61580222385291  1003.7489301045464  121.06156308150277
-84.22429869108227  1000.373002219033  121.55058735280191
-83.87263506382634  997.3167307307738  122.07167512328236
-83.57705836204993  994.5565938211254  122.657706308078
-83.35501912960905  992.1265697471822  123.17344720043425
-83.17671163692756  989.9625683278325  123.74879613326242
-83.02684471981189  988.0543243557433  124.32829901473238
-82.91210661402809  986.3968389978321  124.92283047247368
-82.8523555578033  984.9816928437143  125.4893461411226
-82.8324090822725  983.778986627788  126.10464362025316
-82.87124020135542  982.7452056128637  126.72324567273053
-82.9098163969089  981.8672774609927  127.36755561516405
-83.00463810654603  981.1265564428988  128.00007644021798
-83.12032191811078  980.5014773735322  128.65707343618604
-83.28315796314921  979.9594941897594  129.32909809806898
-83.4590708232588  979.4824888850058  130.03580865779597
-83.61875252599671  979.0656580440235  130.69409153092911
-83.77876854213268  978.7135462419025  131.30580164539975
-83.91099459658102  978.413365904278  131.83621229604748
-84.0346884313898  978.1464068143712  132.37030840353017
-84.12799611491987  977.9001715174477  132.86109656671283
-84.22213702637751  977.6216246590029  133.37643380532742
-84.28942840142511  977.2826431421252  133.89080158962722
-84.35315047758665  976.8546590046531  134.48679783265564
-84.37009394708737  976.3597331421998  135.06903227473168
-84.36408094904955  975.7993464331785  135.66704775863184
-84.33439645956578  975.1553032976448  136.18283790762172
-84.3135592793393  974.4055581274752  136.6412059204085
-84.30603151407858  973.4658650006439  137.19663396175616
-84.25322933114009  972.3573482501428  137.83697597789373
-84.14980850414665  971.0800138886357  138.597620190789
-83.9058799485338  969.7169973205678  139.22475799480864
-83.65028394715479  968.2012003234331  140.01092175570702
-83.32964296813174  966.530364347928  140.72738998511932
-83.02059402488838  964.6190830163384  141.61347073803972
-82.52810273660693  962.4969161121129  142.29341508305797
-82.02337857816445  960.1141326400476  142.90539131959156
-81.25101790686828  957.5088983049826  143.27394423518945
-80.54209865183248  954.6286718026763  143.52608579512474
-79.55356261229507  951.4616614845197  143.65910589637542
-78.6774559357209  947.9804412930424  143.6278315411674
-77.41709783561015  944.2255444406585  143.25482984843106
-76.11031149279086  940.2393834157349  142.59381341453602
-74.62438594103119  936.0613040545788  141.64321956195434
-73.08131410218101  931.7615180860668  140.33141378280803
-71.47539328841677  927.3331401612602  138.7673535186121
-69.56922133250374  922.8598350197875  136.59444126579268
-67.43021926961545  918.2801950921785  134.1764239429629
-65.20083786671853  913.684865301734  131.15896400901624
-62.76511998242944  909.0767779576283  127.758809564899
-60.40661809246049  904.5305166915736  123.84276778766036
-57.56768794296596  900.0153037578627  119.4598825712914
-54.81978676927373  895.4803161001221  114.87797098447874
-51.61574483173102  890.942832476115  109.84101511466822
-48.45115920235758  886.4892758729126  104.52120987787471
-44.889321979848596  882.2392731123232  98.64962954199667
-41.423172590772104  878.2803639149168  92.48288101128871
-37.77968479674788  874.6367151845486  85.96801431628838
-34.22189705018215  871.346266320102  79.33538585776459
-33.62652513998854  868.3956880506005  75.25014782565164
-31.952243550942406  865.8356814478116  70.22349125662375
-32.84907701920414  863.6435971772473  67.40996981470214
-32.52111139619564  861.7850763350388  63.55242739950381
-34.783318557845355  860.27343585385  62.00589127709324
-35.90681922716263  859.0776623580686  59.74823711075933
-36.36626491598908  858.190024146502  56.92606478702278
-36.75873408115117  857.5036194838383  54.114739173635165
-36.960778461160174  856.9891697721621  51.16506071850179
-37.21257440541355  856.6486802018027  48.54693438337654
-37.296095573859574  856.4553119952967  46.134278146661956
-37.35580461719669  856.4117506999503  43.839689526149776
-37.483190579847644  856.4642752691312  41.91796499354066
-37.595558829684705  856.6244959922931  40.11092984602884
-37.71137925075027  856.8729105198094  38.56375386196972
-37.85461585641736  857.22901555956  37.16049704679387
-38.05959126673708  857.671178505093  35.96930165931036
-38.29871397292963  858.2174557307359  34.96084930095543
-38.54688777206488  858.8448432884364  34.06313833938228
-38.813529639862395  859.5749217004543  33.19301302605146
-39.143674188501414  860.3645105980349  32.37227692156168
-39.48875923001192  861.2233349778443  31.657348530907655
-39.89407835042128  862.1028182869383  31.070292577357314
-40.25847471010774  863.0047348564635  30.59622376815755
-40.6018104523631  863.9015075524669  30.117633899879458
-40.941568428925684  864.8289607839685  29.70407786067046
-41.34393314647872  865.7812570572102  29.318117571809054
-41.83898388603707  866.7756360671308  29.05001643629673
-42.38871032798904  867.765304539655  28.872270379601655
-43.0245377802242  868.7382995000538  28.74416695603217
-43.664594071206835  869.6622784935023  28.66213608805126
