-53.858233918472585  889.9559132548825  45.72264810609528
-53.32916248737598  888.4796292827937  44.53927052208998
-52.578714546588124  887.1098486995259  43.315838528935494
-51.68226107665307  885.8326645624213  41.92808810757856
-50.514554018556694  884.7121197551643  40.24877805127789
-48.977146880955814  883.7854425693483  37.89799428949715
-47.02893850126621  883.2143024836565  35.00717006242239
-44.62688325300249  883.1633772587645  31.03014060496394
-41.76816446630428  883.9128220786693  26.173190976967494
-38.35926889001068  885.6493030182004  19.674857210641107
-34.56088899894244  888.4985621760799  12.30069650556151
-30.36761727619076  892.6027221269214  3.543319045069553
-26.230261960556334  898.0162395823295  -5.54963395709955
-21.972755224000558  904.8168698727751  -15.362345027357486
-17.907216318712596  913.0424683470383  -25.132571902898107
-13.919167972300338  922.756505263143  -28.29861967334051
-10.503475043970074  933.829795649026  -32.82423007382826
-7.651882827442487  946.7043298392889  -39.06892346369049
-5.329595648303258  961.1069498714089  -52.25053964576435
-3.6177606263410946  977.1140436212381  -62.44483284494021
-2.655110527294657  994.155665530513  -69.02945508769548
-2.6454089591689463  1012.2390230639344  -74.15329076448984
-3.571947461068805  1031.111276490798  -77.99842960082255
-5.495037352772095  1050.3600448222367  -79.80354549296405
-8.4020680533307  1069.5732191910902  -78.32640072386401
-12.4226187942044  1088.2837661373217  -74.6254488337295
-17.441152452568115  1106.1663037131725  -69.00971592698373
-23.296415264243013  1122.8920262943273  -61.56702232229547
-30.098906364639788  1138.1735075197685  -51.85634512497959
-37.61882649112325  1151.7733653569599  -40.512098328981544
-46.07389829584732  1163.2454648776938  -26.90447790462124
-54.69791423355269  1172.79397722024  -12.0685485759827
-63.81376508117576  1179.9354989086237  4.592004217892429
-68.37090993329235  1184.8430767354107  17.907445722915917
-70.10935075437392  1188.033660387366  29.42866523515286
-69.52028047478026  1189.0573722661666  38.20292068066966
-71.43074302839688  1187.796598189726  49.87561869133102
-74.02647512775239  1183.3049633109115  62.55580556849523
-76.71058194607447  1176.3284588611975  76.18621698732059
-79.01812729142223  1167.1561191269209  88.85524964537117
-81.09639785855327  1155.9765014693653  100.52007894664845
-82.6646702815249  1143.1512426197653  110.8678599798958
-84.0071753756659  1128.86786067352  119.95098014096641
-85.16801465665509  1113.4098353438462  127.89103633752529
-85.97573474547768  1097.0172074041773  134.10714219380088
-85.44220598973462  1080.2657546888342  138.4594762623546
-84.33192375613227  1063.2961375912678  141.09698655181788
-81.99242194045819  1046.5289019627057  141.79933518580813
-79.80557851105723  1029.9200433738538  140.86769956641334
-76.4580552428575  1014.0025868776049  137.62257247002435
-72.39216880502998  998.9119593117833  132.64894250455228
-67.6863557819419  984.821399889652  125.72483990982701
-62.4342980351681  971.78787017695  117.30631020457814
-57.25814829700685  959.8136937037306  108.1629544569244
-51.45414989525055  949.0328724949651  98.13673244323827
-48.94523703929967  939.4138269471351  90.71812112739
-48.43177359983338  930.8538304015541  84.78262361149471
-49.80969840519482  923.4021392155419  80.8850115742032
-49.54606805301066  916.9375940953657  75.55949180790633
-48.843144510792385  911.4750628943202  69.98684557052907
-48.36033025961011  906.7378129442396  64.61568021144042
-47.92700437308642  902.6993599438777  59.762657846946716
-47.496009075211795  899.2540811366682  55.64240187637821
-46.76986765896392  896.3530651268089  51.47097816415008
-46.14743398470808  893.8734452557393  47.91866445868056
-45.62944835644754  891.7709618009167  44.7477415696995
-45.25438521230222  889.9722666580013  42.23235261448188
-44.9412210515792  888.4378368722669  40.048894397923775
-44.63840210331262  887.1068288392166  38.079956181866976
-44.35317468619996  885.9475805532675  36.401714855956584
-44.091307037558316  884.9285180904587  34.90813449155359
-43.92091175453311  884.0266426266514  33.8003353372541
-43.838170388229926  883.1992896227327  32.907223980335004
-43.8095438072644  882.465169966541  32.228340904698904
-43.78818383373493  881.7796438574563  31.649088233334147
-43.80953954016508  881.15212802048  31.23999105589697
-43.85165816549093  880.5206230117327  30.967396188939894
-43.88434406061066  879.9144630598679  30.767361857900617
-43.91951272278325  879.3125197395099  30.600364467596318
-43.97508239972311  878.746509711131  30.47559510045849
