-44.16254335433209  914.6470661853389  31.184506087787778
-43.69488518437006  914.5866935589511  30.379491863900647
-43.171596534580395  914.5846315520116  29.356465797555067
-42.51784550831711  914.6489568263817  28.185888586513
-41.78266052821684  914.7890920716202  26.732053879653794
-40.878487638727066  915.0039762742879  25.054400901926286
-39.87600542427643  915.3263575354066  23.028433003693603
-38.67463895426473  915.7607205324636  20.718162508667717
-37.368222381725275  916.3249704050199  18.1408663225568
-35.89408499090129  917.0322033523498  15.295213902062276
-34.32353829873685  917.9119347624409  12.310877792363335
-32.64392813123807  918.9852833234602  8.984130928667966
-30.92105584460828  920.2949615469669  5.46852105678976
-29.112088330901216  921.8672216737798  1.610954625305017
-27.27498169954821  923.7509893323746  -2.388600211851455
-25.368118538129078  925.9485688298778  -6.623758851090672
-23.481051568053108  928.4917330883072  -11.036534806522422
-21.56996062265499  931.3931918089131  -15.40290064842122
-19.686364232410824  934.7018843416566  -19.857575111572594
-18.005201695099526  938.4162046751411  -24.285835828682295
-16.520783757043443  942.550832842987  -28.752314155786152
-15.310930146907738  947.1032870946256  -33.02212694387309
-14.287588606764567  952.0880863454154  -37.08937683604192
-13.493340017278264  957.5048469124782  -40.70823448449451
-12.862969040386691  963.308938483831  -44.380258531109746
-12.450155421047587  969.4919777099171  -47.67757686891318
-12.200720404048104  976.0102208182834  -50.81873483305406
-12.18899188619065  982.8631087837406  -53.58814356920168
-12.287166221118913  990.0036115885313  -56.242664160846644
-12.537151496598993  997.4065446730378  -58.74914512039065
-12.903946928625533  1005.0173079466889  -60.705341319050774
-13.420822742072776  1012.8151617262853  -62.35677893781798
-14.059969159325858  1020.7690293397856  -63.69124435716347
-14.898487318467758  1028.8634319092912  -64.7689518306587
-15.832396455636363  1037.0494219493862  -65.50368610188521
-17.031747075516037  1045.2984441089297  -65.70669306832201
-18.345112593877346  1053.5713736292098  -65.64118028698093
-20.055392200352923  1061.8369376170754  -64.77232020562629
-21.876749455481303  1070.0482511517366  -63.41643631168414
-24.119834722607997  1078.1777410570423  -61.33930899681232
-26.46082213097945  1086.1822434454991  -58.81641585867821
-29.14817701291238  1094.0162058625701  -56.01570458247274
-31.854119065291755  1101.5911098917404  -52.659669869409214
-34.81863167340911  1108.8597064260734  -48.68342070238208
-37.926481825650086  1115.7890633353659  -44.17482487621932
-41.32941058853035  1122.3740036201561  -38.833778623645195
-44.91770589572421  1128.6025611419882  -33.40702595551607
-48.69986713107569  1134.3894555519155  -27.351189164646488
-52.536722014298675  1139.6955112594374  -21.221547564051143
-56.43526180690987  1144.4578993636078  -14.371836560509777
-60.35532342956734  1148.7325038671381  -7.487091358546085
-64.53384153469698  1152.406635148011  -0.11115607540869554
-68.88730248956857  1155.5440193987638  7.440122284604725
-73.40803828438018  1158.0718898796197  15.518883715761127
-77.82883456814038  1160.1110809571426  23.47416162573766
-82.25869466329418  1161.5657661563346  31.52117314901859
-86.77135894251003  1162.470411442484  39.467643587464174
-91.25136236848667  1162.7785709792931  47.89046517032328
-95.53141485335144  1162.6007399268592  56.002545656038095
-95.35165073697283  1162.3060586827642  60.567873148572716
-96.8742840393269  1162.033468398467  66.32136483892711
-94.83514185195598  1161.3103186787334  69.27777005016567
-94.60566316094923  1159.8504820832648  73.95505123300336
-90.6750269826633  1157.554008471261  75.38462917833837
-88.53935242265541  1154.9142795393113  77.95549861862591
-87.33222150055323  1151.8255071463798  81.66155867738254
-86.37582942930028  1148.3397619898687  85.52799871968949
-85.9634674370152  1144.3411424037606  90.30469830337995
-85.67761947152343  1139.9094749438225  94.69786168717704
-86.22038365763095  1134.9835957528928  99.74512575078187
-86.84422118700289  1129.6907227795907  104.68351289230135
-87.54039139780909  1124.073424733742  109.61745091916622
-87.9308491438727  1118.2419950767262  114.1458311941008
-88.47852498222989  1112.1359141608468  118.59648655544089
-89.1444850460682  1105.783819062975  122.73351466397389
-89.74601828212285  1099.1243969767352  126.8080220281229
-90.12488416901283  1092.2693562513782  130.2568381701006
-90.4594648904133  1085.1039101910826  133.3750597014674
-90.79742754623088  1077.7545495803772  135.9512582648882
-91.020874554231  1070.1273665078184  138.29432972856912
-91.17167933650137  1062.3900474384238  140.38155223664353
-91.24881496829867  1054.459666246135  142.31670601270858
-91.26369538070941  1046.4597849954796  143.8664457430346
-90.84183097324643  1038.4392255960292  145.11134962323052
-90.32422302662337  1030.4174125979857  145.9531197930233
-89.71100821067242  1022.4061996092565  146.65060230108008
-89.12644944494379  1014.3926948806106  146.98438418413463
-88.11889087952443  1006.4773122099201  146.8656977055629
-87.0806793168763  998.6153568617253  146.51352420087892
-85.67155648483003  990.8360157699373  145.84233227308496
-84.16688229210587  983.1636911664311  144.79941008309268
-82.52419905228506  975.592186361078  143.64498980584426
-80.6921480032027  968.2252590461366  141.94496050855795
-79.01534764366251  960.9596936506634  140.29468085893234
-76.76303805951078  953.9576757492807  137.78228669118903
-74.56617488134586  947.0958107466987  135.08073599345204
-72.07744208000086  940.4637556942322  131.84742423224694
-69.49051808346535  934.0315743608764  128.2837797855473
-66.89588059349816  927.859405025219  124.37811469517095
-63.79985596222763  922.0480939470384  119.73670892470079
-60.68683745006724  916.6367262217582  114.62885670388975
-57.13548802115741  911.6705469061405  108.86107229269446
-53.65330751380197  907.1533820576291  102.73246667525042
-49.91908831759405  903.0686592697232  96.22996891146332
-46.27626953310603  899.4417223002863  89.54117556349985
-42.314444479465834  896.3154264694422  82.59136201834971
-41.505064483140664  893.6677652504027  78.11423680765722
-42.68399085338857  891.5556319184354  75.17812880952756
-45.537109989586895  889.8859212760364  73.53694054506221
-46.61692530796099  888.8091765268254  70.66834312426207
-47.045494209505364  888.2140001801429  67.35070313185736
-47.57674295701031  888.1032681439804  63.9766369272958
-48.103191656869015  888.3367660056776  60.51838494225062
-48.44274739011657  888.8614390165826  57.29303220884101
-48.44637531518278  889.6347449841509  54.129906291813356
-48.2623251910855  890.5710560413168  51.16288456275726
-48.11671381378302  891.6243392739635  48.13627824161975
-47.795921920879614  892.7047619152114  45.46192553091024
-47.44335645388094  893.8096451539031  42.8198108544927
-46.93225033685148  894.9098596710683  40.48921581019916
-46.509029964560064  896.0307840069329  38.28344887499738
-46.04138031124438  897.1256100026349  36.39049741402741
-45.64711962342706  898.1991638437188  34.70144731057837
-45.223771023745485  899.2341628347822  33.242390783036875
-44.83168034497856  900.2331487948923  31.9921977116049
-44.45256422099445  901.1340486853702  30.990985824280617
