-44.25414461846813  918.4128695380688  52.8976623843921
-44.00368860448724  917.8968298489934  52.07775503491354
-43.63805936762766  917.3758733524863  50.9679326535995
-43.13262329045524  916.8538580098807  49.646519166986664
-42.49226052614868  916.3435650065414  47.96397151017566
-41.69720867589837  915.8529882194964  46.00116446875843
-40.63937755807714  915.4388668046747  43.45424260430423
-39.30308617727589  915.1016639241351  40.400745800478056
-37.51554702848192  914.9271064955911  36.40532519383788
-35.36732974573525  914.9435513063049  31.690867934694282
-32.903819023183566  915.2699345937754  26.18812626275911
-30.18703081659422  915.9823378905601  20.137064612009198
-27.296841223908856  917.1926955262958  13.465621375472317
-24.275245942237976  918.9925919765658  6.389886797346599
-21.215648343957486  921.4847151616876  -1.0954252522148114
-18.167254174985267  924.7951381436105  -8.681822150578448
-15.192251481460474  929.05706233734  -16.47525932724564
-12.464685102068756  934.3768466431874  -24.063925944652496
-10.153224724338745  940.8026667827988  -31.4860241096681
-8.22959415960134  948.391279883578  -38.32843572304493
-6.803512874056823  957.1567004738143  -44.379196969398706
-5.922202871440767  967.0708270150899  -49.36634447800124
-5.7515761076883045  977.9640400998087  -53.46058812184568
-6.207152045890748  989.6825892818863  -56.32799145649483
-7.334486657334748  1002.0774045942721  -58.15079396859817
-9.126075194551424  1015.014020183109  -58.33144524929233
-11.512881109613248  1028.2910226467707  -57.483827909279036
-14.41064051438481  1041.7119471007309  -54.99684083818876
-17.85026006522187  1055.0846729758462  -51.364171552731634
-22.052819067638264  1068.224258437591  -45.83077718976124
-26.773570618926204  1080.921352668006  -39.224974342406625
-31.98366042197305  1092.9368817286181  -30.962966979045916
-37.451625836018025  1104.038926613849  -21.806830862766773
-43.468562126222174  1113.9583865529887  -11.231163740839026
-49.78402300884722  1122.3327632501314  0.17061173564755094
-56.50720650149834  1129.2807638516992  12.520729351323652
-63.391537736819856  1134.447252749661  25.320528438039936
-66.0455553386757  1137.827374127291  34.81185680267566
-66.01073799525791  1139.8953800664715  42.31957010460597
-63.85645302576238  1140.2023167556567  47.675276835286596
-64.30170686381427  1138.8743484438473  55.21135303524147
-65.41654306535376  1135.0055465178662  63.81198565198121
-66.6374170595455  1129.4515207388915  72.81675405372387
-67.61569106371672  1122.3168390653416  81.8949162101049
-68.65714444727408  1113.9925714402002  89.35729322329226
-69.67158243746304  1104.3261282757683  96.44289464679296
-70.69261482166914  1093.6533757547584  102.54979109823691
-71.63882997870856  1081.86004190937  108.81052052901886
-72.11808049985395  1069.3538870556797  114.05631633843072
-72.1023208043711  1056.250206804472  118.15113760447147
-71.66221741150822  1042.8473599750062  121.13669940211886
-70.79457331451387  1029.373758937411  123.3205581215346
-69.52732075111946  1015.9598968352424  124.46711399944682
-67.80727822267082  1002.8067537009763  124.5799131832503
-65.50408393802293  990.0975582816385  123.25833653885276
-62.68955007972941  977.8827009662842  120.83842765565043
-59.33822641325706  966.372243590194  117.10709218734188
-55.67117155059996  955.6150591717918  112.59426394556777
-51.86969090053502  945.7556469638605  107.19762468883289
-47.48892798526804  936.8170086217211  100.72253550203072
-43.07306674117368  928.8416011642315  93.59583749742798
-41.49829657385422  921.8977761889748  88.47285616515016
-38.93399366892887  916.0721246388225  82.19543094362619
-39.11580497121998  911.2527615722015  77.95920927150848
-38.0788757488056  907.421310898244  72.61792425840545
-39.81269609112279  904.5105105578093  70.00174507170229
-40.347231695803934  902.5565329820065  66.05565669036157
-40.34984881729765  901.3898625811355  61.5187291544505
-40.298579763968746  900.8270173239246  56.568374930803536
-40.08393288962484  900.7470330428899  52.07558601321542
-39.93513653222724  901.0564845609706  48.08084723256667
-39.661224087365305  901.6599000613659  44.37761312767472
-39.39819513631046  902.4731084462858  40.78914318233886
-39.21226873868708  903.4016316794297  37.6401155608249
-39.07723532927687  904.4186409738678  34.875232889577575
-39.01987875923337  905.46953571524  32.64767874912284
-38.93454891260914  906.5388721095237  30.691664938692362
-38.861340297014614  907.5675548655435  28.966405477569566
-38.80487706710264  908.5539719179505  27.545121858223403
-38.769066170654575  909.4914956977657  26.377130895398217
-38.760353463326794  910.4102487882529  25.442533583625796
-38.76794717633847  911.2966154223797  24.710723719188668
-38.79672227180463  912.1509445864865  24.13031419175071
-38.83758533115339  912.9443195516044  23.70335140602335
-38.93488311415973  913.6795680058111  23.383178224498344
