-30.97511477057511  927.8097269827193  35.30249817768213
-30.92973583194707  927.1193048098869  35.50068495974472
-30.76883683994104  926.1869489290868  35.48190503290192
-30.402307971358947  925.0573261665114  35.125384348856855
-29.78859728668047  923.8395022129731  34.22139927933831
-28.82216958756283  922.8309748876472  32.45885259981549
-27.432992939686297  922.0629933757631  29.927573402582162
-25.662764828153698  921.8068394464976  26.116982995436846
-23.62250207668028  922.1641820111741  21.56639510325371
-21.366867614845447  923.5428677417569  15.745697322553315
-19.05601266836607  926.1042621828549  9.35505566545519
-16.700852853466476  930.0373218447558  1.9925571861601528
-14.436676073938996  935.3965904033798  -5.621235465892598
-12.569186270287158  942.2084417729902  -13.290407648558778
-11.113649594488018  950.4186029932173  -20.525893742535338
-10.30938187319334  959.9442161496498  -26.85476087567142
-9.963148420671747  970.6007466454992  -32.360434068312244
-10.390416391572407  982.1884497455922  -36.6383543501213
-11.541797643776583  994.4498946633686  -40.02238108564988
-13.495096740462763  1007.1140887746658  -42.12022101528627
-16.197704008709607  1019.9020994973469  -42.31718854938014
-19.62595415064914  1032.5188224158092  -40.607032008593734
-23.920620616896315  1044.653544387098  -36.79561687612892
-28.8268966450618  1056.0104312172862  -31.460661284379867
-34.481534145222454  1066.2481107865258  -24.269106059221112
-40.46797157081742  1074.8698135380082  -15.739884439712974
-46.955239766080894  1081.952527793091  -5.771913333504574
-53.68629409300986  1087.0944409652511  5.011069500881569
-60.56495290252405  1090.3493030375203  16.97525554800788
-63.224511497206834  1091.3159995150495  25.815128277056353
-63.07141363495488  1090.927023106115  32.89113981909103
-60.74681056484707  1088.7670243021282  37.54936122644153
-60.38436775063033  1084.886436365758  44.5182951714348
-60.572689625801644  1078.7722482908214  51.92029800525395
-60.27474123769572  1071.079841447484  60.01446556240971
-59.69200518181934  1062.2154216890383  66.59948459807887
-58.32742423845864  1052.4280177619037  72.21760182045236
-57.150379629300716  1042.0205306943758  76.65456814470372
-55.675024739134514  1031.0831612354527  80.31733364136232
-53.77021600330112  1019.9150903535317  83.05498959587587
-50.862952349001795  1008.7763689667879  84.23221797505914
-47.517055619899594  997.9267836265063  84.44752814718167
-44.11077679257971  987.5754543595818  83.49551331302284
-40.919102937989585  977.9069598177325  81.89133683406274
-40.727805337846476  969.0991233905174  82.09915898315029
-39.17094331716464  961.2717375201408  80.47006196905959
-40.193273469435  954.3297335893099  80.58702368705964
-39.86192384125192  948.2740729596603  79.12787142641939
-42.409988917648455  943.0187668471701  79.82252933903146
-43.65737520026206  938.5785052258499  79.36692568340254
-44.26538241743901  934.9340485802663  78.05363322405908
-44.71887079716081  931.956655900282  76.52940941999651
-44.899753896720284  929.6107736891536  74.62422451161363
-45.05364690365382  927.7315987803402  72.86279764726291
-44.9023381519045  926.2530465219866  70.96585768579185
-44.71780127085981  925.1365379340034  68.9558098110905
-44.4516825025374  924.2899466032206  67.05654550946943
-44.11957646570948  923.667030441088  65.17241464565353
-43.78986253683313  923.18986378508  63.583263662408534
-43.47196549098055  922.8494919106723  62.14737153930173
-43.308164658365044  922.5958875842581  60.99797195849047
-43.126709644303205  922.3825306655399  59.959660070665464
-42.98890906827393  922.1734421108297  59.07057262518997
-42.823798471719485  921.9708423195475  58.28735486481952
-42.69778144014277  921.773276511356  57.62148157371464
