-31.67252076355263  924.4078842198538  18.659903154037217
-31.031435332915436  924.5777885497548  17.630034732893844
-30.194673678455054  924.7877166089553  16.408944284648836
-29.279089620450776  925.0807679578003  14.883618109549593
-28.175568666112433  925.4570478662571  13.102517903036805
-26.954146507685792  925.9431519003276  10.984828485520787
-25.560220225702437  926.5367116103869  8.570216826956234
-24.068835962300813  927.2783507429659  5.816234613714032
-22.48189637278153  928.1874812597173  2.9539535423471817
-20.780585341822874  929.3205804224568  -0.3494074535531202
-18.98031626378668  930.7101482419819  -3.935733998126861
-17.07473929579929  932.3879690346885  -7.978020683582816
-15.125383779561398  934.3428599627263  -12.102570622400197
-13.150927019218972  936.5834598651963  -16.502536026914477
-11.103336400023652  939.1063909408813  -20.967910098072185
-9.09414250729875  941.9366897556843  -25.705869803637068
-7.076610262737758  945.0780974448971  -30.427842779325843
-5.105655483605066  948.5432597461732  -35.41743066629372
-3.288462946610524  952.3471509691041  -40.231529671780415
-1.5125678375344687  956.4827923570925  -45.21641800238866
0.09123344527667898  960.9987900341189  -50.06209911542821
1.7425291393486075  965.9064288189231  -55.06892465440211
3.204472164609403  971.2473589906765  -59.90113888878665
4.550216308136212  976.9809751462395  -64.87747629159826
5.755558714979554  983.1103056683814  -69.5279847440755
6.834021284043807  989.5647073322924  -74.19044258678635
7.738134513889699  996.333721994564  -78.43177089570611
8.440167935707334  1003.3628586415192  -82.6327679258691
8.969891032094576  1010.6850210978745  -86.24898030550442
9.325048185089372  1018.2748143418289  -82.47181000099269
9.4368607438531  1026.0120154260098  -80.97306462998233
9.32431582632926  1034.0422914377245  -80.43727562131934
8.964270015384205  1042.2354876181196  -88.02128326827099
8.416043875343814  1050.6413287401947  -92.18322058919621
7.558826880749969  1059.0451046954847  -94.4860586387202
6.456320918832544  1067.4855159896915  -95.39456221843612
4.989158553204975  1075.9266410601517  -96.49611879199286
3.3361717940644384  1084.2619972629552  -97.61994418832705
1.3804258277744672  1092.4404234685599  -97.76696167833404
-0.8122186406717009  1100.4399853096056  -96.69833856447629
-3.2335550308494097  1108.2557953863704  -94.7417221801958
-5.943433812059654  1115.8607678109554  -92.64178005041575
-8.859179357717732  1123.204508654806  -90.34509845771862
-12.187605126690503  1130.2523975787872  -87.23429011639256
-15.769583620998624  1137.0003693425656  -83.00390667114988
-19.59707074353949  1143.4607548466856  -78.21154593448406
-23.60226158262575  1149.6844122792252  -72.8423880287701
-27.58034567894651  1155.7140053377589  -66.9704027760644
-31.87251271910011  1161.5613174231278  -60.03921119085763
-36.424867793151314  1167.2155699036703  -52.660756700165756
-41.3575923146704  1172.6566449738084  -44.49363121629274
-46.37683151106176  1177.8632812396988  -36.10522325151882
-51.36510350211626  1182.803652359758  -27.193786779362412
-56.40183010501248  1187.4331457375079  -17.877369017274667
-61.374587028251526  1191.7271992768053  -8.068481995576803
-66.45829668263906  1195.6662529484472  1.8616184674968181
-71.50405585363514  1199.1839164452772  12.210199427970513
-76.68146489645682  1202.1571208459743  22.792518137906683
-81.84480432074938  1204.6061544067516  33.921886752565314
-86.9965823477165  1206.499805490407  44.97301347379531
-92.09981676264962  1207.8577062671072  56.13142653246683
-97.04917552265093  1208.5791379319398  66.96027304058808
-102.0671404812779  1208.5785656177725  78.01420599216527
-106.77390992938052  1207.9009087142472  88.8426632239476
-106.88110663045944  1207.0768655026843  95.89214028287039
-103.9862632283023  1206.3381605042189  100.18198050900477
-98.99053419275889  1205.1288922838578  102.51201694357201
-96.75003710464738  1202.9415365778475  106.421432431445
-95.42957065913106  1199.5149829478569  111.69691386135497
-94.20745034409988  1195.4830422270581  116.92160425353089
-93.33650960517994  1190.711376817605  123.01463849986347
-92.78484948822715  1185.392616356778  128.2568007487208
-92.86597677516068  1179.3926693658932  133.88117497436437
-92.74530317147484  1172.880573464399  139.0069252922293
-92.77175939176782  1165.8725847789667  143.9850142210886
-92.80518903835132  1158.4665525979551  148.4432679670333
-93.00420815499774  1150.6370620704988  152.61278540042954
-93.12315908209405  1142.400742784714  156.56007598189314
-93.20820322983572  1133.8341519620667  160.08695610783423
-93.16690342463083  1125.043961774275  162.96406058478485
-93.08197127248872  1116.1100338986887  165.20086763024688
-93.01045297363088  1106.9766565612804  167.19837321314856
-92.80603334939752  1097.6414683726282  168.76413637723846
-92.51358545702921  1088.3052840711173  170.10179158290663
-92.06297218855339  1078.9156630847488  171.08439789229067
-91.3626431981062  1069.6782507485577  171.6064697432289
-90.63867289583963  1060.3692153547915  171.80398360110166
-89.40041251111575  1051.2799539539806  171.2766248995958
-88.33120103133052  1042.2897034016496  170.66543221489044
-86.92573710311818  1033.590160817966  169.3170060438884
-85.64777671743879  1025.0745067846183  167.99081456283815
-84.04017665735536  1016.8641075391258  166.2283476652893
-82.31183337754481  1008.9592265621676  164.17622192331277
-80.51194023584846  1001.4054856381908  161.7697665512774
-78.4496477614132  994.2265796677585  158.96918459332576
-76.26303159370008  987.3960257739826  155.9586281620054
-73.89362870323272  980.8945256476532  152.5455273619013
-71.4299364589674  974.6813929112193  148.72058857397784
-68.88486184414523  968.6725062048506  144.77575565531095
-65.96828479518233  962.9892050256831  140.19138679331516
-63.09796942440347  957.5767769454236  135.57017581831383
-60.05804065324139  952.5340220918537  130.5933992753524
-57.01136064699247  947.7962753973787  125.64654826453375
-53.93595292049561  943.3879632081487  120.51628472585325
-50.59230005503941  939.2968003335611  115.08530485967103
-47.37946871252154  935.5358897470458  109.55470874296553
-47.310017436036304  932.1073263472485  106.659400921047
-46.08999506513566  929.0471593791729  102.7384593455088
-47.50960332052856  926.3138673768972  101.0934560275057
-47.39835409709518  923.8071472729907  98.13525608864975
-50.016649653133406  921.5670847029195  97.41719062899084
-51.10124992110052  919.6874367286537  95.67382394286902
-51.36328831767104  918.2425574013292  92.79578423465928
-51.055602392206715  917.2345655915988  89.35912049033433
-50.28306142265085  916.5904139621866  85.10958004818791
-49.20594733834531  916.359694798336  80.94836041813018
-47.8039424239968  916.4480973102629  76.52745326677258
-46.18465073685884  916.8424348829642  72.01888655726053
-44.451096414257314  917.5114383181685  67.46052459758569
-42.75430266701365  918.4066324089898  62.94100998599211
-41.13199357255899  919.4411647148402  58.64859922821764
-39.6655834768357  920.5102247044032  54.69610220447857
-38.27240335844056  921.5379456286707  51.207855446691816
-37.027766686138285  922.4972469718841  48.04107693287073
-35.869428970123394  923.3685493035985  45.22458772478136
-34.833154383012115  924.1580714154246  42.75003056713002
-33.88287235931875  924.8689910029976  40.60898123449406
-33.015496094629135  925.508016790322  38.732125238246
-32.26492356165271  926.0704469355285  37.12179383719027
-31.637532858592014  926.5833969309838  35.747482700230215
-31.13894959465059  927.053694134407  34.640295447161314
-30.7248509961054  927.4964219742798  33.75252993216523
-30.401155763203732  927.8882070956901  33.06275226937413
-30.149130971775552  928.2388533838609  32.534765273265144
-29.980894898040912  928.5342016899026  32.1364564527745
