-41.63122795007857  904.7863357871809  40.262168122782164
-41.30396758463052  905.1437523413721  39.41910789054161
-40.93487680874909  905.5333864241744  38.46315670785861
-40.47323708616668  905.9468290046972  37.329141111761444
-39.961023507451394  906.3734690681299  36.068548440805486
-39.33703611713453  906.8007340781943  34.64085378421866
-38.622221013016535  907.238081364571  32.99709636689823
-37.751389191564776  907.6887212424708  31.113103051442806
-36.75362486441674  908.1736680947579  28.907829344390827
-35.599231836697996  908.7020192310155  26.4848254984695
-34.33789062785382  909.2990817513762  23.7720141056775
-32.954957816693735  909.9789689605238  20.848689745859858
-31.46309791715338  910.7747136600182  17.58094664323006
-29.87489000785196  911.6901514622116  14.159557767203468
-28.15217415078136  912.742878133143  10.58856297005505
-26.387233565041782  913.9444754959092  6.794769179003242
-24.53012618219028  915.3552297139757  2.5932109131689605
-22.697448102877345  916.9989260581572  -1.781110815917402
-20.80682980109284  918.9102213579246  -6.2856217483108345
-18.972564012747945  921.0838025948887  -10.743263062750124
-17.134052745493772  923.5638556526069  -15.42339506685077
-15.324496118050272  926.383430672194  -20.10544034758252
-13.529735160032772  929.5821082919714  -24.855255130176456
-11.6700659746772  933.1614085711983  -29.659036044458837
-9.970578016375246  937.0992757228574  -34.70300970647734
-8.322661891828659  941.3951073638534  -39.80045941194324
-6.855032902620518  946.0398725777593  -44.908506955079794
-5.432225530691799  951.0481478159551  -49.884554031016954
-4.136698802024177  956.4101302564532  -54.981986143622024
-3.00099741794255  962.1338142171098  -59.986389156017424
-1.9910516931384632  968.1785440288915  -65.12053408720993
-1.1219449433021884  974.5454561120213  -70.30555729661828
-0.4035391733873972  981.2319865538038  -75.16196921431057
0.189872258775653  988.268328896035  -79.65357073722228
0.6662157413756319  995.6016787259828  -83.95458131142232
1.0561292612904045  1003.1948617895919  -88.26472783084792
1.145555193094013  1011.0139390096795  -92.19336954880268
0.9782593563935382  1019.0656368718866  -95.46426733032573
0.550862547616155  1027.297543161647  -91.35557176357761
0.009680733721217749  1035.6772449448486  -89.59994297624702
-0.7968200384855839  1044.1962282222069  -88.55476997653761
-1.9462543884575825  1052.8579740262835  -94.48424709709258
-3.242665011151532  1061.624715903359  -97.33830709180069
-4.625825244594665  1070.456813282293  -98.64829596257101
-6.240393493621018  1079.3198595473739  -99.52908531273815
-8.175463022038798  1088.2278738726898  -100.13287421925266
-10.361381769982948  1097.110817079  -100.36250155681859
-12.698469942673619  1105.9041099605895  -99.95035426789762
-15.218212059113881  1114.5036342177432  -99.22133053990976
-17.92791078592878  1122.8953868346744  -97.6482004870771
-20.726812947467252  1131.0527652455871  -95.44573850886948
-23.66215931314581  1138.9692641671993  -91.81087117007158
-26.70248613104117  1146.5860075532241  -87.98989437172818
-30.139995779587114  1153.8562572523033  -83.060503384707
-33.727294494646266  1160.7309601316235  -78.14323586530665
-37.61240745823595  1167.2002567937423  -72.42439203758536
-41.37516989708204  1173.2490432372617  -66.59452372867486
-45.39297972007407  1178.9040281210193  -60.040899548500256
-49.46555604370318  1184.138705691994  -53.25848794559676
-53.749608576717684  1188.982436746955  -46.12178804070799
-57.992321711976615  1193.3961088238716  -38.70628345013316
-62.3762218686942  1197.3911778276376  -30.80834037670163
-66.84839311514571  1200.9581446514348  -22.202970432704973
-71.47590216452966  1204.1072467177366  -13.297392655730565
-76.311672054633  1206.8074705959543  -3.99047699449729
-81.1674303643724  1209.1016123270792  5.583275761279049
-86.06561994592188  1210.9680002649802  15.397693412705575
-90.93331970557533  1212.4079968196481  25.612904636381472
-95.77947052937904  1213.3893033406748  35.81627552001728
-100.6302640749852  1213.9009854185422  46.437873666985766
-105.25344432752922  1213.9854247713656  56.844800624671144
-109.82598607292384  1213.6311638269015  67.17122473259515
-109.64903608879908  1213.3924155221416  73.52487052258134
-106.56682757420205  1213.0814772349534  77.64034032085632
-101.38421561105494  1212.7879864717381  80.19253482721122
-98.83452550618865  1211.7287553533877  84.5711980972394
-97.34042381758358  1210.1252123011402  89.74181121881043
-95.82602387941604  1207.86308086042  94.91277562333732
-94.52871152511815  1205.188764027705  100.35943001093185
-93.62039379242017  1202.0333873767988  105.62331247219126
-93.48198781509082  1198.3251374899314  111.12883842781379
-93.4394689162036  1194.1246477569994  116.65612721913558
-93.5652512722811  1189.5307021889816  121.58829796917621
-93.59255811826424  1184.450429855052  126.78430076240608
-93.90560550490751  1178.9973255834705  131.33144960634036
-94.1956288127184  1172.9766928593044  136.39140174810902
-94.58412039054684  1166.6783747804761  140.36384716314592
-95.11304844983977  1159.9302906584107  144.5602359061472
-95.44466165953459  1152.9474517170893  148.04810189826858
-95.64219741469338  1145.775679449844  151.17955204025137
-95.61153290341663  1138.4380486831406  153.82646984449025
-95.78601685225391  1130.90004316112  156.2348333565379
-95.94015619121728  1123.0456142087005  158.7237428807119
-96.05385328388947  1115.0108546524866  160.71772875253248
-95.73865854943384  1106.9057675194115  162.3949889843155
-95.40914547252639  1098.7309785281075  163.5475036023235
-94.76785791866511  1090.5753572587282  164.25134532205266
-94.29657192696651  1082.3649215209293  164.72620869274203
-93.46759951893517  1074.3043849349579  164.62211441924575
-92.70506217331588  1066.2904387202668  164.62353887758496
-91.60805037630114  1058.468047620374  164.0506976142436
-90.61878811427297  1050.7423062569069  163.40803186573362
-89.34113638872395  1043.2353623816794  162.07777768369377
-88.12716482144363  1035.8585349892733  160.64406630756272
-86.55154198425718  1028.6982112460626  158.6939952936023
-84.99456471062484  1021.6807040617871  156.5689448456045
-83.34386612741532  1014.8549436169636  154.0668069995246
-81.60313237905811  1008.1937895369707  151.5672863912485
-79.93156887784988  1001.7463366813822  148.8311374796928
-77.85989913490066  995.5567968928959  145.6878826262091
-75.9603619037311  989.59598259875  142.24359354278494
-73.57928742786939  983.8825961658704  138.39893462993248
-71.34191284042615  978.3804489844837  134.4394318337335
-68.73882314809715  973.1293689154228  130.0838937640441
-66.20217980687806  968.1332566946778  125.52883654958801
-63.39608264087523  963.3978704199005  120.63534166501037
-60.56638323301825  958.9367101475445  115.48470380528855
-57.51730370866186  954.7251543952536  110.09184207720804
-54.46220319219132  950.7715363215998  104.53794835764239
-51.15468682270309  947.0769309973721  98.6735679318422
-51.206950449681216  943.6341727852089  95.51010322962397
-53.17397992578197  940.0717855808724  93.87286805020064
-53.301687012377435  937.0145018850384  90.55374783081464
-52.539777112841875  934.2889275087615  86.41898411251549
-51.4783696966732  932.2935962509066  82.00773686312462
-53.78069672779446  930.4127718294735  80.44602768265993
-54.555574410996115  928.8071995225065  77.7729203017894
-54.40453787789789  927.5258714214608  74.13517955198802
-53.749873314212934  926.5345833166386  70.09732918900968
-52.93541775344682  925.8283365426232  65.77935319857146
-51.99968301054353  925.3135390790878  61.605664615502306
-50.72418917088716  924.9731749852896  57.311241982107596
-49.28074314087353  924.7873569181376  52.973850192147374
-47.820451673745495  924.695222605222  48.86487102216729
-46.42647121868706  924.6355262662951  44.97556125131201
-45.07592827684209  924.565070606754  41.482672257904575
-43.75608856012941  924.4890370477123  38.185024213204855
-42.4390994837847  924.3947285555151  35.19685011709201
-41.23250602664859  924.2706581351874  32.40938335771009
-40.04056982076149  924.093582576433  29.955767024652943
-38.99126964602079  923.8859971152002  27.727417371320563
-37.951135067168124  923.655940428756  25.81206676049756
-37.06390588054796  923.4203396013866  24.13470539140915
-36.19890193014337  923.1866222321203  22.704927925698787
-35.47105579308022  922.9740989942371  21.471491746697378
-34.814830477120054  922.7894622964625  20.426031649452934
-34.272285956007465  922.6336191941203  19.558438684219478
-33.79564500461238  922.4959252897909  18.87076292468472
-33.37600733262043  922.3728766258415  18.304853616344165
-33.02136569543007  922.2737693625565  17.91203432767483
