-29.668190020379114  916.4154106314625  37.77325280828178
-29.40804939840169  917.0198897364122  36.4291020799914
-29.144126197713113  917.6761154545538  35.17591766509548
-28.895632733475423  918.4053598845204  33.76008929020536
-28.662251665615067  919.213157626369  32.44742392989002
-28.37152225194805  920.1650779166647  30.933919096683006
-28.091535405894167  921.259922577315  29.571522132733158
-27.690463281830727  922.5264516824278  27.83339813932588
-27.345155792345427  923.8912174609121  26.26932269860468
-26.97099567470418  925.3846284079609  24.348736499654592
-26.690286550840316  926.99001850566  22.628297445875162
-26.312890838201852  928.7784910792845  20.592273977024185
-25.88261551724031  930.7427046420307  18.572519157560563
-25.37917529666651  932.8831687619811  16.367099072339897
-24.86485510970665  935.1697939246149  14.035414067306801
-24.281057539081953  937.5824271141965  11.594646113263327
-23.654950912612158  940.0967531902635  9.057048546686847
-22.978104921913445  942.7214034541358  6.415729582144679
-22.27054109749759  945.486508305649  3.642062960217693
-21.53785307260147  948.4165144986075  0.7100673087024179
-20.748189317963323  951.5038658203565  -2.28951943612313
-19.9540452903235  954.7203119086266  -5.462271254796437
-19.132241962537417  958.044957998422  -8.691477354981847
-18.334589467615416  961.4718560664577  -12.080069972122661
-17.49399176388014  964.9889395365587  -15.600326713665208
-16.675044225289973  968.5647901663027  -19.173933216461162
-15.846220713705808  972.178549459546  -22.814663939003413
-15.067273266628595  975.8298804034109  -26.379316399529284
-14.283342779639991  979.5408569540344  -30.035030030097715
-13.557605518643063  983.2888870649815  -33.7263341623446
-12.887683762988429  987.0539080060345  -37.43901809342952
-12.281976042700734  990.785222736001  -41.12758532805057
-11.713315733825102  994.4974818955577  -44.70182337668146
-11.200465317224664  998.191594582076  -48.31654187382548
-10.760536071922747  1001.9328367855813  -51.74094710429145
-10.424231416082709  1005.7225805006562  -55.20773922203482
-10.132463860219493  1009.6159145624841  -58.377380363110476
-9.93686160615934  1013.6194510407945  -61.42203174249297
-9.81595196520112  1017.819872183949  -64.1499702882194
-9.768562033698178  1022.2086693841832  -66.83213896501864
-9.743906810170104  1026.8002484590083  -69.46945019760955
-9.81409873443103  1031.5443444538025  -71.94761544455638
-10.041808818707471  1036.4602731902173  -74.23596320473712
-10.411292295275988  1041.5088009588949  -76.33861020001763
-10.956836586535347  1046.6891545557633  -78.37531593899241
-11.479748655639991  1051.9736027022109  -80.20361406073914
-12.17327351132373  1057.355509482611  -81.79084060613035
-12.862439733435316  1062.8038551112122  -83.04894543882709
-13.808259722776295  1068.3114903513365  -84.10046046808833
-14.707408276213835  1073.8843890253916  -84.90265375159717
-15.863806362423645  1079.5330933340954  -85.33711691567277
-17.034114700771603  1085.221079663081  -85.48832102253945
-18.56673422445259  1090.9517509356397  -85.26000432459061
-19.988152910829747  1096.687087913693  -84.88292081031105
-21.552572059336427  1102.4766126089876  -83.77064785308889
-23.059527282226753  1108.288515556937  -82.68202074077536
-24.75181002220214  1114.1580558347923  -80.97665846891317
-26.547395562380956  1120.010965356256  -79.59102583720988
-28.292205479621998  1125.809492158833  -77.9240695262873
-30.21977342572103  1131.494367689476  -76.04025536578432
-32.19120059651911  1137.049212074537  -73.61455936737124
-34.40958763580565  1142.473899139237  -70.70792194569573
-36.54872483750609  1147.7514670522924  -67.32935388029355
-38.69009999689674  1152.8821672642969  -63.876055260679024
-40.91135906155608  1157.85746415248  -59.94306947747799
-43.14649276603546  1162.7239262103553  -56.0132049914397
-45.573567912225  1167.4542904773327  -51.478183694448255
-48.02941869677743  1172.0466768945946  -46.621656913042315
-50.71424455418634  1176.4287156248824  -41.39671116713591
-53.47251987384754  1180.5962841699557  -35.99983259294303
-56.47072010038397  1184.5189241721403  -30.18460420737615
-59.51527989217753  1188.212623917363  -24.274028609368205
-62.6816675146716  1191.675065597367  -18.0633581612332
-65.96588211690838  1194.8732141852138  -11.912129717257065
-69.36627068724863  1197.7794515052549  -5.221384411022203
-72.94451041392377  1200.3744599221673  1.8118884867178995
-76.47946757811624  1202.6817018909207  9.209380448479653
-80.31099641385858  1204.7056491376154  16.622855830710634
-84.15566515125694  1206.4340908301465  24.288301329703614
-88.09335628055051  1207.9026879107632  32.0483239605737
-91.99326197971325  1209.0657799614517  40.14765525702319
-95.87710592543694  1209.981651216362  48.08889060331135
-99.85949321885202  1210.5763448820423  56.35747762266531
-103.6945440694762  1210.9031068500958  64.45235672165964
-107.59795393425361  1210.8646838525895  72.86431927065415
-111.32868489096651  1210.5082208453175  81.05802868441421
-115.04873650487318  1209.7878384558007  89.32944661283808
-118.57992282730271  1208.7602118607308  97.41415486402892
-122.03676652835904  1207.406420233067  105.47555326919937
-125.42067058571938  1205.7288594059382  113.24504158764185
-124.26506010465259  1204.3563876001067  117.2261562522653
-120.20239947511335  1203.0591053194553  118.79616126074667
-113.96902870576838  1201.946138677412  118.65259262298525
-110.3793629327641  1200.0775357794973  120.5662071084798
-107.84290741690849  1197.6926533478013  122.99544602588988
-105.39462203643212  1194.7399150905342  125.56725329942087
-103.18395247321705  1191.4342435268375  128.4193475396903
-101.56075719563626  1187.7612483027601  131.70201457455826
-100.66855175686975  1183.624249505929  135.3638198185049
-100.06960273488295  1179.1764137217326  138.81582640725802
-99.42081127462976  1174.391483768474  142.50765645492905
-98.93515680440446  1169.4144673532167  145.99719434936756
-98.6941027208029  1164.145082831514  149.7901964505772
-98.53171778644874  1158.6894371476083  153.13856918507958
-98.35691716514609  1152.9642106028182  156.41204785590142
-98.13149184392898  1147.093685212954  159.28825678698183
-98.00439154009139  1141.0153978935139  162.35060432848846
-97.94808600705225  1134.8644767110509  165.10122182587855
-97.92986954283343  1128.5064384459931  167.92798999779126
-97.85212576238152  1122.0716261082912  170.2195325993802
-97.80077777453594  1115.4583030464753  172.63803069231503
-97.74251129711182  1108.7607052756657  174.8572474304817
-97.73073926673936  1101.9039436984344  177.09550031823085
-97.61744498670025  1094.9324895718576  179.12867387977488
-97.36742719843362  1087.8822584625905  180.80372061502283
-96.97103637794012  1080.7021250068778  182.51175161697816
-96.51483357836565  1073.3883027519282  183.95750923256105
-95.99572517602238  1065.973939936461  185.37783445782097
-95.40003616468276  1058.4087144662142  186.35435372526973
-94.65376499943056  1050.780967578009  187.2772674559566
-93.8233329745552  1042.9547774674363  187.86047018607331
-92.62227879913208  1035.1901002750062  188.2261937572102
-91.44066551422787  1027.376108715391  188.32783807279137
-89.88863568150357  1019.7247748127572  188.02155539966267
-88.49567774610617  1012.1148898560749  187.49421310896176
-86.59312358944061  1004.6789263908332  186.4069688155874
-84.72281054130129  997.3534937562579  185.10328864427666
-82.80858950907243  990.2244979414144  183.31537050515996
-80.747264883428  983.3004090946672  181.36536205920606
-78.68593153366857  976.704954629906  178.93119414164897
-76.08752600711385  970.4655652266348  175.9564855207349
-73.66270643432301  964.56954133111  172.4682963588783
-70.90142792095074  958.9781010279664  168.69990482320352
-68.32046659743553  953.7099426637856  164.81417786295896
-65.54342206168647  948.7914356099255  160.59484608842808
-62.73169762768871  944.2149319824279  155.9123250817755
-59.836845455260566  939.9277453269019  150.84953002690554
-56.86410383287775  935.9397520763758  145.51064798540895
-53.93002944686862  932.229324707427  140.19111213068462
-50.94945467804777  928.8503412128822  134.58779891415034
-47.98963700509294  925.7369206632519  128.7685907673656
-45.030784677268464  922.8726742483549  122.56803897806437
-42.086993830019445  920.1124416135365  116.54633422195923
-39.23397832966215  917.4989628056817  110.41389925152802
-36.29696181501134  914.9782925679633  104.37379526663344
-33.40182645713179  912.6588089873486  97.94508406069383
-33.79685301363665  910.5057487778607  94.42801759735987
-33.12092619318267  908.5653080940489  89.90918798727179
-35.174077869828075  906.782255154113  87.90057267668587
-35.75515056547381  904.9337904476668  84.6868498392056
-38.99458039834413  903.2582333076299  83.75821302796462
-40.86026913552691  901.7616766601649  81.97559130512347
-42.0036540226382  900.6550415517029  79.49824853421892
-42.95553337475765  899.6714588589097  76.95052142289981
-43.53438493709259  898.8012690095093  74.05854664117655
-43.914480108544936  898.0953424234897  71.27930286642292
-43.89010519732004  897.565291062972  68.38426172123022
-43.72959233004418  897.234440363323  65.36993127324355
-43.478522243469925  897.0209752147755  62.50301574062163
-43.21978110205895  896.9049847592587  59.73146628033685
-42.90885637267975  896.8308554779774  57.28270773523189
-42.5868847806966  896.8121183597883  54.94625471883302
-42.25645147861868  896.8285042718904  52.891591843533355
-41.97926237219049  896.9000072604613  50.97220566481959
-41.76909920078056  897.0007512661721  49.34109565534434
-41.566473181870755  897.1383783295362  47.88630270222028
-41.40937207989464  897.282556185981  46.66074669809382
-41.253686578231886  897.4542209142551  45.619315258001414
-41.150627758652284  897.6362254945508  44.702020716059934
-41.04990820344439  897.8471690238118  43.935001113089974
-40.99246083951956  898.0511599935169  43.290813607808175
-40.94108930209675  898.2614364515144  42.76777368975666
-40.91055001151264  898.4528227347063  42.36656392308952
-40.89325553149305  898.6453317122626  42.048771756225534
-40.8820294235083  898.8166387394765  41.813283136246234
-40.87733782601629  898.9691668289347  41.60987738914077
-40.87583407432838  899.0913029958618  41.49298973680734
