-25.830615678753638  909.6361703840157  29.358302289653576
-25.861472276058628  909.6212952388744  29.45954939900046
-25.856627991070983  909.6186710053842  29.515965401358116
-25.809205057390763  909.6272026509221  29.502625040317625
-25.708570507103712  909.6642360117436  29.339006571123985
-25.560157813797215  909.7298394113676  29.11719083768172
-25.34485633067766  909.8535655397865  28.645427156185235
-25.074857212505044  910.0126143274005  28.213337000833334
-24.738354365184303  910.2476572426525  27.447427450767737
-24.327973028658498  910.5480665666188  26.713443627074003
-23.84974446885284  910.9591328859783  25.579896009067753
-23.321322675734795  911.4672008203046  24.449601030491007
-22.687171093866933  912.1224452303693  22.874020764779228
-22.01278470403717  912.9202553432405  21.332191860272466
-21.33087449639378  913.8931963558139  19.499069411460557
-20.61473792986069  915.0552663294633  17.599212984508874
-19.81603786248667  916.460503009899  15.321266731439016
-18.907509135830654  918.1492545335982  12.894425156557515
-18.014508516076123  920.145954446502  10.247172993029803
-17.13518636758099  922.4648280844095  7.460949609624471
-16.20778435147939  925.1112208004839  4.44040654689496
-15.326147404181729  928.0942913593616  1.2490139796932205
-14.430970371893611  931.4137224030443  -2.1367253392750043
-13.56386187640148  935.0683958867252  -5.521893026254069
-12.668538208942149  939.0613760667529  -9.246810778664553
-11.800688389112297  943.3988620645459  -13.108796452200682
-11.01925635631641  948.0691497225537  -17.288463952087636
-10.283183362833242  953.0642070179528  -21.38635831856024
-9.569047074200697  958.3821425948163  -25.565856065970898
-8.899474261425599  964.0465959333276  -29.927450070935503
-8.287912124236032  970.0630559166494  -34.43776960746937
-7.767284116126499  976.4294688981624  -38.864233501877955
-7.282133361102758  983.1019837951136  -43.26616594560174
-6.844663810886448  990.0585183922587  -47.339812148981935
-6.458093527972167  997.240102866939  -51.511766659358315
-6.139453523790488  1004.6443537336404  -55.22946135791117
-5.871597804984795  1012.2316284607643  -59.0805532017164
-5.744735828592082  1020.0229234060896  -62.389184414196194
-5.666115224528248  1027.9828783574615  -65.5635399727705
-5.816341151233473  1036.112785853112  -68.31209595074408
-5.9941947541411364  1044.3562712263836  -70.96612986216729
-6.395596195434967  1052.7250484129763  -73.3254126751993
-6.832158869241239  1061.164900907003  -75.28263135938467
-7.558092949322383  1069.695510594617  -76.98043697753323
-8.237808827421649  1078.2584396242614  -78.07505360312857
-9.157679324445171  1086.8761088456552  -78.80150374717662
-10.085998395733178  1095.464251048064  -79.0451076078028
-11.383472045770453  1104.00602637745  -79.29841722437824
-12.800621692836604  1112.438542061256  -79.20099352000243
-14.485258035775882  1120.7251959945859  -78.33856771281108
-16.307430561820162  1128.8194780408767  -76.9922243515214
-18.302489841492033  1136.683274190279  -75.16074755206449
-20.47665064721189  1144.316689583056  -73.1440779200972
-22.895729472392073  1151.7304099837568  -70.15609088206207
-25.482969069836507  1158.8394934740693  -66.44835567731953
-28.27798294909408  1165.6054806590046  -62.10835729788309
-31.176297872503326  1171.9646059862707  -57.6680145411783
-34.37349937637973  1177.9662224607696  -52.70481491481752
-37.663069467525716  1183.602539070484  -47.65278366415755
-41.18534009191742  1188.8448177063246  -42.045612011919495
-44.68947684467754  1193.6491707353566  -36.50466314124449
-48.28385720662547  1198.0087944949007  -30.153706709164673
-51.93712699839074  1201.9469180584795  -23.54190323016297
-55.70481882614211  1205.4739425081932  -16.31760518208115
-59.668041120969164  1208.5645679379068  -8.9223980343216
-63.57001749960064  1211.1829242168546  -1.2294385371218626
-67.54413595646601  1213.3827684020418  6.677528788393467
-71.45882967519609  1215.1590901404345  14.684560475588235
-75.48805075979675  1216.550874150679  22.854223438807136
-79.38941200150359  1217.5208531059898  31.004597641418172
-83.2623962365704  1218.096726252  39.30774222588564
-87.0025230786916  1218.2966515063931  47.63275932126158
-90.84485771896979  1218.1143118944372  56.06661001287009
-94.6279962244415  1217.5619396136874  64.40774920503033
-98.30465565752212  1216.6665102965633  72.52954730080823
-101.74226361452443  1215.422604945385  80.65385850823199
-105.11623578676867  1213.810477282058  88.77668804352528
-108.56230112527831  1211.7722305040163  97.01106663380823
-111.93304280106688  1209.3594078302137  104.96427246142551
-115.18411737314506  1206.5399038572796  112.82925411847489
-118.26133633759791  1203.354878052369  120.47181622068325
-116.8795319904821  1200.3969746907421  124.28824968473965
-112.62498998469627  1197.8398368668275  125.45663863989144
-106.29933982649854  1195.132987662179  124.67087326565185
-107.08542413436498  1191.7038351411747  129.82036680368014
-107.14185763186123  1187.4420265516617  134.1757276080808
-106.55593149481602  1182.9583326140732  137.9798692658805
-100.80080019067026  1178.0424773544896  137.52419495571058
-97.19766659532324  1172.7051949154472  138.5268598662817
-94.94740100587947  1166.852858322106  140.26781733198547
-93.43239948981878  1160.7372362197223  141.93129196833613
-91.76757772206346  1154.3033749282297  143.6180629235243
-89.8320929379694  1147.5966302174993  144.91291838072976
-88.3791853126318  1140.6282618253756  146.53693193385718
-87.20017727729535  1133.3574451891166  148.0581871923041
-86.28495406122236  1125.8917310474928  149.7391134248439
-85.39239894514782  1118.2103179009641  151.23784423190745
-84.42435970740836  1110.428310772556  152.50183377045533
-83.51853286608821  1102.573895841938  153.670194444171
-82.47825184152026  1094.6366000940084  154.68850725796023
-81.56938105267338  1086.6896069571198  155.57772039116725
-80.46574005160477  1078.6738164458234  156.16990626195766
-79.48994856491187  1070.6467787639306  156.58227276571392
-78.12397892209981  1062.7179372628525  156.53854639012124
-76.98453117910125  1054.9314424404668  156.36772163336505
-75.67582847129889  1047.366210233774  155.79772218029063
-74.32847402362707  1039.9837731433558  155.01218115393107
-72.71760727012986  1032.7941227305475  153.75987676542775
-71.0390469832821  1025.7673269763745  152.25818726539197
-69.3944741159299  1018.9221681905648  150.4779086248008
-67.72756798303347  1012.314092659327  148.54208824873027
-65.7520646720003  1005.9892704625211  146.19878150728525
-63.83362100304696  999.9337526274168  143.6405003014545
-61.624096469661595  994.1407138645254  140.59416074345785
-59.53664890545903  988.5769859755444  137.3901624282161
-57.110449754150174  983.2683594486668  133.836802903643
-54.81389835053976  978.2106315473344  130.19736598550708
-52.27975368535719  973.4293104329361  126.25479029528482
-49.90176102064598  968.9002839086259  122.23288379451361
-50.77445796451903  964.6161889141384  120.85536405089557
-53.75590440940151  959.8565005314626  121.13125356623051
-58.12465439755793  955.2921106668122  122.50485480530395
-60.342388981560205  950.906375556747  122.03857148590356
-61.757607557648086  947.3854399472233  121.0173148222309
-63.036415343523345  944.0679494520479  119.70720154444555
-64.0292049377739  940.9245657692866  118.0373820280143
-64.65866290225793  938.0300789240147  115.82533183573727
-64.53627034034542  935.3720874561648  113.16257683954143
-64.05995701019359  932.9867051935922  110.18521575874618
-63.29253494176177  930.7615008493884  107.0577988758106
-62.23785239154158  928.7132010240558  103.59548316723124
-60.91975632326255  926.8078141809021  100.02013480963333
-59.30861600088812  925.103344838013  96.06846755637035
-57.642872083455956  923.533920760744  92.29538439597397
-55.90707534261375  922.123273956638  88.46851972562743
-54.183912517720245  920.8031968450441  84.94956770685454
-52.45041740849258  919.6153513226676  81.41197277430746
-50.82047229414633  918.5189134653883  78.24475226989172
-49.193566705803605  917.5570520438102  75.08393885908188
-47.703352783597055  916.6821072041936  72.33177504197037
-46.21209046371997  915.934585110138  69.51034858151324
-44.84784770696994  915.2550723932748  67.11880369084558
-43.506687369279604  914.6756300271006  64.81753430541286
-42.293082878671264  914.1361858473147  62.85420968485299
-41.14939752527973  913.6669538227527  60.99901203807438
-40.12112299299007  913.2260146500724  59.310005537587394
-39.152801934148826  912.8461283425644  57.83587159459666
-38.27776658754619  912.5096584612256  56.49566370756554
-37.46669073982951  912.2234807654912  55.329128632834625
-36.75054322247429  911.9688932552633  54.29648268883233
-36.12846843462361  911.7428475593272  53.43521464517707
-35.581804239827804  911.5401572979839  52.672136096125776
-35.11783240303768  911.3543990424113  52.06736225256692
-34.70585362997411  911.1886153650595  51.53231318006709
-34.36515686624219  911.0442340650056  51.15393655315865
-34.073323446713175  910.9145816662234  50.80994875104319
-33.82683582322437  910.7915784295855  50.54058490490146
-33.633374021148946  910.6605148210357  50.31841232631091
-33.47223872341285  910.5429442933637  50.17997277693516
-33.352878985092694  910.4397654094017  50.11037453904367
-33.249090374949006  910.3595055774513  50.0627308497793
