-36.80347017679152  932.6541729924467  48.79013893732461
-36.54036880102677  932.1197363207232  48.335732770180506
-36.21745697501568  931.5172507297474  47.8018155091173
-35.70381839435608  930.8930138294279  46.77108390330316
-35.05121703451519  930.2282824119723  45.639035125614406
-34.08944367271315  929.5726070355397  43.8191916556925
-32.82792385970336  928.9855469159263  41.62490074548849
-31.22143924203793  928.5626973028268  38.63373861740198
-29.395588400415715  928.3053943744616  35.205557630937555
-27.386290276173163  928.3473075675907  31.12884519689187
-25.136230931380414  928.8020253995431  26.47773514330155
-22.647509251213826  929.8696226950436  21.157744079252684
-19.931007850152632  931.5615484174332  15.33657352097321
-17.099432089916967  933.9441285567591  8.959663571419604
-14.244048101104626  937.1011865795463  2.1996146889798665
-11.421379429221059  941.1156452060407  -4.8246349995091355
-8.733613815201139  946.0246064318529  -12.04497964236047
-6.118601435699552  951.8224956489539  -19.336846232562117
-3.6979883588929177  958.498717802894  -26.367323326754033
-1.4266382800149124  966.0354064586609  -33.19968681402574
0.6064283351213027  974.4176364435504  -39.57654650190143
2.303075055664098  983.601082848239  -45.609672939700474
3.591423289522252  993.5222674002872  -50.96410603936797
4.329631005174978  1004.180288869204  -55.6125166714687
4.510942700683465  1015.5306727524926  -59.62372779268304
4.183358060770762  1027.5175185392216  -62.877706102515205
3.2947797389769438  1040.0044663011804  -65.11641439634192
2.04746913689105  1052.9028767327982  -66.49405400029711
0.1726297553121494  1066.1650778993621  -66.92836999541325
-2.032064863420704  1079.677014028132  -66.16147378590632
-4.815826021433725  1093.2388816875866  -64.07668903505922
-8.094899281709285  1106.6066145811324  -60.53158852662723
-12.084995659295064  1119.5570581161264  -55.535171292912885
-16.406937133818328  1132.0240307890426  -50.52082707948987
-21.265628244959636  1143.8288874002524  -44.073044327499446
-26.256121917652003  1154.8121090717677  -37.068224120198586
-31.846479029679287  1164.6843874947901  -27.903211005841
-37.49825462317554  1173.2270966089973  -18.47587982824272
-43.605833743660604  1180.4098576706062  -8.267671295158951
-49.86878569489089  1186.4252235308018  2.4540343028824108
-56.273250501132296  1191.2076155471204  14.040178506680144
-62.724448574067324  1194.6173226065393  25.958598210039987
-69.07909764211583  1196.435764495508  37.97011323702511
-75.34941076948337  1196.824810481322  49.93785287018359
-81.51948664771122  1195.8430420826614  62.0070171408514
-87.36448551681376  1193.5305319016438  74.24545374559753
-88.72273333127393  1189.8978339459593  82.7668744004622
-91.36730751967474  1186.1538728633866  92.37644642426497
-90.32275442624463  1180.1435364093718  98.65750932266997
-91.07542065677728  1174.4494896503777  106.42847137923077
-87.42568531416055  1166.8017455963422  110.61713690902818
-85.28305142945389  1159.6493598081797  115.46108605445701
-83.80102776203888  1150.5280380409572  120.81124251120637
-82.8739286204594  1140.7511086881536  125.62201077207403
-81.76329099629875  1130.3580802230013  130.27880407824955
-80.14401275748892  1119.4481790445793  133.67002160312688
-78.42768785977998  1108.062358225609  136.70031265863923
-76.77509062450824  1096.2032830277874  139.271007468537
-75.3212402323169  1083.9437886511414  141.40565715070332
-73.3884995587991  1071.5140823965148  142.56331497928198
-71.12602887911164  1058.927440168204  142.84640798253605
-68.44736064431447  1046.3877153086569  142.18188877996218
-65.5818388673813  1033.943481194038  140.72492954512757
-62.580647897740434  1021.7514534648195  138.4075948047014
-58.84853898091837  1009.9303790665293  134.95756826145114
-55.31886915868328  998.5732624002811  130.8774299217223
-54.59964631862974  987.8552389292907  128.47254141412057
-55.862103902919145  977.20154188187  126.95861549339035
-58.04456165736137  967.2766732178488  126.50313373692322
-57.94404912731399  958.1644569369776  123.26083360345093
-57.05130552061344  950.5164129207836  118.63008114620092
-55.72431331585471  943.7039317358464  112.64023867426073
-54.033923065507835  937.5821108366658  106.54461195677827
-51.78635508583142  932.1654982060154  100.29111226470177
-49.21183726439017  927.423730079536  93.81802895567408
-46.603308781524696  923.388246722356  87.30481224970197
-44.063850439138605  919.9340515725524  81.00255113763961
-41.59693357954909  916.9843490521408  74.85855894556195
-39.25349376880424  914.4793900790752  69.25350256915992
-37.00571797917585  912.4076371882076  63.86866810721719
-34.98393081852406  910.7374018267915  59.00763575116007
-33.05966882314898  909.4155924648459  54.35497606384234
-31.32750062115027  908.3652175763826  50.204649429617675
-29.682315251350424  907.5786211419128  46.231095240124645
-28.227054061668696  906.9932437747676  42.69752657399525
-26.885449196980304  906.5995783480876  39.3112301323425
-25.713363744287335  906.3314866632496  36.3947848049903
-24.67696610942963  906.1916721880501  33.643984147633795
-23.79327667046455  906.1444390145084  31.329709112385814
-23.039776597853816  906.1990212485828  29.24213384641846
-22.407627664876955  906.3084996828098  27.49632863047136
-21.875995723364035  906.4628960996502  25.958550005237466
-21.44958065824862  906.6161747792002  24.62314240526836
-21.112738601850996  906.750344478094  23.497927749972682
-20.837278468274306  906.843561723542  22.47988548592104
-20.601274139576866  906.9032205329121  21.654181237733862
-20.400744948914358  906.8919425141748  20.959160087079177
-20.247859852108142  906.8003355034905  20.429845378559392
-20.142066251340584  906.6319880940268  20.02168657834577
-20.083010082526783  906.4773222960184  19.763298845954907
-20.080872909308344  906.3718717425779  19.62548001595914
-20.091260380524776  906.312493143786  19.539119863237296
