-41.89905760174359  926.6492848060536  100.31921564042577
-41.855973526366824  924.9768268249182  100.05334901208381
-41.66073627220517  923.1614479747152  99.44003706089518
-41.104715942131946  921.2860319813948  98.40824997445056
-40.39130658197773  919.3531151525849  97.0244013960808
-39.27804886555315  917.6320827174583  94.82806438549201
-37.90938852352935  916.2408327688839  91.9765991036253
-36.192258273174666  915.2016822618796  88.21104299006798
-34.08737439829586  914.5979921727752  83.81313073121459
-31.742409830316344  914.5239468841978  78.6081364508101
-29.125969986358673  915.1810808506494  72.67928570765125
-26.419859876459363  916.5454668672983  66.11740024792115
-23.545286195575613  918.6578911296001  59.104664890958134
-20.52996794837573  921.6132684880653  51.401177078569404
-17.47805471588572  925.4283480274764  43.46320610948876
-14.370481389081888  930.1894619203861  34.648928316823586
-11.23993061442229  935.8642845541033  25.968288692970134
-8.043047007917655  942.5137905149539  16.873796011101255
-4.932025521960409  950.1018254381231  8.305485026119143
-1.9933315311584958  958.6072600568802  -0.4438539804371384
0.6010858669324071  967.9624790605558  -8.602576866677879
2.839336461434195  978.1069549530771  -16.378794889615563
4.574481627166255  989.0034137529487  -23.233146587438775
5.937744956551745  1000.5800166576983  -29.52187491225628
6.752503953865764  1012.7754905601449  -34.8838633420532
6.995153445743796  1025.495756873053  -39.23962004350521
6.5719361680952195  1038.6453290996153  -42.54587381560863
5.686159931427849  1052.0640758679324  -44.75135024385776
4.225901306960546  1065.6231711323055  -45.94725241966014
2.2028281257616467  1079.1953029416313  -45.614386858085616
-0.6109332777513674  1092.7368419893173  -43.76687917258967
-4.093948293188262  1106.1984401288503  -41.60017443872522
-8.161177150848697  1119.4704040075046  -38.105325016614806
-12.628990036133267  1132.3977950249512  -33.05898729945943
-17.473666954019993  1144.762860511532  -25.48749540943434
-22.982989838992697  1156.4172927077693  -16.75557572835293
-28.829240409147864  1167.2687365475758  -7.591432236573339
-34.83206479864282  1177.2203735999167  2.196388413695643
-40.91551087961708  1186.1923197989681  12.677902092484452
-47.364325110052555  1193.95794789572  24.101193766477436
-54.01214162955663  1200.428690068744  36.326072913466405
-60.74031185337712  1205.7294147388654  49.025183368693824
-67.35645265890578  1209.5899995127768  62.29867881935222
-73.85637901643865  1211.9757715018843  75.7102526200593
-79.94753128354134  1212.7485404647487  88.84396018600616
-85.77337955522745  1212.225502035877  101.56003348844723
-91.3463655459363  1210.466178531769  113.92743106031983
-96.68423350750619  1207.466999005882  125.86213202177309
-97.21521242608124  1203.2318489425202  133.56964054707572
-94.80889769603655  1199.2065711225994  138.38812872545276
-89.18687562259846  1194.053887454831  140.36861854288358
-85.95926063101983  1188.0346856322003  143.72342479968813
-83.14133417290527  1179.6761990197542  146.75340307960917
-80.69632725608017  1170.464711521488  149.27924071183867
-78.05183079733004  1160.2831193438592  150.86748448243404
-75.55007030999172  1149.1464128715165  151.67954770205668
-72.97854814591588  1137.081053548602  152.00435884695332
-70.46452483527789  1124.2885370381525  151.85089185286148
-67.46494416807447  1111.2312667904523  150.896265449518
-64.72268990707374  1098.086511199073  149.17980229172795
-64.88410067079171  1084.9342976809746  149.14208264288965
-63.55298384089171  1070.9802007821568  147.07110044799379
-64.65278449026368  1058.1016691863513  146.34985799187388
-63.70956641588691  1045.004309454876  143.27649305612542
-65.24504699373847  1033.4828885379288  142.15931056945135
-65.33508644207157  1021.9543319552859  138.91807301041678
-64.36703769473155  1012.0861562395747  134.20994938448263
-62.82015687958652  1003.2855906717521  128.12749262654373
-60.55006992825188  995.4532846074272  121.68578020587749
-58.2740722422975  988.6597427514962  115.11594872459648
-55.79794989836737  982.7548095281921  108.36831749398962
-53.10597408040435  977.7825592248053  101.24864405443626
-50.46517475361345  973.4956727229592  94.46649538818045
-47.95765386286681  969.75812547936  88.04174573338504
-45.78146010469369  966.4777593383517  82.3263929243235
-43.73961933749322  963.5964107867086  76.97061207428938
-41.96556064238394  961.0355534440231  72.15302927182682
-40.30041558763139  958.7684789714253  67.71318429900064
-38.878481566883636  956.7357447524837  63.79102266285317
-37.612697904885735  954.9221409116242  60.26724890403669
-36.54905100490974  953.2945111082831  57.21980902650083
-35.64804196333681  951.8507373984799  54.58039214552727
-34.86153850345592  950.560696642787  52.32209787973983
-34.22776130543398  949.4049476017072  50.38104657733223
-33.682564304002774  948.3634454578602  48.70201994164212
-33.2409502288924  947.4472097761396  47.32055350884279
-32.88157025689023  946.6442783596217  46.145938600385534
-32.61838601233441  945.9340297297645  45.16851890724282
-32.44691738844423  945.2719876156366  44.35820397318069
-32.33104596132051  944.6409401173778  43.73471249141175
-32.25941504348522  944.0173156998175  43.292518685132954
-32.226798207809324  943.4172551902773  42.971608332169225
