-15.09285139662305  889.5424498123488  29.718566751785538
-14.711506186538937  889.0592833558165  29.3705403777442
-14.242053232960005  888.5775069515438  28.907077339076775
-13.713152313528372  888.1168709599033  28.29211686328565
-13.067545065397681  887.6832416868349  27.550248511784773
-12.375041299381003  887.299587220806  26.61325898045962
-11.526490762225748  886.990595959363  25.470841259043876
-10.6044664966866  886.7548000348064  24.024301369206338
-9.506018092152427  886.6457810452141  22.22544387297253
-8.316207476980432  886.7010382433781  20.103494149183394
-6.935674253428275  886.9973303129459  17.535999103858224
-5.426776922684185  887.5214931994634  14.646916644283042
-3.72921819274149  888.330770354476  11.208068142437941
-1.9535336422483514  889.4641191444348  7.443702364091892
-0.022483298510342697  890.9932026568373  3.186853400481811
1.9600553612984195  892.9643332085196  -1.3563709181058865
4.069342288139256  895.4342585704663  -6.189770170851401
6.2094668144921865  898.4408992418417  -11.359962522743206
8.354419815396396  902.0253016027625  -16.848132605890846
10.49707162260199  906.2057994100535  -22.52330372713869
12.504861737741031  911.0179402542054  -22.239015618091255
14.428404409796356  915.9150286349161  -24.203981580589428
16.161031675003493  921.9375061429724  -28.816984631806676
17.710149657567406  928.6277832556137  -38.888308895439614
19.063101700338784  936.5038434622202  -46.579258931633206
20.207531303805883  944.5149639687409  -51.692342957195024
21.19167160893899  953.0752306830581  -57.52341624958299
22.009063946331818  962.2322096890757  -63.26439933320719
22.59698413649786  971.8810663823388  -68.31993698338226
22.87966446198917  981.9981392731793  -72.45451899437509
22.837593807195464  992.4483012495492  -75.96550037721781
22.42479237011916  1003.2191684096501  -78.92968774222068
21.692412840266684  1014.2229481254742  -81.18898317880038
20.531408327008542  1025.349690430024  -82.56898853449954
19.080188225822376  1036.4948059359847  -83.5234832283892
17.164663233801527  1047.5647642688352  -83.70359525764096
14.990983674627287  1058.479084646246  -82.32550961769385
12.173009250190802  1069.1706366758206  -79.660529352128
8.961788888931318  1079.549860244614  -75.90889087379395
5.238002446671665  1089.5390189714376  -71.96881416620576
1.4580875617778255  1099.0497956008692  -66.97641753343282
-2.5689211472251383  1107.9528745173734  -61.05902481790679
-6.999491874956691  1116.1833857512645  -54.180280467933414
-11.845902015600128  1123.6986043856948  -46.41134389740909
-16.992127878666558  1130.5002849033299  -38.28089807536099
-22.026891669333835  1136.5287056448165  -29.41853006400539
-27.325237323222794  1141.6442881503099  -20.32794146532696
-32.657420220222505  1145.924852354427  -10.457127246254476
-38.23091376338073  1149.3120356798224  -0.6607387185446125
-43.5552202318533  1151.8208833415881  9.51493505381345
-48.86033502600164  1153.3470331463704  19.73712244496025
-54.15960082058512  1153.9309115840647  30.571372133580958
-59.45378238275541  1153.683202013284  41.31067283344444
-64.57251177807203  1152.572670720641  52.15156459340682
-69.40035277990843  1150.6576376007433  62.775240882400745
-73.89890322341533  1147.983194383138  73.23984786097415
-78.02681974809204  1144.594339537734  83.45495728797589
-81.93433248903041  1140.4564430319426  93.36340668227527
-81.69067112731477  1135.502173159275  99.66886216337912
-78.81206510847012  1130.7175359641042  103.47828185962564
-73.72722105579032  1125.387248259524  105.40747573177876
-70.8644493629622  1119.5990924940725  108.73836921562932
-68.60176400232098  1112.554036613615  112.456848206586
-66.4565283477323  1105.045460811324  116.04285964712484
-64.36723167215949  1097.15818426783  119.60000183259308
-62.624105555120664  1088.8595215557957  122.926326204214
-61.25256530503695  1080.2777057178296  125.9531875132684
-59.9594940477963  1071.4355698707993  128.7357585504733
-58.72581849098071  1062.3707302779474  131.2285454684592
-57.38224313388676  1053.0492627112753  133.241468071126
-55.93728069160267  1043.551602516706  134.78055135094263
-54.332051333662925  1033.9920063868196  135.8064394942837
-52.40062433724117  1024.6232014704433  136.0361878669106
-50.196309123421784  1015.494614170399  135.25114778146525
-47.78384845247692  1006.6417884069554  133.51968932059103
-48.60164630480068  998.0495641189153  133.83480885177417
-47.80449166270043  988.9809018191917  132.29297047687808
-49.380631281955125  980.9005462482381  132.2804296934524
-49.187060251606866  972.4922905954625  130.2835088436451
-51.56362138091126  965.1820513985955  130.54926453891758
-52.58417379384055  957.5911080225504  128.73395484745842
-52.22110906590803  951.0981747605048  125.34716730004396
-51.19401347177772  945.2464701281689  120.45116565293971
-49.05259624550555  939.9850218631603  114.8564925228756
-46.66502399474288  935.5189070216226  108.57310673277942
-43.552710946471834  931.6981027245009  101.30292300701215
-40.07441559055076  928.6569908122447  93.36313140195637
-36.35447440613109  926.1716753187121  85.33074953969542
-32.705666272925264  924.21784346753  77.44897340053988
-29.098373751352725  922.6276099180762  69.86766763524791
-25.64888643342896  921.3265977801329  62.620386873056475
-22.452357256798603  920.3002409120871  55.99994498131201
-19.61766890257958  919.5705409245675  49.88268267873146
-17.114455364635642  919.0963891252992  44.42837644611097
-14.869590051099442  918.8403160825204  39.365773851807354
-12.86630354481778  918.7513118530759  34.91763039137729
-11.105686436241383  918.8489111121938  30.823161818667387
-9.53219864242173  919.0866123872071  27.26596841083681
-8.146192311151998  919.4605638200371  24.021925383599978
-6.968680870354042  919.9228731568793  21.188546913286103
-6.007812893285867  920.4922602911741  18.693048902220944
-5.204839197731878  921.1151650959364  16.540173034826402
-4.507196982030689  921.7663893439043  14.57629193684628
-3.846616487081809  922.4321864634915  12.777185758847462
-3.2608473884980356  923.1326455439232  10.8098089432534
-2.7601273015972847  923.8574445923038  9.077663053249312
-2.386051949611212  924.591603879945  7.5352340508778575
-2.131678749533629  925.351573727946  6.477907404134289
-1.9231350471402462  926.1815517759511  5.597369981920289
-1.791286804547551  927.1010086900086  4.738621256366893
-1.6130366053037404  928.0937728332692  3.9254186442560806
-1.4206740145170473  929.11900636339  3.0807809800069257
-1.1160167713802767  930.1349716738206  2.395650420835559
-0.8134412203611078  931.118793917055  1.776682729173218
-0.3559372382637154  932.1080316846931  1.2850240725798345
0.09686974502176393  933.1724308090286  0.684979312106452
0.6379229125624521  934.3605018059984  0.05083208308774867
1.0961594409473896  935.6314024863244  -0.6177510415271485
1.5849512049883479  936.9559263378874  -1.208214424322487
2.0329142456570297  938.2588078904914  -1.7599437872594503
2.4693315311471227  939.5186311662162  -2.3391915947393604
2.9358834669127924  940.6400687108647  -2.9144625455950868
3.501312161206585  941.606030823973  -3.5776751241804416
