-22.5675679081153  908.223752431084  18.58451461065934
-22.401492393801053  908.199142731609  18.229315445607554
-22.281055483052125  908.156724857205  17.87511522617484
-22.082671760693817  908.095917903708  17.449366087685203
-21.917374257910325  907.9976410385075  17.02756184085326
-21.646881850446576  907.8700786202643  16.495919151372526
-21.349724343237984  907.6878593939118  15.951133343961674
-20.950147336917603  907.4613189766997  15.25978583125594
-20.487529318650786  907.1812469916364  14.534759281891077
-19.913278638395408  906.8907781276274  13.571038693666807
-19.238403935956043  906.5965165137674  12.512702625268501
-18.396793946644728  906.3280550004553  11.079986684505498
-17.419192272070568  906.0995750762733  9.488217142260977
-16.183125913964695  905.91917708872  7.393557743636609
-14.753315563378932  905.8789971008554  5.0272985138548
-13.050863179001873  906.0624663475089  2.178916563690798
-11.2211512856326  906.5856438267266  -1.0984157065064142
-9.148240140506083  907.4710911800106  -4.944467467882904
-6.924412399060522  908.7482356929777  -9.21252516915089
-4.413019233447502  910.4752917685098  -13.939090783249325
-1.919972929706072  912.7506223519666  -19.081515195387343
0.757779876455903  915.6773343525239  -25.010548665272108
3.3943597717169656  919.3445169182486  -31.330617035117818
6.122238010744846  923.7725351355283  -38.107374231022185
8.713618686970516  928.9742388158471  -45.0971533637561
11.23815555202277  934.9832571967644  -46.17656056756944
13.671513862238875  941.7593053023639  -49.837468742217204
15.990263110461747  949.5007616710941  -56.25906037683535
18.098038277804843  958.1417360151997  -68.55045628830004
19.925870186187343  967.7234923751587  -71.38099497983477
21.519185748589447  978.3176315700725  -73.1680077130946
22.90959127316028  989.6366033667362  -78.04066235628524
24.135392012025456  1001.7701906247826  -90.57126524554374
25.156145499720918  1014.3692567439934  -93.4493970728823
26.011144027460425  1028.242621835093  -88.3280412959551
26.695022695119565  1042.8348255175847  -77.50995533547012
26.95255718843583  1058.0853122610238  -78.68231416326705
26.91103305284527  1073.0663883728096  -89.3649502641398
26.63751868294775  1088.2351005913129  -103.41958451646428
26.094958705851106  1103.775756072228  -112.50146132191205
24.91630816564994  1119.7569603518698  -116.00508507515667
23.30395709946624  1135.9881397061554  -120.31508566761748
21.28205108834504  1152.107218136797  -123.2230221056613
19.212206692782512  1168.0932093572953  -125.38486483585147
16.573750756511856  1183.9329479530434  -124.30848237577486
13.590510700344451  1199.456771938145  -122.61052813250771
10.035421417181263  1214.5811608864296  -119.87441101467661
6.076452769395641  1229.1431635339638  -116.64837218305901
1.8635420420269657  1243.1504317086096  -111.49289119273371
-2.755177789317478  1256.5413470025237  -104.29862848734399
-7.778880482546144  1269.135046883709  -96.40385525129012
-13.04457663040747  1280.8407062519045  -87.69171476613793
-18.601188136356058  1291.5864244225888  -78.0158382350706
-24.211502874575025  1301.325344533667  -67.31732196657205
-30.359351364150267  1310.037546136799  -56.031892500801824
-36.47817456100437  1317.6067147785834  -44.024850002484065
-42.91680494581165  1324.0316576404427  -31.515290621383308
-49.34057561023717  1329.4142640640102  -18.400213665788982
-55.9534679194723  1333.713137769188  -5.017602469628779
-62.58952892508447  1336.8881400486277  8.898900092489134
-69.51891199520125  1338.7662142876065  23.373968916650497
-76.57703242447585  1339.4424892262346  38.05062215654232
-83.5274358593089  1338.8709306744581  52.765489378783016
-90.36818464044283  1336.9685640007642  67.51257100935453
-97.16143798056416  1333.7563422797111  82.34073769422743
-98.99401342499912  1329.396617558597  92.84425239444471
-97.44813563497387  1325.4583429674706  100.38739657916899
-93.42632280191111  1320.887562185125  105.72054713199734
-92.09913649004889  1315.5961161239584  112.88865935114913
-91.9642207564059  1308.2911726393577  120.55529539387345
-91.9754380877611  1300.0284264343134  128.5935363563292
-91.93309428779385  1291.0930900437784  136.60472435156476
-91.66737605299011  1281.3765459283165  144.17146657311423
-91.52998114687497  1270.8144313962157  150.85341087825384
-91.61143785397825  1259.4167708052478  157.29627731914192
-91.9087931786748  1247.127383075984  163.8486150598005
-92.360640127539  1234.1967651561927  170.1936342727344
-92.82147873250713  1220.5246995452446  176.21007676288062
-93.29685981744677  1206.1821687473607  181.7171367866014
-93.47663287001826  1191.4123609162539  186.56095502514484
-93.46799699702326  1176.2659721801294  190.5574466133952
-92.67832553681681  1161.0790458181477  193.72538680759456
-91.51353699422654  1145.7512809008922  196.20723462445207
-90.27573052694146  1130.372316070348  198.2759124821485
-88.92798499062829  1114.9838969857215  199.6921894440919
-87.62657131820454  1099.7366014944048  200.34822874646028
-86.0507193583522  1084.6614264086893  200.5508215130934
-84.06053683604412  1070.008493982507  199.73847710128078
-81.92993925377132  1055.6490056177088  198.63510366088434
-78.97760371962507  1041.855188061129  196.1159250582263
-76.00862793574966  1028.4635881955548  193.05340700999312
-72.6812001379428  1015.6883927831985  189.01112304293474
-69.14295561039161  1003.5580048300122  184.24922698416495
-65.59221095718505  992.0549536859504  178.94307196952545
-61.256472920111776  981.2335821944806  172.66123800810556
-60.175079007672615  971.0413689611495  168.59702650184047
-60.73018211041298  960.7801765568488  165.3647817508214
-62.744805341346755  951.2811920285551  163.45762158930722
-62.570135674903646  942.5123566783732  158.96798528995
-61.569896045868475  935.2349420524258  153.27373664250308
-60.15920870221306  928.6248720346691  146.2039702218028
-58.31266673434311  922.671027418859  139.01306406179808
-55.78221556233438  917.5375706516102  131.34213997567014
-52.840806839957835  913.1807595419922  123.23038639896552
-49.677333610589606  909.5513323999446  114.84692716259245
-46.47011755617975  906.5357955683844  106.48868847760362
-43.285390412925594  904.0919569475986  98.41067438457873
-40.173414747748396  902.2298231386912  90.56754154992632
-37.15374277092515  900.7880959495764  83.03140737170833
-34.331214012296066  899.6745705005244  75.94164936830119
-31.711145812509365  898.804320263097  69.38240751901478
-29.37321571955057  898.136493349936  63.533051524191166
-27.20337788287869  897.6511316502283  58.14118316664272
-25.29844364976998  897.2958777141703  53.34138349373226
-23.553998509625586  897.0360979347445  48.99746938398526
-22.07010044679177  896.8417901140219  45.21417738594577
-20.749669526077074  896.6885263453876  41.87970836931214
-19.616116751892886  896.5575942198191  38.99323184995227
-18.62442429801966  896.435711416018  36.521773435365965
-17.763252035300873  896.3268568787489  34.43741367807017
-17.065980616635283  896.2132954967495  32.683475464830785
-16.480387395678225  896.0871642945904  31.24091909969142
-16.007848223128367  895.9384165382406  30.087210315988823
-15.6738563914078  895.7871693280435  29.201684374243396
-15.413352082768816  895.6281065670466  28.560998491603076
-15.24103871370231  895.4688777780839  28.103139218294693
