-55.154466861895656  904.789402304627  67.83667372167176
-55.09466476319895  902.9592952268811  65.81265157137526
-54.98354307344272  901.6951018929327  63.30319197600526
-54.78072571714245  900.9695809862937  60.4602405261244
-54.17469501857368  900.8704662581189  56.893932685280504
-53.24220280428169  901.2802395836067  52.93842006005715
-52.03368192207994  902.2638492434792  48.39995047735532
-50.74902006694007  903.8576622455538  43.554026465602824
-49.34947069112724  906.0930297896315  38.363896701802524
-47.82027293787533  908.9377833900487  32.75983835751229
-46.095873927788034  912.3753942815399  26.755711229041264
-44.22444731822633  916.3710173687817  20.41706795016428
-42.29641011774463  920.8943671344445  14.059129000515396
-40.260862624095196  925.9234602455558  7.67670577987947
-38.16090161571619  931.5191703025463  1.2340979146390874
-35.9260592004463  937.6916149166085  -5.4573117657200605
-33.67843310952858  944.3820212459921  -5.9121888275652275
-31.367034333441367  950.7782592306435  -8.674771706031416
-29.069918235403456  958.0891607426684  -13.890246544349768
-26.79526731181699  965.6937958048075  -25.198139397378423
-24.447414398829586  974.2962689925901  -34.024633530130615
-22.172743248627498  982.6088507520876  -39.87406200068193
-19.872248428514865  991.1920794403497  -46.23475552232152
-17.81516952789905  1000.098419466563  -52.29215074935778
-15.793162989460999  1009.1982018070499  -58.35470164998378
-13.930394236666501  1018.4846150573301  -63.310033056559455
-12.149865521396116  1027.9072458154226  -67.91326712236307
-10.501052015492194  1037.5447076983394  -72.5793655125732
-9.01625451011436  1047.425086230588  -77.09529201135466
-7.653216882266271  1057.4610695760914  -81.38682241910428
-6.48450910042943  1067.7118155472212  -84.83983626524434
-5.488791328399796  1078.1485156084577  -88.05750041632996
-4.702675143650257  1088.7991118325872  -90.94052395307581
-4.0741623143575145  1099.617387349368  -93.43921875813862
-3.683460873637909  1110.3852999892156  -95.01873335148663
-3.6197828163093635  1121.5287162908562  -95.7994690930344
-3.952498472044355  1132.8106788838106  -96.50872819650817
-4.721700702499925  1144.4272992932297  -97.13474566903045
-5.774599097356133  1155.93934772581  -97.70894638352479
-7.044602532730961  1167.5402427728652  -97.71367908669806
-8.634111952617593  1179.2437106208213  -97.09978567859949
-10.594361094656122  1191.009534912067  -95.75268368929511
-13.040439672482592  1202.7759919155992  -93.42653687589349
-15.848862668730426  1214.5033659933952  -90.34089677675138
-18.96100286515221  1226.1233932768434  -86.0373373884047
-22.448888281704868  1237.6200120898409  -80.75674517611803
-26.111042822840776  1248.896312273468  -74.49142823830785
-30.13748378886386  1259.8702344436433  -67.47737780693444
-34.44517792841152  1270.464602259649  -59.97602779831455
-39.121273960871655  1280.5804817929304  -51.85110073850994
-44.17239984783659  1290.1574178574415  -43.6436693072731
-49.35834579360305  1299.0748060783915  -34.037808448667484
-55.12983291494834  1307.2313553040071  -23.484073537462443
-61.12047118070889  1314.5053454115525  -11.938502978778445
-67.41767308724606  1320.7052195555405  -0.004092126336427526
-73.90456010304285  1325.9317367758665  12.66704082518526
-80.60086038494364  1330.0575391406696  25.99624371674256
-87.50042470886123  1333.1868495234548  39.77047073741882
-94.30637118310034  1335.1110988008854  53.61375502177897
-101.35674993339927  1335.839467974552  67.96290477184866
-103.49874647666842  1335.9608802769285  78.37880313412178
-107.45577761712161  1335.7002482145613  90.46740342273884
-107.23614600551886  1334.4429680987978  99.05051526098838
-108.93669903478857  1331.7200766707156  109.16012738893458
-106.69896269984335  1327.2901364044444  115.85553409107904
-106.02634681127387  1321.664276208181  123.76809338098283
-106.73581579841202  1314.9028506995874  132.16412559934045
-106.82408816872959  1306.8562010102157  139.84359884016564
-107.35891000163093  1298.055055124143  147.15512928756283
-107.47773840373621  1287.9977524308217  154.72693952489135
-108.16984513234783  1277.1614669341186  162.0857670791179
-108.68793710998207  1265.278403274861  169.2614325413848
-109.05788461767834  1252.6909473467701  175.7390821591403
-109.35321347067193  1239.3447281388394  181.84630882401214
-109.66187562305205  1225.2993747656765  187.2500775160683
-109.91082863484154  1210.6440150575331  191.77115726496544
-110.10155813515325  1195.5300085729598  195.9692885381964
-110.15625529454964  1179.983634235222  199.51467553779784
-109.75096139478354  1164.3110075962788  202.25706971013005
-108.9459767602975  1148.7142800284587  203.92411794589478
-107.6288581524532  1133.0488431863066  204.90579424962309
-105.69287634215463  1117.6458217024033  204.70011012270527
-103.3864243680298  1102.2481858435838  203.5401121957689
-100.63771912721482  1087.2843635446288  201.35879302801524
-97.62212246876874  1072.6242580381727  198.1122034427509
-94.35107368232765  1058.4830090393868  193.9610953798579
-90.36701824856196  1045.0953485210218  188.5369080211373
-86.24399961186288  1032.3408056233493  182.51355025844128
-81.83963664234201  1020.22377809582  175.81122376627533
-77.42333733173291  1008.741543664719  168.49935260855784
-72.56276181460342  998.0774206180371  160.06120375428372
-67.10052983113789  988.2529058153684  150.56229967608695
-64.65249102895989  979.2258379771617  142.97911107045564
-64.21605583109702  970.4799470213884  136.71844426570743
-65.13416072969139  962.6416806370844  131.77912570313643
-64.2585081544362  955.61682400863  124.73852277745877
-62.4599926969153  949.7480256824541  117.02352181160566
-60.32821180513747  944.3789231658398  108.64552920354548
-57.65913652715967  939.5116125644246  100.31433622018173
-54.731743614167506  935.2023620073041  91.94847346449102
-51.62039384972702  931.4076659285815  83.53611468466035
-48.422494686638366  928.0504949185756  75.62584992306053
-45.26198693535374  925.0416710730908  68.09551606199238
-42.23226582663078  922.3623458114971  61.192468419298244
-39.329834239064674  920.0192487173812  54.7488584441878
-36.62845556717682  917.9644395561406  48.99076606664991
-34.06429015685804  916.1964175095857  43.6511821143986
-31.719517340635505  914.6716909584619  38.93343423831587
-29.597142641295726  913.3718359441333  34.7198153353563
-27.74382724312884  912.2554197107129  31.11566387486356
-26.089241618636862  911.3198992098793  27.93579484744803
-24.67462787506937  910.5422191665966  25.113589857547794
-23.463802089845785  909.911910623723  22.765908781691444
-22.494730808497074  909.3706755818805  20.838951480863393
-21.706188079397243  908.8931455365989  19.29268286155178
-21.079036808930795  908.4525987648348  18.123871228637803
-20.589646207717536  908.0515299592042  17.200711001286525
