11.231870961152952  1097.8372909345828  -98.01781307506401
8.651488019129673  1104.0791599338224  -96.08772393687897
5.6965910300204685  1111.8599289335793  -93.83421657189817
1.960066283186885  1121.3334822802262  -91.4850000035719
-2.152899043614564  1132.4921433850336  -89.56849743459759
-6.9793140937655735  1145.3726006834056  -87.74542628400131
-12.029216350630389  1159.9230269020084  -84.88108349761849
-17.238715396850395  1176.1122977730315  -80.37084784896093
-23.031878450209256  1193.838131377963  -73.49359775859376
-28.577825166883773  1212.8706875151802  -64.19902992797151
-34.78841743229243  1233.2015305314487  -55.61785240214325
-39.88317497460828  1254.664546762454  -47.199659816910994
-45.703265052605516  1276.9997242450097  -40.39048554432255
-51.429709759574905  1299.7792275540069  -30.63139496874276
-57.27345329824561  1322.7829395760123  -20.02763872001138
-62.165940939665845  1345.9095335836166  -9.67739993151637
-66.12385656558752  1368.7015339651375  -0.17707856018800516
-69.95652926445993  1391.204894865473  9.381859721902366
-74.47249854094173  1412.9402661930308  19.98254063018048
-78.93544345111258  1433.7717585229088  31.101507767545886
-83.18603859522094  1453.1716483912708  41.71252607849054
-86.52307205216533  1471.1649627422278  51.530286954741406
-89.59529023798757  1487.6689413393638  60.33405389410758
-92.62203785967851  1502.3585096486001  68.85783816563324
-95.44357527452063  1514.8638463305463  77.02256410756483
-98.13188925244663  1525.426332306501  84.1450642750672
-100.60258433459984  1533.970417795905  90.27590404963928
-103.02825961990415  1540.5248559276147  95.66628931150152
-105.36162579264371  1544.803895251146  100.61171311367576
-107.87261053426437  1546.7429309514641  105.15747998218106
-110.39222869173233  1546.3854040290787  109.44699009150808
-112.79395049664303  1543.462687994401  113.11126519356321
-114.80998876689844  1538.432596769213  116.54955502405372
-116.90586928527273  1531.0259268744128  118.45282870687274
-118.98747003435136  1521.8680058273212  120.07146589039736
-121.03080372186221  1510.2574151868034  121.00047069142441
-122.76411747562847  1496.6444290815189  121.66145904766394
-124.35093803550168  1480.5947342174088  121.77856617005152
-125.76295700657707  1462.5333388984332  121.34625881330123
-126.83877625299009  1442.4296529014357  121.8185938266048
-127.61051640531994  1420.2656587857  121.78877981863072
-127.67832267825216  1396.5606767355619  121.24604845953154
-127.21039879733013  1371.2910701923174  119.48363338601497
-126.02508389255865  1344.6935996891812  117.98074428801041
-124.19697100330636  1316.5491947880246  116.88996934734905
-122.0227653470959  1287.1181750238482  116.1476347249421
-119.3612827148179  1256.8453770536166  115.25293533823103
-116.35164146938862  1226.6269270933735  114.39499619806845
-112.58496430339592  1195.7745592060055  110.79901829957512
-108.28775604225059  1165.5943103956088  108.6235263947707
-103.64443254711863  1134.8019435965566  106.77917419757341
-97.98478207212146  1105.352018418145  108.31042394415235
-92.16001855428442  1076.372777338711  108.71764367614252
-86.32955756489638  1049.0791111193782  108.72339456402676
-80.70290622258393  1023.3845126085499  108.61535472208323
-74.8772004951256  999.5316228851676  108.68333732549728
-68.92891623862648  977.7647627962441  109.06015896648775
-63.702642384439606  957.9629695935065  109.36341896927968
-58.757803863209006  940.2228036253559  109.57611994342183
-54.16546152549808  924.5681739386031  109.73712561584622
-49.73496956336235  911.0650678548596  109.5861144775666
-45.804229696891944  899.5623909760712  109.16718349657526
-42.18221012917512  889.7573807485495  108.3713865628362
-39.03579022226707  881.4245246429299  107.57883501203077
-36.215365142149324  874.4283010201266  106.8481100206069
-33.847756469230724  868.6902669053171  106.23025307120196
-31.723031082464267  864.0592730366243  105.3724425204064
-29.856422380660817  860.3887907941934  104.45678889838528
-28.201590912096528  857.6338670498989  103.28935981532891
-26.770189935825208  855.61842485077  102.33559866574119
-25.549398910034693  854.2826565796005  101.15434112138297
-24.426483215135185  853.4806752888859  100.0207762526556
-23.314839419219055  853.1858393204186  98.52226096918673
-22.255984049038833  853.2620066361967  97.14945860303692
-21.169210316156622  853.6890728344839  95.61783420150043
