-48.204951939740674  1256.7875038659436  -99.36438753906758
-50.25169789675425  1260.3664299636082  -96.96958181873532
-52.812839908357184  1265.356041595921  -91.8997939417214
-55.685439746106574  1271.7296998103225  -86.18217355582533
-59.21051137556236  1279.4826700843098  -78.74657757075917
-63.24586785831514  1288.546818165013  -73.1382184282636
-67.77591034813695  1298.8011074523968  -66.01072191441311
-72.34647465455977  1310.1784671384953  -59.376930051372824
-76.9329352478351  1322.440332831317  -51.21347766507925
-81.92036756055116  1335.4995119589414  -43.685266653735994
-86.82424820867476  1349.1303171932705  -34.055283664108096
-91.54025950246972  1363.4681795718027  -25.21078346858866
-96.44399314676131  1378.3053260867284  -15.383701312860602
-101.4880067082865  1393.6010209552574  -6.028402095546574
-106.07555064084293  1409.0606194707498  5.851345225645011
-110.3202897758794  1424.814695409726  17.460472585567636
-114.54968622177998  1440.603580186783  29.7788813667771
-119.16448581169377  1456.5604927636557  40.00877309619782
-122.94668176981031  1472.3247760982715  50.66089377233012
-126.3209802150008  1488.0703329911482  59.999242005814715
-129.39486344302054  1503.0540221811982  70.58983222833592
-132.53382827641317  1517.769988027632  81.16522968368196
-135.31580509574232  1531.5557140077383  92.44253947329506
-137.9828729749984  1544.7325041632484  102.68488214543221
-140.60257562564692  1556.4653201713709  112.32111319206999
-143.10578567697766  1567.0340685688986  120.7411370903519
-145.5255847062223  1576.0723868673613  128.9693251981039
-147.81271988494845  1583.6279492223273  136.12642338740665
-149.9952317335992  1589.779628624151  142.69653012667055
-152.05986032842432  1594.2106816817638  148.09833674932537
-154.0506502912715  1597.102751870563  153.45394688148232
-155.88487399305822  1597.614537283271  157.9696610741236
-157.5578414039127  1596.4909810852596  162.73267579300105
-159.09385971878322  1593.0049725681263  166.16313996088783
-160.57694759193123  1588.036828061123  169.90039187375874
-162.65359849986962  1580.5949713585428  173.42371540493792
-164.70364702594438  1571.2336987945403  177.0073991656824
-166.64176021755515  1559.5408939834488  179.61836527478346
-167.98646460051043  1546.0918830957228  181.10411146000627
-163.83050035135136  1530.8060219116724  181.66084414739612
-157.18737389159136  1515.3296711429912  177.62967693160078
-147.52125878430658  1498.192746116047  168.46386337243362
-141.83225386347686  1479.7173770312354  158.27391202327755
-136.20809187390458  1458.1467874122086  150.9108341168393
-131.96874206432884  1435.5331379517693  146.97662007394342
-126.99096060657602  1411.3947524567814  141.83991987726182
-123.3962836100116  1386.3353626210053  137.00272571421948
-119.38958173275597  1359.7259396841248  132.0667097413177
-116.4923949136815  1332.349872515736  128.90001382326022
-112.64265295478643  1303.786570653677  125.32833640765658
-109.74619839666003  1274.8987372414156  122.93185250991762
-105.92532409820375  1245.204522839495  119.97309355677301
-102.01180164653243  1215.688280366806  117.30762882224846
-97.52307487940683  1186.089360452141  114.58178272494293
-93.40273762194869  1156.9228214441919  112.59814031519234
-89.74976083034396  1128.067486543006  111.36041780363429
-85.40957975955446  1099.967032705705  110.12785852784889
-80.7325632172233  1072.8574151889811  109.02328414923336
-76.13984391355964  1046.804447041753  108.1392373151065
-71.71062166782875  1021.9087966154547  107.51083163887694
-67.54754692356376  998.3789210118625  106.91726305433751
-63.01089856021623  976.4675278204696  106.33638808567541
-58.908429535298964  956.2652734598153  105.78134178040372
-54.82551357505842  937.8316732436695  105.43992585930002
-51.257064032745774  921.1328677689091  105.2710119273242
-47.8567772033604  906.2027941630907  105.1463732133801
-44.809661238334975  893.0585120569941  104.97471010826042
-41.84772632309982  881.8233782115599  104.48169536108355
-39.12173192157493  872.2742350555279  103.69046355866853
-36.61672921488949  864.3013652820102  102.7170606460896
-34.36352948765745  857.6113093461479  101.69694498593529
-32.408882148194586  852.1400662440299  100.75380608250467
-30.671250136927032  847.6907767674094  99.7359662042852
-29.099793863655435  844.1225903368907  98.7551565596854
-27.6637639189155  841.3989434970609  97.57688643481251
-26.33393963191875  839.3912695239424  96.29329053340288
-25.143030899951416  838.0508407961667  94.90377285183632
-24.051570618921016  837.1669588651838  93.63891294800278
-23.091249085420262  836.6519941274056  92.44848904096749
-22.291487363140867  836.37844335122  91.38736097612775
-21.61317198116904  836.3740045829898  90.38393754379217
-21.011821868575325  836.6283252153708  89.31949517009083
-20.44113698965331  837.0959895177713  88.09536770987263
-19.824534410994854  837.6824720993446  86.71004105510636
