34.09116362640187  1115.480957897467  -122.0010829245968
33.86580866599303  1116.3597129585994  -121.96849007453311
32.86654832401159  1118.3773334666819  -121.43557350941947
30.905801637066165  1121.7997011282607  -120.04806501921257
27.92140760347489  1126.9136844933373  -118.08401109010431
24.08687988211845  1134.055648743043  -114.63565507723328
19.396118639083014  1143.3880475987403  -110.64433297131285
14.020751385719262  1155.097514428758  -104.82549008341032
8.176886993432722  1169.2086870490173  -98.24114240515915
1.7816285629785407  1185.6636727891118  -89.79868970340249
-4.867544067083503  1204.155546326084  -80.34539228006476
-11.855030310733746  1224.357321023964  -70.7670034304187
-18.852140554460842  1245.6880927021168  -58.483536487806916
-25.987270171983354  1267.7838274862866  -45.0434092883565
-32.79097069266036  1290.2344575409452  -29.20717614875617
-39.542280224615226  1312.6787431349246  -13.16339145442538
-45.680518994306695  1334.9945177360298  2.187886648779541
-51.81704320475331  1356.763804825038  17.335252908679323
-57.30913041103987  1377.560406340403  32.5745668332401
-62.762635190921934  1396.9908536971677  48.29894859843968
-67.71176250320462  1414.6737032166952  64.66294919183915
-72.4560004130283  1430.8620607269165  78.07799177262223
-76.6513773403685  1444.9003411007775  90.15010616310255
-80.78118198232039  1456.834020635245  100.51697531990547
-84.64265592873046  1466.6709849221  110.10598513073862
-88.50359352095653  1474.2385138252166  118.89564219727599
-91.88149489817553  1479.3330776512819  125.79817194795561
-95.15392170881893  1481.4753547668276  131.60384946987227
-98.13580100487522  1480.9725939750838  136.5064961332185
-101.29327713269457  1477.6088656425636  140.33108810988261
-99.1878718456901  1471.5137632326218  143.04010098227562
-99.0366064175318  1463.5509319085475  143.67327083040058
-99.37745524807633  1452.0673261907054  142.75820194070621
-105.64378987798351  1437.6810476186902  140.71257974956043
-109.60011245587204  1419.502204324141  138.90827645160317
-111.99114198064423  1399.201146659338  137.51021374431826
-113.4529488725135  1376.6421945876775  134.07882283957355
-114.85386417938619  1351.6918649225688  129.6395880907202
-116.47903029579993  1325.016682264052  124.26332648447195
-116.90721222302697  1296.4934365947222  120.33578070133589
-116.25281844392134  1266.9580656285448  115.82435010755248
-115.02275675183098  1236.6828929996955  111.34102602795677
-113.02750023674567  1206.045630301198  106.84760780150467
-110.53330349391561  1175.3966997235266  102.75015401535272
-107.22985126868008  1145.544683155961  99.06026076921282
-103.9340396493867  1116.2160939761156  95.73779927769743
-99.96168636256988  1088.4173425195622  92.86299523646554
-95.15565981391224  1061.6344512095454  90.10348823127916
-90.08293401105806  1037.1166813230889  87.47495216000095
-85.12908251320087  1014.4633515230341  85.310500990582
-80.75567466876598  994.2459100689183  83.44455973700313
-76.3533772961884  976.2407445805186  81.86851316941635
-72.3969635378907  960.3395985881381  80.5579477235352
-68.76756150338801  946.4939845104622  79.39446775381721
-65.54464518992926  934.6468880338838  78.38008757804424
-62.62035564952029  924.5728825977401  77.33308658897701
-59.974785147114574  916.1331891638429  76.36801722672377
-57.74382862848036  909.0574653617584  75.47567798388718
-55.84904970230406  903.2759987084607  74.72481726643117
-54.19238525841857  898.5883679832107  74.01628520550793
-52.771187845104734  894.8717767268765  73.43310734644088
-51.53642730705278  891.9420697430187  72.84647465987386
-50.52119329579507  889.7141923154157  72.38457932339263
-49.789310801084405  888.0110056846229  71.91633992051831
-46.08634830718195  886.7880628066432  71.5447552835292
-43.728073560152374  885.9561096595721  71.18459249640686
-42.749225024533324  885.4196087761591  70.88965430421511
-44.94902912046839  885.1490336553015  70.66852563475776
