37.74727155440734  1138.9673309367367  -115.73663212997911
37.455056132518536  1139.3011180922426  -116.71432664615044
36.729876777327604  1140.239355437077  -116.96571864534378
35.390591910203554  1141.9137140276869  -116.22767679355545
33.48934218751667  1144.4842403134294  -114.9957635176525
30.886152320246712  1148.1778573508966  -112.80614846658517
27.707914815976633  1153.2509106526666  -110.06256863366093
23.663759271408896  1159.9403722227196  -105.75193988209973
19.02719922066906  1168.319724320925  -100.79356453669422
13.635708984477247  1178.4471381075798  -94.45309387958658
7.883888089097317  1190.2865503318487  -87.38322792482835
1.6016642977036426  1203.8085994544674  -80.38317398210872
-5.048778267080482  1218.7834605546925  -71.23156452566468
-12.012408959391651  1235.068484096189  -61.44289088111032
-19.15136573189924  1252.3995040680973  -49.72668242416233
-25.923238571446305  1270.6413998131616  -39.0075797422343
-32.724706654014255  1289.5285434983261  -27.250505069410046
-39.45165502297899  1308.8021740038084  -14.08353683032271
-45.532429929966305  1328.1942256849477  -1.7485582434049611
-51.39664908253813  1347.9906808835426  9.000474711308206
-56.375298766993  1367.4363654854733  20.535507978242023
-61.40304922893634  1386.3622611945123  33.182958943301564
-65.6633312070516  1403.9142759065353  47.570057694890515
-69.83197721443567  1420.5554636443765  59.07646638554216
-74.38745149999434  1436.0617308893052  70.09976696416057
-78.72510848967636  1450.3443746400255  80.3161834957671
-82.78987470501178  1463.2724382843444  90.01395793545774
-86.20210163952122  1474.6681979205734  99.04413530947727
-89.31204544357992  1484.3176506723282  106.5268862613006
-92.48281647222295  1492.295911550822  113.3998649957704
-95.35268709375154  1498.4944841335118  119.23086474972163
-98.04219629426092  1502.9056478201976  124.30449490646595
-100.31201149291707  1505.1842490121792  129.05299452784197
-102.53175772459156  1505.2071428986299  132.68385880513756
-104.72951863471802  1503.2606044269176  135.63604506061716
-106.8146601550299  1499.0856535364296  137.53941881872302
-108.72142803768968  1493.2948497117945  139.22187182734822
-110.47227638061827  1484.8676124482438  140.4738605049585
-112.18045949158093  1474.796032877752  139.17118375209807
-113.7357190874546  1462.477644125142  136.69415999546814
-115.02070695654668  1448.7796240874202  133.1813331123245
-116.01571655673627  1433.1455579062942  130.51967489902466
-116.7158519966171  1415.8659839306065  127.31301028298424
-117.00467176111695  1397.116680365902  123.54045650523744
-116.95209579480895  1376.948223801921  119.72641084937987
-116.47901288322825  1355.5187587615183  115.93843983111884
-115.79667237406343  1332.9149005957802  112.25884292096814
-114.76789060122934  1309.294818431966  108.55622079871107
-113.59883917680588  1284.821985244636  104.77508398817692
-111.71606616626701  1260.0889233544776  100.82616286104437
-109.10430333769925  1234.6102982985471  96.6821093625024
-106.05603439450812  1208.9443282406758  92.95057992892535
-102.8759190845637  1182.9771691962876  89.56384436742
-99.55298301998049  1157.733075541828  86.60169481350863
-95.74198350037732  1133.1450680789771  83.54712091667508
-91.72026379214111  1109.3181624195395  80.72313879862894
-87.60449959894633  1086.3973129346637  78.10313622814475
-83.42997887450112  1064.553921021412  75.88761626554718
-79.2595193482433  1044.0852612495526  73.92067369031307
-75.17980776427615  1025.102411963018  72.29908726866363
-71.34036179726351  1007.7152211985233  70.9671828126622
-67.78962704790382  991.9148622958961  69.96761575191636
-64.52773597902349  977.7973947160503  69.12616134863781
-61.47746474208878  965.31941767788  68.41202335902413
-58.71446466631947  954.444062231421  67.80054781761302
-56.27878965407489  945.0994472649712  67.3577691987317
-54.17535851117631  937.1061980232772  67.06856437199038
-52.300772194085376  930.4040937391999  66.82571351199964
-50.577258595968104  924.8167573670936  66.63637821991986
-49.067058577703015  920.2689210782455  66.48792020253182
-47.75193469162596  916.6055234340985  63.65623156314669
-46.64226282131985  913.6531004552394  61.926754671198545
-45.66831923508779  911.3932295092346  57.967653302349575
-44.82622086521309  909.6637789804889  57.98888676051831
-44.10673327386871  908.4683116821633  58.33937414059312
-43.48445492338943  907.6460442576531  60.76286528910079
