51.795160202071415  1074.513989575766  -99.40465165604175
51.45785079813484  1074.2041882325857  -99.26030301757734
50.68505104832528  1074.3215611419287  -98.70110246666317
49.24757343044164  1075.1251796765482  -97.2475268286424
47.2645041371065  1076.7108075770693  -95.41470243812998
44.64985432700996  1079.3644657754871  -92.55045830088183
41.54719959262728  1083.3784003004523  -89.08065975648684
37.62330019193883  1089.0520143089357  -85.69592447385052
33.009387872390526  1096.5554959548117  -81.18992459974895
27.72869046513414  1106.0214229895946  -75.65361607113726
22.202114231137596  1117.5381249161603  -68.32606415026318
16.181939181653547  1131.1096948087443  -59.60689243143584
10.02029509278183  1146.672731622281  -51.39879382267947
3.4934031053872046  1164.258071286449  -43.60725143003309
-2.9640461154882116  1183.4464307029036  -34.71584723381861
-9.614321688066005  1203.9545441670673  -23.652555072278773
-16.367816552966456  1225.2472840734306  -10.921844623780721
-22.954028769793954  1247.1468202315164  0.8455074771761666
-24.174084315115927  1269.0389188076708  8.334172077158122
-26.79616333642882  1291.1836997478235  18.559243546807025
-31.28080386404639  1312.5234958784386  31.418403019385227
-40.52296807354394  1333.3378898423598  47.98699646834323
-47.36450779486613  1352.7609030634762  61.21847532360872
-51.746534673000156  1371.1565634174713  71.6840413044128
-56.09008746773568  1387.929618993696  83.18717995781962
-60.809346859149045  1402.78484639943  95.4560657591962
-65.27972685853686  1415.4962214645543  106.51779485167259
-69.52090845666099  1426.2364379173284  115.66600777458875
-73.04979641438534  1434.6772547740602  123.49411558096125
-76.55544300705849  1440.6261849436337  130.9023992405298
-79.85095019947384  1443.7649431873758  137.64694102586859
-83.22016574201444  1444.039017785869  142.60192605920264
-86.45121297744913  1441.8935673260335  146.5203977726439
-84.63243829254765  1436.7176710021215  149.5119815224008
-79.81523690231795  1429.9223730306292  142.35490676508073
-77.7094922017254  1420.3194840415038  136.96689808064957
-83.60464145200682  1407.5326891482696  131.5887727437472
-91.80526879075589  1391.1811855685696  135.46264346994028
-96.5350484549192  1372.3625753488866  135.4634635024148
-98.00013472521566  1352.0399383922322  133.28624621866658
-100.24864070307787  1329.4451590624328  131.0095911347398
-102.64905426574693  1304.8957559400487  128.5351208836886
-104.23050586746444  1278.8853517890211  125.98792565118126
-104.50486300205301  1251.9671225665777  122.65427592383637
-104.61847169544474  1224.4097284687891  119.98622247651406
-104.94028881672338  1196.3035647283587  117.45175425874501
-103.42700633092906  1168.3525529365995  114.74673539924564
-100.33713971407683  1140.8021463111684  111.65586596369029
-96.43964169490339  1114.0462706264366  109.19129494025393
-93.81843265650969  1087.971817883919  107.41687384855612
-91.0678274016428  1062.9505428108102  106.00912534818637
-87.50215322475773  1039.2506125711168  104.68230842186655
-83.44884033648633  1017.0853700254314  103.56523795594417
-79.47398141428751  996.6015154897143  102.67952937685091
-75.96445825421051  977.9263410976239  102.07419068142552
-72.44710782892311  961.146237749337  101.65445847303418
-69.34779275733314  946.2311583666528  101.38675348864017
-66.27491757390507  933.0977890910949  101.17489024698688
-63.68822985358242  921.789062724303  100.8979844708672
-61.303535658494276  912.1677292536265  100.52993160761923
-59.129919959029756  904.0505427731268  99.92731522339345
-57.08356772529308  897.2215021511005  99.24574287968836
-55.25127909628808  891.5946744991563  98.37219380356939
-53.70350572408595  887.0846164251641  97.60622649814219
-52.360741957898895  883.5688543877718  96.56449175155157
-51.14050793282446  881.0538950295402  95.60191258204311
-49.992162617048805  879.2569903115916  94.53084225187433
-48.935719041018274  878.334237581653  93.67756311089758
-48.05164912785955  877.8555429669651  92.8972483055636
