39.88185980271654  990.6721304496893  -88.82274380898484
38.81167723194713  991.7524421990917  -87.6470631341152
37.19871565403177  993.4297949182785  -85.91152049143231
34.93906834153561  995.9081150357481  -83.28727917949182
32.27132224380592  999.3611308685723  -80.23805422312769
29.001069284254623  1004.1537641839225  -76.46789022964397
25.40659021944688  1010.7308059007015  -72.07463953222637
21.16443641788435  1019.529488863403  -67.02798120699026
16.586249513365924  1030.7271131065436  -61.61166354643501
11.579541409844712  1044.2339628653929  -55.57321584230291
6.542633605599561  1059.8599168649955  -49.05203541969981
1.1992556457676784  1077.4265234501295  -41.25164439345679
-4.274473300942223  1096.786913143808  -37.4128982261106
-9.872029265795543  1116.6331786788587  -31.06217877850064
-15.383270613190726  1138.6293743753981  -22.638569232508846
-20.914786866070155  1161.3303008141488  -9.164510056284588
-26.452188550028872  1185.363048807793  3.0607317891423147
-31.99321194950344  1208.279751977501  13.738874061967206
-37.18379840557359  1230.7949318317123  24.817378972976933
-42.15286979804585  1252.7272009758192  36.36100506691163
-41.74015059615274  1273.7526668008718  43.68892829183919
-42.99123057491306  1293.8983250492122  52.17627880410467
-39.62259531614859  1311.9538095793896  56.315375477849955
-43.297983456041734  1327.7586417796256  66.08322461577279
-40.64661272813149  1341.099880523115  70.16331348909102
-39.13390610790783  1352.3394092165267  74.53672131334783
-33.360127697385025  1361.6806270184836  74.47558807677859
-34.804681256697926  1367.9743647646424  79.38682999123392
-43.190718372625966  1370.628465412799  89.24501298704755
-53.00840996762868  1369.557305866946  99.26180912427719
-59.80651967528067  1365.3915215349248  106.11421987408562
-62.83878655870228  1358.6363855747245  109.37003219417787
-66.81531619761694  1348.9780678942543  112.16617958385277
-70.95184994023182  1336.282893285456  114.2545742204301
-74.69840732368255  1320.8220592695384  115.19895062460294
-77.42737483693928  1302.6059034448624  116.23792956214366
-79.38900148214663  1282.1277011836044  115.76153952315093
-80.71047659757716  1259.6032031347145  114.83199168927256
-81.53748102257217  1235.503295039772  112.95703820245004
-81.32989253286472  1210.1852827590615  111.43519245020252
-80.57247530901249  1184.1965106952516  109.81107392840246
-78.92072961802164  1158.0395241015506  107.98641009918481
-76.94780001000602  1132.0542957162938  106.47010292118904
-74.62106268655963  1106.5991435389913  104.9272342001786
-71.53017239455806  1081.9840783513937  103.18666769989468
-67.84783962726974  1058.4063528004351  101.3076204186062
-63.75345616705189  1036.0951455635832  99.28556635488167
-59.99583973568067  1015.2195569963371  97.73185251184377
-56.38287332639  996.0449096563425  96.28493164817561
-52.57991378136879  978.7173179210115  94.98694295417525
-48.82833732972014  963.2914253672136  93.61118448596032
-45.30181416752643  949.6997969380609  92.27177686937956
-42.04155066758575  938.0184221098707  90.81355955869181
-39.081687534073886  928.0927127490625  89.5356679395478
-36.41115156003438  919.7391643856524  88.08898860096933
-34.05959028236757  912.7735864437325  86.73392793181861
-32.055947776448505  907.1317365782975  85.2601653625509
-30.35755747756376  902.7707890333269  83.95591629919731
-28.981185078811013  899.511547398759  82.6664175167605
-27.874803896903156  897.1571192299709  81.48069596391208
-26.996512439011752  895.6201110855109  80.22115438427993
-26.320257208592274  894.7430441657331  79.01208631583759
-25.786754512610244  894.4628226141625  77.74166543499842
