38.4696517716334  1046.1380344279391  -114.83340767089429
37.11236504471248  1048.4659623763257  -113.21062216741244
35.09159739923257  1051.9865513549641  -111.06377489906022
32.53264209478122  1057.1158253795852  -107.40581741238947
29.446766709689097  1064.2620574433895  -102.91284681909704
26.096652402506095  1073.8136288727756  -95.88779549610669
22.12417184386518  1086.03365317838  -89.92465203675823
17.63682775625927  1101.0492395286367  -83.23221942667647
12.569846400887606  1118.709775550346  -77.36334161762849
7.431718576650907  1138.686894321691  -69.28474045578336
2.0144293725211315  1160.4574114314785  -59.78352495411916
-3.332764131226989  1183.4845717513167  -50.28105292387071
-8.84555437811351  1207.6099490729337  -41.064060784759775
-14.126058019910108  1232.1878252659708  -30.302245129520188
-19.44712419750982  1256.8912814804237  -17.903553906006646
-19.35860166927991  1280.9023173752655  -8.501920899784562
-20.78718923700504  1304.1398056182388  0.5784725132572666
-17.2350432814773  1326.221984851604  5.487076021023262
-20.81613084752277  1346.819401823938  16.395758660808642
-24.893659263474355  1365.3040613936837  28.121221603349746
-32.93888924046992  1381.1871026328413  42.8809968388943
-38.698550358743674  1394.3192601650383  54.45262820466665
-41.846720498961  1405.154029483388  63.02132391609282
-45.88161040114647  1413.1989788123612  71.11138052797652
-50.07807634534943  1418.302104060914  78.0372829488725
-54.02917473058381  1419.966871894318  83.56235733581283
-57.40444579184805  1418.3820305520026  87.73088552292768
-60.4659128459861  1413.6022643503732  91.3671598752103
-63.55665101436423  1405.4302437087463  94.22550140134999
-66.35157590351645  1394.3479268207943  96.19830901052165
-68.69173584828732  1380.1439046657795  97.48179039322781
-70.69211386300026  1363.5716087622122  96.27819327540469
-72.48558649689429  1344.4955810384881  94.60807374446432
-74.01397010950782  1323.4451581245025  91.57869135312106
-75.25912049640077  1300.202722426472  89.59799009709246
-75.84013813301131  1275.304571877182  86.6219761079138
-75.9464495123518  1249.117980278607  83.92627919724954
-75.54018196852074  1222.1357142181564  81.38161831248013
-74.73465365247405  1194.672118365615  79.23722319598212
-73.37053359534482  1166.957150895754  77.30011367633975
-71.64992248271284  1139.3127407044144  75.45571206124566
-69.86997665142555  1112.0545130578184  73.86207349291216
-67.79420816880975  1085.53746715522  72.55860746736998
-65.50997406884588  1060.0473787723527  71.4533945492312
-62.83404599589235  1035.8708138231948  70.65662834338735
-60.5260199209608  1013.2400366891251  70.33908423926829
-58.40066910074179  992.3932861872139  70.50610663652112
-56.441604781906314  973.5987265783882  71.05147577947224
-54.561017421043395  956.9392790062842  71.77107044348503
-52.79477484006809  942.3768752855258  72.48343468026675
-51.395884695590055  929.6987804683172  73.07497115987668
-50.09711947991871  918.8665640657161  73.48458264995273
-48.88863915231582  909.6389425505289  73.80756427663167
-47.84491438611701  901.8239357970466  74.14807452627662
-46.93764563175121  895.2192710208918  74.37646459912555
-46.102730980711605  889.7708242378126  74.5965936827329
-45.3357102038518  885.3327259589995  74.67317141996494
-44.60255979434343  881.7123111956599  74.75761585215396
-43.99256774959688  878.7119085263014  74.78758445534424
-43.41912292003186  876.2683051174582  74.82213239960271
-42.899731331066945  874.2605668795289  74.83928747622484
-42.35257212486137  872.6587434597434  74.82822188791133
-41.82694298998755  871.3365668973365  74.79651457140463
-41.284596139443074  870.2803476100462  74.74293434881096
-40.770948688173846  869.3909024955143  74.6812428979943
-40.21850540919159  868.7069421677711  74.61574439779326
-39.68173616895718  868.1698553288014  74.5458047004893
-39.12718329946915  867.8346680624337  74.43295736456156
