40.58478585838615  1069.5621225340135  -112.63576629594314
40.811078762591784  1070.3113070465233  -113.27766380709659
40.872482389583894  1071.820811936836  -113.60856014451339
40.34092010380643  1074.245853541064  -113.7961849656234
39.525336475945686  1077.5940466811917  -113.84773140485314
38.06590969878925  1081.9054302174536  -113.65652770225371
36.37457592883963  1087.2229311778835  -112.64765600304253
34.145882574620614  1093.6427841943037  -111.25747127753577
31.3815755977502  1101.226393226487  -109.64546891916356
27.87204358449317  1109.9727856871648  -107.57175091335608
23.81670260181161  1119.8111155629117  -104.03480535191895
19.481196289689404  1130.682863731094  -99.17563168312712
14.943048409795626  1142.5221678002451  -93.99599689313767
10.0285956354425  1155.290303250988  -88.38040984508793
4.792998190154037  1168.8911795040506  -82.45539696082847
-0.6833053591383522  1183.2371662311612  -75.72158371676252
-6.019229979257098  1198.2170475646924  -68.69059426236797
-11.355518762875409  1213.810895543892  -61.259038334773074
-16.61414003445929  1229.955174011848  -54.3864138899775
-21.873496993197016  1246.5491453569555  -47.5829415205887
-26.977837516115898  1263.3759160885684  -39.955861703058716
-31.94728166073809  1280.2954973207445  -30.88718195134574
-36.90017549592321  1297.245466040251  -21.947984037467968
-41.75137196255419  1312.9251373522957  -13.303949887804826
-46.30131732856605  1327.156282769852  12.454649737466756
-50.55824974548718  1340.4096749464638  31.86257308222369
-54.40428202415859  1356.2304698037008  43.39770943038399
-57.85384594458615  1372.4743163640703  37.26867254060021
-60.95552125066902  1387.5274726545479  32.02809233160873
-63.85058247418337  1399.0473645673294  36.38916206216042
-66.63355349238554  1410.746362292014  40.81848666524713
-69.01370158574784  1422.447173210208  48.734958581875055
-71.08122134344649  1433.655048636021  53.220328397686444
-72.96177726830403  1442.5453901700153  56.010202754822224
-74.81354252050842  1450.0382798594485  59.87708968272391
-76.79286702629905  1456.5747442709633  63.687561010294345
-78.70602871803823  1461.950667018332  67.14651530342525
-80.61771535957452  1466.0184787443475  69.68016095611902
-82.26582598659053  1468.5643700078883  71.8105061196731
-83.84756363887634  1469.5852799876222  73.30071621215444
-85.32696052867233  1469.342967503644  75.51937130177078
-86.824464341469  1467.3337079077291  77.20815866242407
-88.25232298189785  1463.984838018904  79.41218118190831
-89.74613593468827  1458.8547579282235  80.47455732243665
-91.36478242820047  1452.3894939182655  81.70478059143443
-92.94348315186599  1444.108308159596  82.5388183231706
-94.34591672976518  1434.22517574159  83.57363910550866
-95.49876390330222  1422.5626967208223  84.0978513007258
-96.56821214347777  1409.3525165585622  85.15161832299376
-97.52318291957646  1394.3620988873545  86.04747982677128
-98.25711423099844  1377.9868995084908  87.13413830473574
-98.74736936589002  1360.3581109271024  86.31883046420506
-99.30743907040561  1342.0850278252915  85.36332177742896
-99.63619371629353  1322.2752942133502  83.86515152451685
-99.88660685039551  1301.4016289201986  83.36316401845724
-99.75368796674789  1279.2835326743043  82.59377529241799
-99.00033355871656  1257.0178368200309  81.00738097837825
-97.80613789531988  1234.216965056647  79.2677491988999
-96.12889599843417  1211.1042072105665  77.1302080015838
-94.44317165870176  1187.6679338352183  75.81642931121715
-92.20788950974003  1164.153834449596  74.19508547281214
-89.46907507761405  1140.7160721715072  72.31469037036139
-86.56996276747623  1117.448997840442  70.0688605443593
-83.50629737649577  1094.4623156884163  67.76937646254171
-80.16752104875347  1071.9155967481474  65.45361327016145
-76.49537209750994  1049.9441196122636  63.2224392650295
-72.76276317098119  1028.7305690075968  61.18563405155667
-69.30863155765208  1008.3567236121082  59.595039886706076
-65.68398028142406  988.9656080835665  58.177028054499424
-62.185017894540096  970.6183683829603  56.78634819099413
-58.69626000026342  953.4325648373119  55.56452330609822
-55.7089786131076  937.490972990443  54.55468706123182
-52.99636554337341  922.8508734882987  53.8897747499412
-50.45264854158858  909.4814222228226  53.32484520159559
-48.09936469910914  897.4062027402296  52.901075094982616
-45.81154192468027  886.5966170348881  52.433531020481176
-43.73306091523238  877.1198173095852  51.99184301602905
-41.76170557799798  868.9649647244781  51.561220385378704
-39.96011270732605  862.0440345665004  50.93815383980839
-38.26469247804323  856.1521261094601  50.29801616958499
-36.683354575409986  851.213324655614  49.53621042891029
-35.232583281751204  847.1441709207047  48.87320585496393
-33.83083445256606  843.9693876220946  48.0520518348308
-32.62747487438706  841.4801379842967  47.127938766012306
-31.551164301519695  839.6288559115212  46.12792775678779
-30.69101904507925  838.3131746367789  45.20435345518814
