24.28417503633718  1146.057918198805  -92.05522724973267
22.13298590948006  1147.764503319166  -89.99874705979254
19.41545796870116  1150.6771111336104  -87.04349297119428
16.111448914058126  1155.05117053939  -82.5963364079101
12.244193829031294  1161.0254453433386  -77.19984409032593
7.809613994700979  1168.6553310667887  -70.80039572236943
2.824809951996453  1177.8796326752868  -63.736184156449035
-2.5611675426889984  1188.6565238448018  -55.276297931031095
-8.192257981612768  1200.9071629337006  -46.1066902510107
-14.087173093571629  1214.5301244829895  -36.058439106398275
-20.146906333896997  1229.2696593754458  -25.589581345907312
-25.785461499971742  1244.813100414028  -14.148425848849552
-31.807367056467765  1260.7710713813708  -1.5730326853996175
-37.38258937069011  1276.8203023234416  11.11787734530432
-43.448549669324784  1292.5382322471594  23.8662571698437
-48.68994211629392  1307.5215957176806  36.25663895437395
-54.01297946409354  1321.39357526046  48.4173106169091
-58.96577958460877  1333.7201096162642  60.395260175128925
-63.70169027562639  1343.9675268956257  70.820834282695
-68.04080076374342  1352.2312049671489  80.30875639986884
-72.01498165054575  1358.1563640571476  88.31910130362198
-75.98386846732723  1361.7360100995809  95.52431722227799
-79.79967246773144  1362.359176954471  101.77741273544909
-83.38662420312178  1360.0624228717468  106.52086852423912
-86.4561340690587  1354.9664473687621  110.17835217943212
-89.15494448222312  1347.0302151689634  112.25166571437755
-91.50397358618278  1336.3038465579405  113.378267046972
-93.45736297603972  1322.5752886152354  114.06605077505876
-94.98479303957825  1306.063552572831  113.81193678000996
-96.20835914413531  1286.8717562854665  113.1530378119813
-97.13700790351989  1265.3760824000544  111.47011351604995
-97.56588526868198  1241.820928303941  109.99018342875901
-97.39715060399439  1216.531251022191  108.20137835148238
-97.03404468248873  1190.0831088230607  106.61306754853533
-95.91853095035253  1163.2281408543395  104.62741383210098
-94.45753267612969  1136.7255251754484  102.85196470961596
-92.07913027270592  1111.0706317723727  100.8113301088117
-89.8085684607089  1086.8382684559265  99.26842131881828
-87.27103756779822  1063.6689806351435  97.80328618973527
-84.84073080346191  1041.999155861654  96.71592326988527
-82.41068784760058  1021.5999127375682  95.8104313246083
-79.99163161903444  1003.229142432833  94.96502458898236
-77.5929057873255  986.6697925153906  94.29006780525368
-75.26176520315258  971.9006792728235  93.5769920691831
-72.97816503257187  958.9575403525336  92.97472421817659
-70.88385831121063  947.6405946638935  92.32309223124426
-68.77821649416188  937.9258092796842  91.84088622933936
-66.86904472855281  929.6003423230406  91.31695737676681
-65.00752309620623  922.5497360489969  90.82924435689736
-63.28097083283793  916.6344987710186  90.323259304971
-61.68889605787119  911.7149288858293  89.78851239687499
-60.16205852620376  907.6732294135712  89.29793158310619
-58.86429565520899  904.345586930307  88.71047337732703
-57.655662958541015  901.5895850062153  88.21680562739706
-56.629172441332855  899.3840873758676  87.60859053620955
-55.688178392394725  897.6150684514737  87.10669631511435
-54.86576312171016  896.2468433971792  86.63690217989426
-54.18937507114846  895.1559663951302  86.23163419199277
-53.6114396231409  894.3382863282332  85.859459012576
-53.12983108121588  893.7120864934855  85.49449531072337
-52.71108791120127  893.3049426331878  85.1666337200376
-52.35807016355208  893.037426905902  84.81131405190301
