3.44196916465097  1133.6562669013213  -45.266689533505826
3.360082690903321  1134.0351756481368  -48.59686400158707
2.514812735713559  1135.7652281740484  -47.18758387679861
1.0253696207880145  1138.8906194349981  -50.42672742084133
-1.4484986338432189  1144.1523471296616  -50.60222193732858
-4.25898934022342  1150.794929661021  -49.45821275055456
-7.725030490832719  1159.3869625059833  -46.9423221331544
-11.653118013549722  1169.8859983632142  -40.978282314834686
-16.210545357207632  1182.3064571368598  -33.4844713820892
-21.15216510445709  1196.4636743495923  -25.129440377245174
-26.477054413283824  1212.0200902520837  -15.490224007234747
-32.24220092241637  1228.6593103259665  -3.5405970268197766
-38.503355101364335  1245.9680038034646  10.98718886147205
-39.76983164359116  1263.7175294834958  21.156487946010394
-37.6061380700141  1281.9705760268253  29.081740955772844
-32.66258913602122  1300.0267387364795  33.981642122400096
-35.57581185526965  1317.5208322970288  41.40822820110445
-44.9622508312513  1332.6256100434118  59.08432176084498
-55.89656622717468  1346.0725983234051  78.22700574826659
-63.44763051496637  1357.1995944283938  98.05312359854861
-67.4805691955854  1367.0593217285898  108.3751089288956
-67.37487495303093  1374.5022446026035  118.12494977970752
-64.29997940275109  1380.4524586408004  118.2931012270329
-58.39480381793855  1383.4968897154743  115.81226616030641
-59.779629126159044  1383.6584511394828  114.13687246181138
-67.12440364005812  1379.151608228369  120.47653044471923
-75.90924210186722  1371.5824315408413  126.8444053216972
-81.94970132359676  1361.193467408121  129.5245002331959
-84.25711203245247  1348.516793504036  130.50927159334128
-87.2447886842667  1333.1079564776062  131.41662258497064
-89.63157519153015  1315.0498571448718  130.35220338161554
-91.64296366671417  1294.8323382594344  127.93130788935258
-92.81645448732003  1272.5284890992586  123.89881196030952
-93.32370625778543  1248.258929310651  120.46283480119871
-93.34780103595206  1222.426683786478  117.14850020218087
-92.61992957991274  1195.4984747000867  113.86939971683216
-91.48105287846056  1167.9099268944888  110.53397125873423
-89.96322252992886  1140.2265104738703  107.31187367990694
-88.00898566025496  1112.9330843956968  104.5683410198566
-85.80657383556364  1086.5467837813276  102.28862904718883
-83.03496456051509  1061.5198237806837  100.39676352781484
-80.80372018309039  1038.0509649157584  98.98053219168769
-78.29892384616912  1016.4857371684171  97.93912880830686
-75.95569288569915  996.9172455052354  97.00301069935685
-73.32404028887967  979.3830756439278  96.01178897179439
-70.61227897054417  963.7870958767527  95.06789958737008
-68.16853527179781  949.9484261387615  94.16332234481449
-65.70144353288624  937.8076525416368  93.35778567645534
-63.466406743725884  927.2374482132892  92.62903365997389
-61.25323435097922  918.1675073017959  91.89609828005102
-59.30899210874166  910.4187825090295  91.2472793185831
-57.50808875101636  903.7889208380641  90.59939490998471
-55.864637060918675  898.1520476754769  90.067340480631
-54.37845862692273  893.4439558172069  89.55296095615297
-53.090926112322336  889.5640717676966  89.12442999317535
-51.95168108249022  886.4124310759344  88.74198651981588
-50.966950204208786  883.8392296467973  88.33777638871999
-50.09342513585784  881.861454497889  88.0172628704369
-49.35631733272524  880.3475991006904  87.66908450510012
-48.71531979595055  879.3387257611259  87.41013411668726
-48.13723413140408  878.7150012603047  87.13253321025127
