-13.752147020838045  1177.8048073050509  10.037214735531204
-14.364925029156705  1179.624911896061  0.7857619117772094
-15.364046102466215  1181.5658427328735  -2.729779982780096
-16.531842549899352  1183.1406677064165  3.9368904575873698
-18.062416722986853  1184.5506890060656  7.874751782737111
-19.794085678168397  1187.7659460808086  10.640420289864412
-21.97847238533469  1192.165657177778  5.874362845777156
-24.36473955485694  1197.9278753379926  5.375691793337697
-27.030223361405774  1203.1182544136327  6.782225718672734
-29.894300462844086  1209.0148027520347  4.12763790296856
-33.12701068032624  1214.4417294702807  3.5696629688275694
-36.595625430595966  1221.4332523939647  5.516901628697964
-40.24176556125363  1228.8111392959881  12.808006326563067
-43.95401556205321  1237.5818222907376  18.75405381821624
-47.76481596213414  1245.5747807753755  22.757377580659174
-51.5950652745454  1253.6807030282935  28.035876165370503
-55.37446972382279  1261.935487223045  33.768224189938365
-59.13865213547614  1270.0684290766799  40.130051385093424
-62.72756258225395  1278.0589652992664  45.73761626740972
-66.38818758477905  1285.7345206753325  51.1564451985589
-69.69029791260967  1293.2080756628272  56.275385775796366
-73.02591124236771  1300.3772972421439  61.4872816020996
-76.01495655718583  1307.1415859945312  66.54188565361976
-79.05267710989952  1313.4206431092625  71.51611418718554
-81.72863142585523  1319.208502835512  75.99132917715752
-84.39274340598975  1324.5393256055345  80.00600329948234
-86.78749909266226  1329.3982068483729  83.6789229899431
-89.10200719894907  1333.7866205491516  87.24259691342353
-91.09120977916947  1337.6788373684792  90.780105820899
-92.92845636282823  1341.1339116508814  93.98513852511319
-94.47676572994985  1344.1484377528025  96.82247719360765
-95.85619602044486  1346.718745521211  99.30350518037332
-97.01972563641768  1348.8777003553157  101.51242045417709
-98.04668044110126  1350.6342978310863  103.40889589677128
-98.93660614884273  1352.014599138912  105.04224153125533
-99.69635768459455  1353.025210074916  106.43593471952309
-100.31519871017512  1353.6851191151802  107.60598066026252
-100.8485988120164  1354.0605283144262  108.59286447024866
-101.27754721677876  1354.130081809315  109.3955696597576
-101.63662728248846  1353.9944548065937  109.98130325513091
-101.90144828356918  1353.5808367650538  110.38725972061536
-102.1188262881285  1352.9612776013212  110.63533784575188
-102.27970598537266  1352.0574849120887  110.80773811893806
-102.32968563204219  1350.9414419867967  110.82753482502423
-102.34255793395012  1349.5315745089817  110.80761547068256
-102.32027926538284  1347.8517144717803  110.61063324762651
-102.32583188810955  1345.833161685121  110.4210911885029
-102.20359758810717  1343.4809346955963  110.01930160634677
-102.04227528844898  1340.7403284185345  109.55755829227289
-101.83426337049984  1337.6301017225019  108.81140372567897
-101.65679530006855  1334.1458676241919  107.84470100755351
-101.45282736690426  1330.3075367682434  106.79089447754438
-101.23214630175359  1326.1214586536335  105.61398851367457
-100.9451888284594  1321.6316616483882  104.44500650209054
-100.5790794584607  1316.83259080212  103.22876590331775
-100.1585453444558  1311.7782394370722  101.94708192552258
-99.7364129125042  1306.4301859136822  100.77332216526872
-99.07200448070421  1300.8715545568618  99.25536012623427
-98.32823600307303  1295.0544040447655  97.74329107780423
-97.48869152489975  1289.0067718443129  95.96667327476844
-96.81119265820463  1282.6832819745869  94.40715807119977
-96.16981344742322  1276.1497622917761  92.81545733940943
-95.58404913928811  1269.3975093390377  91.42700261117702
-95.06849947161108  1262.4660536868096  89.86306742179485
-94.51046490517834  1255.2873348920655  88.48685071479369
-93.95736020271316  1247.8819427730343  87.09113826979684
-93.42321627077675  1240.1912253728406  85.95097741962148
-92.97037312369592  1232.3047707579733  84.77714699214798
-92.5767522467469  1224.2158784353405  83.56971091476935
-92.05233621863887  1216.0372065289068  82.25059453889118
-91.54440563282145  1207.6725904835118  80.84280670440336
-91.00440124908496  1199.2033714473216  79.43307294622916
-90.5874441213735  1190.5415397066317  78.08501507455513
-90.0327498710832  1181.841823325214  76.71504658485603
-89.42606313662525  1173.0634664364484  75.22925685611686
-88.81167000137354  1164.3463239248908  73.67450139577006
-88.34009729744255  1155.6260781050632  72.1487481071909
-87.82424892848726  1146.980991437281  70.75127568981112
-87.34141840437647  1138.267185403612  69.44303664171812
-86.64984409603814  1129.5315306634118  67.84893052382587
-85.97375509096474  1120.8207136917824  66.1882241697895
-85.18340572716365  1111.9472624126438  64.46121326654195
-84.35681803087877  1103.0867729510915  63.03192422396082
-83.38430654367772  1093.8956081403176  61.585604415729534
-82.33140724859037  1084.8095609824059  60.189009762480964
-81.3212460176594  1075.4457647722802  58.89714297981285
-80.30235144599624  1066.2033586573425  57.68577033106576
-79.2000107233503  1056.7897456879298  56.493202714131236
-77.89735205990925  1047.4708772800345  55.398420837902535
-76.5432084369382  1038.1124509224992  54.46142651567416
-75.04151383548167  1028.9054871650108  53.64898910982332
-73.53064368770946  1019.7768449641021  52.84974193857463
-71.87569996792361  1010.8141832524468  52.03643132701324
-70.18796549849527  1002.0315329480117  51.251687153623486
-68.54675530331852  993.5804949065086  50.538707318088605
-66.82442691161606  985.50409915451  49.90557960589041
-65.16535979613286  977.9573269031973  49.3283926678988
-63.43717868468579  970.9825071455841  48.76064000906432
-61.999797274281065  964.6773201322264  48.251603906820705
-60.67716262125429  958.9999110302533  47.823376375970355
-59.50966753599626  954.0103692957214  47.490552508205575
-58.36417836404378  949.619656813373  47.18241399599497
-57.29678218503265  945.8454580521447  46.966712068256996
-56.37744912257601  942.5906937904649  46.77983415378108
-55.57444135361287  939.8298004977447  46.70772391121362
-54.9164398201577  937.4828266811812  46.63921240390028
-54.302316230677874  935.5224344793636  46.62334731273712
-53.791057526507146  933.9134541876124  46.61735525076739
-53.31167310044146  932.6384637045459  46.65467144154993
-52.897931722674635  931.6100424438059  46.72146835252104
-52.50783495630735  930.8230726870636  46.78999059518447
-52.15863881707606  930.183470937799  46.909228806594996
-51.86398164037583  929.7113542451033  47.09457974332722
-51.555093404609416  929.3227517522897  47.3576973048972
-51.28262544263041  929.0134046332578  47.65366397531562
-50.971375907624875  928.7366061569392  47.962874928164936
-50.70242477653957  928.5029747156736  48.2821460947875
