-16.3816529751054  1288.180473425754  -68.30716658204356
-17.409229590834382  1289.8748258225942  -68.37918340047682
-18.69254604895777  1292.8986222921947  -67.61451891262095
-20.54413241501526  1297.4202903167848  -66.31057161589551
-22.708214134889516  1303.5377479181802  -63.912904013773826
-25.18848289560029  1311.2885324719387  -60.21667169060133
-28.22791813566215  1320.6285773527115  -54.57093482917105
-31.54306857876562  1331.4900837939763  -48.19002275775784
-35.3106690199916  1343.730478981699  -40.74181548839995
-38.96761322061364  1357.1849025648132  -33.220513472463004
-43.17157448132916  1371.5530593956423  -24.09056027979915
-47.400807304545275  1386.5620127611053  -14.576077228448874
-51.82850632565567  1401.8451671871544  -3.3556180283586015
-56.24963766901692  1417.0725401113018  7.362128750316304
-60.75852100014509  1432.191947752502  17.778806030155835
-65.04147722258651  1446.6384659009632  27.89191209298319
-69.22715056524368  1460.1403917141283  38.05332707708098
-72.915451472831  1472.081389083256  47.802042490272214
-76.5761259912279  1482.1347855702688  56.40567543010106
-79.86139165650427  1490.4065537526396  64.11588539007415
-83.15677436354918  1496.4115795026569  70.86631406006394
-86.3082780061695  1500.4117874528683  76.72906243094904
-89.27483393628523  1501.6549744202111  81.38686153768255
-92.23183674421702  1500.5557600873306  85.74695563735884
-95.06129996334067  1496.7489194019633  88.96320402264107
-97.89374975169521  1490.5711276081288  91.88397541421193
-100.52648042521346  1481.7474086213128  93.97531386473044
-103.01627760259396  1470.5441612673685  95.6487425595781
-105.29140868588254  1456.7905721232628  97.00264143731503
-107.34050517859073  1440.7991111277543  98.43150216230957
-109.13207333049701  1422.4651850934783  98.97571055476814
-110.59280190284721  1402.434492279147  98.56161969733768
-111.76024021255145  1380.5435527363763  97.50680542641356
-112.69859178879612  1357.1945016700022  96.647669722268
-113.31797717666032  1332.2586428633447  96.04861363288711
-113.17323430141901  1306.2974343302935  94.6219380667093
-112.29915192278426  1280.0625529848953  92.94588163070198
-110.8517256752764  1252.9241605731138  91.2881175911225
-109.290387608117  1225.5083990527064  90.13297136171113
-107.45000633553212  1197.8298612255442  89.1090017541415
-105.18988585539108  1171.384301020819  87.94733517554829
-102.72018292463761  1146.2408643571348  86.73421193915318
-100.13107979986927  1122.659880778665  85.72780560270958
-97.71586081544339  1100.6911520543586  84.87527435415797
-95.16295709135917  1080.446953679565  84.37632860321382
-92.81310406083757  1061.9126139863179  83.90636814684785
-90.48941971151838  1045.1970006070053  83.63632539326031
-88.42222368487847  1030.2268413882389  83.28262763752369
-86.39958267050463  1017.0385877144357  83.04690829812544
-84.54070190238727  1005.4466534219454  82.8225799629964
-82.79801787876579  995.3941258897429  82.71517215640671
-81.23822660600683  986.759275502671  82.55337473182033
-79.90323190531788  979.3937623646293  82.4595465612497
-78.7390684328728  973.182064986678  82.30603657027012
-77.69585909066882  967.9883502707083  82.19925817606557
-76.79901620795403  963.7265623768037  82.04556917608788
-76.02629701472756  960.2391056876863  81.91637204024238
-75.35051987831764  957.3758294608132  81.76712696404903
-74.7196724686926  955.0967465978362  81.5728318320259
-74.14403108254508  953.2760280492311  81.31342577355883
-73.62527595652962  951.8593527715464  81.0424430357455
-73.10715805010156  950.7127915708892  80.82431314320272
-72.58773980452331  949.8414160562894  80.64408653107274
-72.08306942029901  949.1904618807239  80.4414925394507
-71.63326853924983  948.7942425410849  80.23468019037882
-71.22479684633791  948.6035406025668  80.0497557424813
-70.83522614506394  948.6530865814443  79.89546033082328
-70.47946753193425  948.9028922077636  79.75370229177585
-70.1727444978606  949.3559204766979  79.61285707436375
