-14.777765221103358  1182.901900700403  -80.28819078182438
-15.109499793596624  1183.3562848881554  -80.88849754509903
-16.18631871567891  1184.6592377795248  -80.624731999623
-17.98006024925735  1187.315321970013  -79.92539262505457
-20.749181566833713  1191.59968583018  -78.25998970454292
-24.334066693308745  1197.8492038960346  -76.24970533201798
-28.988655252334418  1206.4089917954884  -72.65612240079219
-34.11359830967665  1216.211217658905  -50.47044713275383
-39.91995625892636  1228.2032026438278  -37.35976633689519
-55.668457635134985  1242.3756127280546  -29.55592139462527
-67.46853683117266  1259.9259785902889  -36.104560340260555
-78.69645781715565  1281.1758129270706  -29.011464903790877
-79.5698818877583  1304.0045405685185  -10.775995622915717
-83.29681289751849  1328.23891843222  3.541694300189045
-87.5024040085925  1351.652495405769  17.024014879824577
-91.0037198052747  1375.2833432404834  27.202684226630808
-95.20029892703745  1398.4328013217578  40.56252804749223
-98.33659344077267  1420.360787371094  53.150919541402615
-101.71308488489947  1440.9716682214155  64.8261276244424
-104.75515138332209  1459.3974869450649  75.47565428997407
-107.83973730516328  1475.415854637477  85.79407671624276
-110.64428699264937  1488.4732841871014  95.10418952744425
-113.28900675085086  1498.973357045269  103.38721408743825
-115.71381591461063  1506.818222004541  110.10012840569271
-118.43925104332453  1511.4549256024316  116.03049100334901
-121.06227850082483  1512.4346054346024  121.19185871752087
-123.57566615028253  1509.729574284243  124.93005146768064
-125.90636729498667  1503.4836480463857  128.0089167102102
-128.85771986300364  1493.1022344215253  129.86666016305668
-130.30381098155277  1478.8788859736485  131.14634913272718
-129.8124009738313  1461.2297060200508  127.96853889889942
-124.90501978295711  1440.6334060932318  120.98050335907176
-117.26347536204142  1416.0976975693552  109.88386122049565
-110.44918224542327  1387.4447037597265  101.17022434678132
-104.60348654322571  1354.4662249270018  93.36305171349693
-101.62272548843485  1318.4063797961708  88.23656055171814
-96.5654620527603  1279.5361765181856  81.83704289113297
-91.98448446148569  1239.4335728213048  76.74076914904686
-86.69399397391622  1199.2679159777986  71.8671003608189
-81.39129506497784  1160.5890887550577  68.60136647292516
-76.39420838019686  1123.8051429835648  66.19861509519744
-71.19688461666712  1089.298852131989  64.89165342680423
-66.92891681215548  1057.2820578337144  63.986397063099076
-62.63359348098919  1028.0134459602655  63.7180410523556
-58.703499669373315  1001.6291259580739  63.585868388797685
-55.21761249492274  977.9689593584509  64.06199850328176
-52.12410063426348  956.9574676553116  64.47723142929229
-49.43984788646303  938.4068608457269  64.8249636796033
-46.98876752075147  922.2448137222286  65.00427106916632
-44.850337775721755  908.2853846924739  65.04300972751767
-42.953797664015305  896.305348909274  65.12422078548266
-41.29137574765188  886.0628379156269  65.08977638325779
-39.86914851182543  877.2815479481662  65.03346234625347
-41.60863765249573  869.6189575859712  67.30318778895973
-42.37387938771376  863.2272655689391  68.57027062893391
-45.72369772983777  857.7190145847471  71.81334555411095
-44.928021183378064  853.4388459973063  71.47142349393948
-47.836034898000094  849.6450348590788  74.00225724214968
-47.10211990135005  846.800282148724  73.40785890882421
-49.922258222495905  844.2608703069589  75.65497632615102
-48.9258125343632  842.2119177351487  74.69005598947506
-47.37150741422576  840.8720527969177  73.19834155170805
-43.698001332730165  840.0277997308535  69.93511668783538
-41.15819436314564  839.6192140898253  67.60299105799922
-40.34647704587009  839.0214555824631  66.7475520766461
-39.06686683629186  838.589202491901  65.54283954545797
-37.76772962403294  838.377570586495  64.34956605245584
