-29.270624567485655  1259.8037759974552  -58.699708778148874
-29.970540512133667  1260.1692759995672  -58.6346805638937
-30.67199953808478  1260.7154698179315  -58.259312399456796
-31.848317757221853  1261.4514709646548  -57.47211591187742
-33.104606694699235  1262.3459118220478  -56.48901770173585
-34.65702200870315  1263.4555755752071  -55.14172379438908
-36.26372243885533  1264.7671130224262  -53.464029358919106
-38.20859267969554  1266.3329926502836  -51.06418095829728
-40.24894932239689  1268.1319580043275  -48.711763965652345
-42.56634451804376  1270.2117188842867  -45.871070847374206
-44.87816249596183  1272.5958572670663  -43.348401365579
-47.52513780686917  1274.658723728549  -40.03199718697774
-50.2413747278709  1277.4135781918144  -36.52804588423508
-53.34889735889282  1280.8411013845052  -32.4301210624773
-56.49533998845481  1285.4271130570276  -28.609022212080415
-59.87085329725619  1290.1900592036202  -24.165711388918695
-62.950344772417985  1295.2299469456896  -19.974224791836154
-66.32015376811158  1300.093187347832  -20.052601898693457
-69.66630033564167  1304.6332134923343  -18.36416507237575
-73.24092783273528  1310.968015005813  -13.770743611113058
-76.63668543827035  1317.6042589994113  -9.249837867242139
-80.1417189558971  1324.557508973885  -4.54316965515757
-83.806690603832  1330.2031104774096  -6.359589638072748
-87.66105783329705  1336.6752571186064  -0.2296423554951592
-91.30704695800398  1345.5365000718905  6.756456859114914
-94.69005059866257  1354.7037419551505  17.420610667893413
-97.8790987437116  1364.0167773246178  26.466108359785355
-101.12531809218841  1372.1168858684591  32.13022586165322
-104.43774840323294  1380.2522952923405  39.75481004911897
-107.70432222447494  1388.5102875640573  46.61060759969574
-110.84875975778381  1396.385361000578  54.79912969226834
-113.86678152767396  1404.0028508812568  61.924576070315204
-116.97660562566927  1411.1902100758366  69.09388615913143
-120.12139719235438  1418.1032131017587  75.78195119631621
-123.12062204099456  1424.634865327936  82.34057633971587
-125.7852595180595  1430.7340000484207  88.67821118221838
-128.19121698809397  1436.405229929401  94.53243261846214
-130.37915017064648  1441.614002310419  100.0205071869805
-132.2771119887686  1446.3569388397418  105.00664731546163
-134.2191125883204  1450.5305795569898  109.93050058035479
-136.00215140673615  1454.1002313356214  114.58330111043466
-137.67110351782068  1457.0812727465216  118.83939860146171
-138.92471058403655  1459.6050780986616  122.34570559933667
-140.0782406357103  1461.613412572192  125.48963790088118
-141.13250859157802  1463.1133967887483  128.20549047405862
-142.0803887169852  1464.050161442718  130.6344404607716
-142.93466088076633  1464.5671402061053  132.69351037956372
-143.73835367613455  1464.6096861385531  134.4221568518265
-144.5262759376468  1464.2721496435395  136.1365863833877
-145.31176785038886  1463.373566777458  137.486874631201
-146.0664646327402  1462.1059755260467  138.7914149945938
-146.66064474720957  1460.2611897864629  139.58009673319657
-147.373038668015  1458.0509959840076  140.52181248833818
-147.87422351075006  1455.1400472146893  140.74861817337091
-148.38754656676298  1451.921084411083  140.74667463735318
-148.62493296880973  1448.0775241152862  140.2392099896847
-148.93784541706842  1443.8518926889412  139.7960989148523
-149.11789557892575  1438.8827430517508  139.1413974004499
-154.4403840990396  1433.5106614352187  137.6073505144639
-157.58430362570078  1426.272300712785  136.1127164321005
-158.40510294556805  1419.5955152504978  134.69101540644394
-153.91214528641282  1412.1689391423993  129.88899070853884
-146.66261519195587  1406.3492074490814  122.52066605774962
-136.32854889358464  1398.9514029987477  112.2917027649121
-129.10553011790276  1391.191770694189  104.64215992121812
-122.88288492942802  1381.1727169418643  98.01424379485782
-118.0760500524105  1371.6505421532856  92.80603437465957
-108.3483874606602  1361.651517529646  87.85123459854965
-100.92902624424825  1352.1223562897164  83.48589179896214
-96.4400589130812  1341.1754379510878  79.66489724462468
-92.24083582497852  1329.8506713582  76.56299706825361
-88.24697462442234  1318.277203160242  73.64627480652965
-84.35918144592381  1306.4149482861117  71.21280146256417
-80.99576244408176  1294.2036271306697  68.8636276840914
-78.14825778156096  1281.6532484857887  67.09330566399524
-79.66198576512093  1268.7976998026263  65.65063864170953
-80.15943557013873  1255.0205158581798  64.665258363538
-84.09703609460328  1241.6435049454221  63.87498791448729
-82.3860471288132  1227.4818245278357  62.99492903347768
-85.27263800346714  1214.5262742024818  65.46785392090096
-83.31041567573666  1200.1583399170681  66.64562584363918
-85.86505173682926  1187.0726074313736  70.6652961891929
-83.53291816879837  1172.7845063780226  70.022825827556
-85.52717813363915  1159.8561065570977  73.37948864676773
-82.93504267452562  1145.7217793107554  72.97062282596804
-79.78249787071262  1132.8483174492897  73.26452555287094
-73.71906988873695  1119.5421896408175  70.77013632340969
-69.03832959205158  1106.9908374169977  69.27516730612916
-66.60411214495824  1094.0882662968697  68.51309268577502
-63.844960271373125  1081.3002862643414  67.69371785056305
-61.07262484597906  1068.7812721335397  66.86566362109347
-58.31944553038737  1056.5021652190708  66.0274943639963
-56.02413673559367  1044.5610109163522  65.32279973625712
-54.04675337853643  1033.0525613537718  64.81159222361688
-52.10213134523371  1022.1576119858845  64.33895055647211
-50.35074585446628  1012.0523452010773  64.09067846502323
-48.77699910552718  1002.8085468345196  63.91576316817071
-47.441105302419665  994.4337982864507  63.811892706192516
-46.1956975607729  986.9221517077129  63.65031382743444
-45.10816817730247  980.2170042519556  63.599754902911634
-44.16783407818607  974.3103632852144  63.64513388371657
-43.38995737958854  969.1570455457316  63.79488706105323
-42.74256144509621  964.7258816346331  63.95502754766354
-42.19437666605577  960.920373928156  64.15885852784741
-41.70737071827863  957.6587857682114  64.37927599039905
-41.286009098400655  954.8533997077434  64.61870262633497
-40.905211444677484  952.4503261355594  64.85215521916227
-40.571948202813594  950.3823671467878  65.0809297389259
-40.268501735028266  948.6011428358072  65.3099981378337
-39.99163314989983  947.0544339492635  65.540422089082
-39.74706732885248  945.7253530968951  65.78149235141736
-39.51150885765896  944.584078520539  66.00825756705265
-39.302516159281645  943.6204938186614  66.23410923553894
-39.10462102884015  942.8151302776457  66.44001548511558
-38.913461190566636  942.1637149578756  66.64407215352581
-38.737757070649984  941.6583825839522  66.8276817865813
-38.582553788374675  941.2825862698343  67.03560615347679
-38.46123452971413  941.0236272384961  67.22816235177982
