-33.326830799838646  1238.9578513177316  -64.14460072001266
-34.39191028742857  1239.9526818133015  -62.734064866289806
-36.16929310627765  1241.6622385214716  -60.11837339220035
-38.1123719446307  1244.2989632562098  -57.35058439936838
-40.64942576569112  1247.9999585274802  -53.3881263474954
-43.47063748798333  1252.9177866795244  -48.912587465670825
-46.89933432400142  1259.0672160997485  -42.8948045213781
-50.550957078573035  1266.5185703855543  -36.46081796076413
-54.450742700109956  1275.2358118685647  -29.819808619334598
-58.345285044544866  1285.034805445109  -22.133067684330378
-62.55020270440158  1295.6774488098126  -12.589377368934752
-66.99335023145386  1307.0120690760987  -2.612552519342742
-71.5751949698854  1318.8628131981422  6.348650730911676
-75.84772070629946  1330.952543549716  14.42081019237115
-79.86305258207314  1342.8444100098598  23.52877516883437
-83.40713389926418  1354.2894230804536  33.31614952547996
-86.883127798622  1365.0848698642837  42.6923097622818
-90.10865749451801  1375.078394962807  51.343069047484875
-93.25677281009712  1384.1051426833899  59.05365808705652
-96.16933432307181  1391.8724488250991  66.46584894889219
-98.76337829069665  1398.2764818020041  73.16098317139941
-101.0511450896257  1403.441139142198  79.30010737713934
-103.11050725100117  1407.1126540519372  84.48120957899653
-105.02415972056157  1409.1818458130786  88.91786714543548
-106.79776558436963  1409.1802337042895  92.46199015273287
-108.48073949203184  1407.2375193141886  95.76305811571297
-109.77926276719874  1403.0004865032117  98.06469951500216
-110.92004403939538  1396.5931424233383  99.50606040723501
-106.99940498169465  1387.7081534697636  99.9629614482648
-100.46162674871128  1377.023379426849  96.34561870486847
-90.82195995675399  1363.739410142169  88.25631852388543
-84.21602629609426  1348.0298089956664  78.14892444990699
-82.8956881903312  1329.3231618072234  73.61509212927008
-87.54136283419817  1307.9431642302088  75.45905184452448
-93.49729494076112  1284.4674905752645  78.75437989405692
-96.69337902726734  1259.4893919688166  79.84694966770549
-96.2976176610815  1234.1348896971476  79.02041106068299
-89.27105183170492  1209.2233997848325  76.09559669952999
-81.21588241187663  1184.916317032034  72.16913898956248
-72.25534935908645  1161.670186132262  67.00211227331724
-72.2152475363771  1139.4640980768866  66.51370182853728
-70.20636341251583  1118.5138400903952  65.75069097754749
-66.30876538144511  1099.7480126395512  64.23513945153056
-59.149871825162634  1082.7878292463913  60.15712928771814
-57.41965562682339  1068.0598957731856  57.544439039831346
-56.73275569154051  1054.8004438533012  56.6641942606456
-54.49945158593594  1043.352483012853  55.57687425215914
-48.87469048261345  1033.6660138469103  54.3820230364856
-48.35419255775949  1025.2690236072053  53.23137735960498
-48.8228780712091  1018.3525370819943  52.55594411859084
-47.91209856425731  1012.6980505268455  52.08736806593577
-43.55910701709691  1008.4117973766635  51.63495066659704
-40.68770202411704  1005.0658515549524  51.23001646840178
-39.84706559180499  1002.5723050184575  50.9454307098913
-38.95933140856067  1000.8282314448642  50.778636253677085
-37.81792001322961  999.6915269902228  50.66334664556287
-40.20282016310115  998.766095298145  50.57903121801626
-41.58056560322668  997.9319812883302  50.54978728694366
-42.609689636552886  997.7706412550024  50.5319308892614
-39.413451673396374  998.0721595345706  50.55141403668266
-37.673248784625834  998.7534542957839  50.58800988455836
