-38.3925492514419  1241.9046740039282  -43.397958611429544
-41.05351986506607  1245.1583047866663  -40.253355232694254
-44.389262251181115  1249.611107152849  -36.505203797815554
-48.20514029697926  1255.6395911951684  -31.368228864069618
-52.101547055491686  1263.2185174711767  -31.262145805580943
-55.907241965020006  1270.8015493262235  -28.723062145198735
-59.63044205421727  1281.0010962415106  -24.294416061919886
-63.20480595286116  1292.1961201733661  -14.534041653073093
-66.98573616557117  1305.4129468009307  -5.282604191230285
-70.37827214914516  1317.6489037516512  1.9459060178746324
-74.08676266085183  1329.9441520367104  10.189126245806579
-77.21244587283081  1342.278664875521  17.637649294682245
-80.5136177251575  1354.0724734547725  25.57685683925751
-83.45467957169456  1365.0148801149483  32.80698165079883
-86.45291649746  1374.3983592792006  39.80464975605248
-89.24694779099934  1382.147616220144  46.2097963483247
-92.00728218226779  1388.3748867430734  52.11964992363947
-94.65978172094741  1392.7278269765172  57.42647012725913
-97.38030347042114  1394.8506586667354  62.00597841325933
-99.96198520776196  1394.1365809857086  65.9410168210669
-102.35608629654969  1390.7706711990224  69.1800837041937
-99.6314512972435  1384.747490571382  71.86115787367731
-93.76882659286545  1376.4707660499207  66.61947411743205
-84.46744157685522  1365.588133434096  59.44273561620366
-82.85216521515949  1352.172767780016  54.80741170407171
-85.11437059108417  1335.4447161293049  58.3758359706973
-86.16231958102597  1316.53105924559  60.53682570713525
-85.53952671806128  1296.1170678298658  60.633909537879994
-84.39840165949201  1274.384318052359  60.62547082871724
-87.99100769521223  1251.591266129642  64.56118002715644
-89.74870851791414  1228.0009534233454  67.65921896597952
-90.37060005173664  1205.0673330851002  69.77991635210856
-90.21830763205983  1183.0455923150391  70.95219632335522
-89.85302106955186  1162.248232875686  72.16989117935212
-89.16780599580935  1142.8130847286016  73.41401419193149
-88.02584578338397  1124.8026995534715  74.28770044690336
-86.75177181656771  1108.3491428197372  74.95135518670634
-85.46798941217159  1093.542356536567  75.55915685353106
-84.32775500968556  1080.437139564258  76.04574426355305
-83.13399875220227  1068.9840766503294  76.50459950845317
-82.1133663467514  1058.9599981405454  76.87068786051836
-81.18566697967233  1050.2506917139297  77.26935506847026
-80.37907275006039  1042.7386884507036  77.67919731931575
-79.7295120422965  1036.3097049399707  78.11423187753883
-79.18229810887286  1030.8501531119348  78.65968170428704
-78.75691452845668  1026.2296057946355  79.24559785376627
-78.45904717616983  1022.3928030013968  79.91054460292229
-78.24396026323204  1019.23721941233  80.55294954472878
-78.1068632023785  1016.6479157825336  81.1703514479054
-77.95811528488875  1014.5312483878538  81.73671601920122
-77.85627624439074  1012.8282615473437  82.2144616835655
-77.78223720888249  1011.5241060164323  82.6981588497904
-77.79475290047156  1010.5495813933118  83.08983853689891
-77.8216454801265  1009.8523516409344  83.50078530154519
-77.86470701484502  1009.3177561232345  83.80985579106267
-77.83722035608953  1008.9464070901571  84.1183135164516
-77.81909324505189  1008.6880502830087  84.36179762251548
-77.78044149957306  1008.5622683163308  84.59442178258269
