-29.566649247798818  1195.9008443848566  -32.54492880139918
-30.03448111997192  1196.383801100967  -31.956123072837524
-30.95711528457351  1197.6313690949235  -30.53791919427653
-32.07938956037867  1199.9315784685866  -28.921465614993203
-33.74195832558082  1203.4933723201761  -26.335791621842883
-35.727504567287966  1208.5132206711887  -23.586011650668663
-38.37311085722411  1214.96619270698  -19.16624544432735
-41.45258944938064  1222.854354157732  -14.247307490763582
-44.853323969981524  1232.049339790583  -8.310800790324459
-48.87846814618188  1242.4187474558325  -2.050910999740868
-53.228410623757014  1253.6977568477894  5.316665578021886
-57.76753375581565  1265.5839113698646  13.170557231608203
-62.10427286813959  1277.6555762027251  21.48341819110015
-66.25150429548445  1289.5469789583494  29.174406776333115
-70.40723158617233  1300.8506088543202  37.14187072216531
-74.26142051617111  1311.2680540291312  44.37325568740358
-77.83445912772288  1320.1190974267988  51.212325951076295
-81.0372192992113  1327.5011831839158  56.7452076035098
-83.87464935309526  1332.8378840565645  61.41938815506102
-86.40585748529662  1336.2083659438413  65.308205264902
-88.49604822268715  1336.9445605800315  68.54642039524408
-90.24379793600166  1335.226273898894  70.75138185872414
-91.7029102870365  1330.952620957906  72.43333715968012
-92.80624816051464  1324.2452256796548  73.39895522920143
-93.47636338644206  1315.110193382541  74.25034317596898
-93.69738087408525  1303.6317343123785  74.78603907110234
-93.85772614301001  1289.8532310289218  75.35064192120964
-94.14667938763606  1273.9326256701752  76.13774693683281
-94.229455572086  1256.0731012592091  76.75305422538315
-93.92414481103242  1236.7733857066535  77.30725269560898
-93.37446202035622  1216.5051347471674  77.55518206525149
-92.35417524176508  1196.047622301516  77.72441715436389
-91.40285150410946  1175.91689621059  77.74737994718004
-89.81066101866864  1156.8219425281418  77.45977919847344
-88.48034469949147  1139.4028476867588  77.08569157010973
-86.90233918554884  1123.485905434272  76.62194480442233
-85.49877508119792  1109.3740267701598  76.16429752181868
-84.22492006112704  1096.7720523287403  75.76496019275054
-83.08836738075425  1086.169215593509  75.33071344219684
-82.16248892601493  1077.1245528516802  75.06532508203728
-81.24793395433036  1069.4034284972952  74.7811600132157
-80.41878605042807  1062.8458751301732  71.46327866040863
-79.71682767158184  1057.3699843001748  69.39107086327925
-75.40252762288868  1052.9222257966042  64.78508466486878
-72.56687265315547  1049.290464571991  64.84971405158947
-71.35467861904804  1046.3428097870296  65.36851287786163
-73.85807507713776  1043.9813699482468  68.34190021348145
-74.88979764297648  1042.1155943005058  70.08175358388507
-74.3272437956508  1040.6375830505472  70.3030124239608
-74.17243289537107  1039.4747027072901  71.16785239384731
-74.41290715221052  1038.5738574742024  72.10191606162954
-74.73038901963709  1037.9011259350991  73.00770033460053
-74.83227772534013  1037.3987954334557  73.60560116224042
-74.73483596708088  1037.0005330750744  74.04623107828483
-74.6999321564784  1036.6566518281402  74.53308889445033
-74.65139902310119  1036.3429079682464  74.93891438671321
-74.5910283614547  1036.057364280002  75.28659732969243
-74.56164115418191  1035.7801315731149  75.60815615525078
-74.54086864528713  1035.4916860905723  75.90957487996299
-74.5446645113129  1035.1903052175094  76.20239498407902
