-40.19606150108099  1270.3385573760493  -106.36997149036986
-40.95179699349567  1270.5584271539067  -105.14714616512944
-41.811792587239566  1271.4439492262293  -103.60005840350937
-43.43700031244567  1273.2695777801534  -101.4958943337747
-45.532051957669495  1276.318796437562  -98.45917082318682
-48.40803416899142  1280.8931009967375  -94.27580565199627
-51.75114575248023  1287.2406814493236  -89.13203754719957
-55.2854553473533  1295.5452007362505  -84.49732021995833
-59.666253442367505  1305.9263571750034  -78.60472844701445
-63.925611208607734  1318.4192920993594  -71.20906821116944
-69.20288036497502  1333.0065540570843  -62.109909259667255
-73.88737976447297  1349.5055856896274  -52.23219606062612
-79.65996214097207  1367.5950237196657  -40.45153462480444
-85.25032586517442  1386.8240015925924  -25.252851800410205
-90.71748491802528  1407.107094644791  -10.984692869584684
-95.77781538170247  1428.20945746297  0.8693019231134134
-100.24848975879338  1449.7215203887058  10.659769070961
-104.93645975808344  1470.9601872260907  22.58052521240939
-108.74884946022237  1491.4007451643938  36.987409192061115
-112.55656490960337  1510.769675610869  51.587439566120025
-115.93275240855061  1528.7060732316286  64.94750812058312
-119.46363703690665  1544.8309627027108  77.00230889526682
-122.62395794667079  1558.6137992419617  87.99513887330507
-125.83700022024422  1569.8703476189457  98.11190120591702
-128.84256906524695  1578.9281104257648  106.816981457649
-131.7309833347024  1585.2463710276268  113.89486294409014
-134.32391345047137  1588.9117238771262  120.0471985470285
-131.19402212716696  1588.8767940239281  118.35236819099872
-125.55624208722898  1587.306055871674  113.79492538696043
-117.09049707060208  1582.3143694032651  105.51446890959085
-113.00071544627147  1574.6316142754526  101.28800546608358
-110.0586082727176  1562.6014321814307  100.14265865633274
-111.55081075049839  1547.0863582194686  100.32612824812078
-116.72701532841482  1528.8863912439115  101.88857419276104
-124.44275498356303  1507.6562581654412  102.21415513723612
-125.13187959768317  1484.350294260713  97.96428915006678
-117.36906686660963  1459.6311667588704  88.06029623556468
-107.29826875334614  1433.2072835810507  76.04909524546868
-105.59400678495211  1405.4071617512484  71.37558658888716
-109.93201135764426  1374.3444205646656  72.34413665402792
-110.74505934971691  1342.1864533645687  71.2116944139394
-108.63376791637737  1309.6786357525505  68.35733916957975
-105.91848547142646  1276.9933193767604  65.48141383515974
-106.86701314810058  1244.3270363512243  66.17489155828518
-110.07577111195117  1211.6726831762212  62.34019823541697
-110.51288016546806  1179.5036547526654  59.203750711069105
-108.79731642271038  1150.0462036761778  57.49799559098376
-103.52391231363872  1122.718580916631  59.46794464629598
-99.89080027023361  1098.9460836091148  60.37372756150637
-98.04598341050024  1076.5438832663513  59.54264139003402
-95.47905307281889  1056.5565357776177  59.057508346861155
-92.99646281123772  1038.9535084057366  58.81963902008516
-90.34467435980365  1023.5164577469315  58.684968120597844
-88.23520924057426  1010.0604348507189  58.20693242988557
-86.17889773686684  998.2938762559195  57.43290578843296
-84.24536790266268  988.1206041296156  56.808107588232836
-82.37892463139315  979.3722889236153  56.26850086840429
-80.75291535891257  971.8213508633501  55.82719672444418
-79.26432923380119  965.3150687529023  55.34657804992497
-77.95533023295455  959.7106304906754  54.904097502429906
-76.76760966996551  954.88429977002  54.57535384167952
-75.70089576587836  950.7341792250705  54.31744962336036
-74.78576065768901  947.1314517627524  54.130104592729865
-73.98389757003608  943.9763250001777  54.10063070126558
-73.28906411206545  941.186743281087  54.145107407683156
-72.68027622195429  938.6911748798884  54.30131889583981
-72.1360402284529  936.4716792686219  54.444402402609846
-71.65252278627472  934.452828024066  54.86466287501604
-71.22441761484792  932.61081130673  55.32137991030181
-70.86100118294942  930.8225120950492  56.088591811431336
-70.55546981680992  929.0969256967945  56.79676561189986
-70.28633445366687  927.3695807989077  57.925439576407356
-70.0371474193186  925.7234022401934  58.93870334813205
-69.8043234984491  924.1278302672092  60.20405315727155
-69.61921129639924  922.6770063872692  61.24828581314277
-69.45282890433047  921.3880262987967  62.5032410633567
-69.35665924339554  920.273767624047  63.5479378697888
-69.25177000617411  919.3438578521893  64.60590165646148
-69.2269928490623  918.5628166786889  65.49582457000267
-69.19244696515459  917.9860599801239  66.35206855909405
-69.18787694718651  917.6246960542308  67.12669140233797
