-5.86622623445945  1242.6401461449657  -148.11980978739123
-6.46746288492582  1244.2948285976386  -147.66268207846858
-7.505119653016586  1246.5350468526474  -147.17829679486357
-8.923235561121222  1249.5726549682756  -145.61173434667808
-10.919241871766133  1253.5240440788116  -143.37823645071802
-13.308389275661153  1258.5792400802923  -140.02323243226493
-16.231764030811366  1264.696664322208  -137.21734776287414
-19.529621424047058  1271.9692312877794  -133.78301972342484
-23.319698145425864  1280.4473918421709  -129.205882339495
-27.287657468463948  1290.1818839514078  -123.70323796359712
-31.680246668051172  1301.1475014354826  -117.976883902707
-36.28540459209993  1313.3124466048812  -112.47301396151225
-41.295872912261  1326.5852943902153  -106.09555111134202
-46.47702609828774  1340.8884647780196  -97.95739028483166
-51.74274334239547  1356.0637863950008  -87.98646802799874
-57.073399826636916  1372.02714920045  -76.15601736104897
-62.62115672146014  1388.6889301710708  -64.0810821558417
-68.14543173763016  1405.8870531168445  -53.580300811382884
-73.5570364658013  1423.598272957673  -44.87300184888799
-79.19398976174048  1441.2671114801299  -33.61538618189503
-85.09636056415863  1458.947552115771  -22.433814444882074
-91.37959190634885  1476.0950649801862  -8.856104805361213
-97.17299005445994  1493.0216693313255  1.052911863448851
-102.54173609406364  1509.1798463581356  12.471226822802816
-107.66680479759644  1524.5092180331935  22.45658815676417
-112.52272542707846  1538.5908063523266  33.144825324096566
-117.32622353494342  1551.438963131896  42.9226494202189
-121.59764873851773  1563.0363879008596  51.932119323416416
-125.67652482402495  1573.4029402220513  60.34715613091237
-129.22700466527013  1582.6005894550408  67.72969979442605
-132.80662839872934  1590.6121358827718  74.67003874913378
-135.8971587701857  1597.5344895740777  80.65824542726344
-138.86190817459098  1603.4248678793501  86.471243678144
-141.27086810410015  1608.496115376662  91.39155297248494
-143.49559163910953  1612.779924770988  96.11882007768153
-145.51461376083944  1616.3486541854813  100.12398886308847
-147.2730400561032  1619.19348147332  103.88905575233281
-148.8394145918429  1621.4916429607251  107.19654704296646
-150.1958960189994  1623.240152345897  110.29126371356928
-151.4112601333618  1624.5931694670517  113.07819818120481
-152.50140869514337  1625.5018000540595  115.40888481914524
-153.48595993693135  1626.0951557876317  117.58165087615234
-154.38093867203486  1626.2958775769207  119.29496792287978
-155.18864293205883  1626.2621319039451  120.83937311099395
-155.96629129619126  1625.9427793487012  121.92987807473453
-156.73111644154497  1625.5097180839073  123.022845580957
-157.52509803484514  1624.8700578376383  123.89956443594907
-158.32318904708438  1624.1737205938891  124.79516238580649
-159.1386128439656  1623.36525097101  125.55684482111371
-159.95651470795391  1622.5771158543932  126.30838807198809
-160.74955263442425  1621.7341329176047  127.20568021519945
-161.51470840853415  1620.867609771817  128.1302062412571
-162.1857115802453  1619.8623412635893  129.2015452169206
-162.78168814689042  1618.7648063473016  130.13775432080988
-163.393921934756  1617.4586007693383  131.0170042582719
-164.08327596310627  1616.0756238837066  131.74429878155738
-164.80557075419154  1614.3820977544692  132.30476172735212
-165.4655804223987  1612.5409837523007  133.18890272561399
-166.22656152766788  1610.1647140633895  133.93806694545066
-167.16744132526506  1607.5085900279005  135.04868953915576
-168.12886437407866  1604.1905886852207  135.49125945707874
-162.7216419879502  1600.5198717854103  135.6820275102689
-159.09796542342005  1597.152356039278  134.6644403425085
-150.50900143917272  1592.2221275751497  132.92190172430782
-150.33267349842336  1587.1471292641197  131.49035669666497
-148.83211230522437  1579.0174716686474  130.6946854038536
-152.0932125641957  1570.5324570415755  130.69787864720047
-153.71890025341386  1559.8193426985965  130.5118431643169
-153.98065404075686  1548.364491031011  129.64120507954297
-155.11206283275177  1535.6236989629938  128.98119581144738
-155.6924821245428  1521.004570175353  127.94984398204517
-157.0404386644576  1505.1304824886913  127.50851731994412
-156.16122270824036  1487.3568606695808  126.74092309153707
-154.46051403071866  1468.454162915954  124.69701355118958
-151.8989699669639  1447.8529969015715  121.28305921952042
-150.20015945249042  1426.4222966438938  117.60403652052955
-148.53891997785888  1402.6742999524613  114.64775046284011
-145.94381889203405  1377.6945146354328  112.1420974807021
-142.60086404000825  1350.9160713811643  109.42065609184773
-138.39843779116944  1323.7502224393154  103.17537125318
-134.55470314419514  1296.2904256315335  98.44781780426244
-130.65983610565823  1267.5993417549882  94.08960417566654
-126.48772687163311  1238.5099969803043  93.71709449523861
-122.038108244083  1208.4487447734132  92.32970986229003
-117.64056851959235  1178.7346414474441  90.41021264121252
-113.02117748564524  1149.0082013234605  88.65020899049783
-107.7405747783265  1119.4439482849514  87.0941190391679
-102.44072286241004  1090.2431978511968  86.30354928480087
-97.99737011125715  1061.6738079600582  85.71231224287115
-93.70512834465393  1034.181098358389  85.3896471029438
-88.91275707278662  1008.085727972257  85.0682659419102
-83.95497877117928  983.6210075533565  85.30920232646174
-79.68280702028589  960.9695237119072  85.99267061237347
-76.15086754002036  940.3867594444959  84.65753096582004
-66.90728906861575  922.3392333800506  81.71880152493866
-57.26282777161098  906.5345765077584  77.62693087456303
-49.95235404021403  892.7665525746961  77.50356820208212
-46.90712205196838  880.5343657023636  77.09729654200342
-43.462865907491185  869.8354172011706  76.44514927344153
-36.87598989795629  860.579120670755  73.39452724451141
-31.960499211389482  852.5172990820931  71.53959848826659
-28.312282296244607  845.5903169038847  70.60559589188384
-25.38480715246718  839.6316018200333  69.72536382906121
-22.639804608388904  834.5645225847421  68.8637126654195
-20.050659964555805  830.1081138826885  67.97447472540307
-18.028496822880744  826.3520333466802  67.3542637285077
-16.366813505567155  823.0257112235038  69.3261928550344
-14.923370975482472  820.3874066853311  70.36981391292824
-16.550563443984384  817.9667585044308  73.50060245466162
-17.22287786874632  816.1021279748605  73.06981288144189
-20.494224041926383  814.3674228516163  75.63190475250923
-22.572438911885214  812.9575049723506  77.55688280629067
-27.649854429862472  811.6454456167377  81.45351370058833
-31.341929720253717  810.6122855710541  84.19438474924115
-34.24671043408426  809.7875346233275  86.25598707903234
-36.3605470985015  809.1265342043858  88.22795862521554
-38.34768802744839  808.6024543734819  89.959478370046
-40.318543729393795  808.2361492986233  91.46529281551543
