-30.535060162567035  1263.310420410054  -119.74452193718145
-31.58525955898432  1264.980359281233  -119.41122900023613
-33.02394408310621  1267.62259728778  -118.45336374205696
-34.990005959129164  1271.3252505704336  -116.87957253707523
-37.30678213634917  1276.2828789440914  -114.06228047968213
-40.24253961251699  1282.6031883116991  -111.453224337029
-43.48126529376073  1290.5361592994047  -108.07492376200994
-47.29370513560778  1300.1167593016762  -104.44254873223166
-51.15937414217048  1311.3813170534133  -98.2729651060035
-55.57502079005063  1323.2293128637857  -90.36881773961954
-60.00467749676332  1337.2538796037475  -82.84467386586171
-64.17726285729411  1352.5462160152535  -76.7717879319658
-68.35728467773579  1369.6875231047347  -70.10868301571027
-72.67436049550179  1386.8852685801166  -60.8069589573951
-77.4508361646682  1404.5344625209548  -50.79993813881906
-81.7499477114954  1422.718506228101  -42.476056838718996
-85.93365898833692  1440.8368220561451  -34.00606158532615
-90.08076350471725  1458.6733103112565  -23.9921532169962
-94.52468710808994  1475.7445337120716  -11.677101467156938
-98.69710543466346  1492.027641853566  -0.5926710308771703
-102.83802784341287  1507.2333767701427  9.651845982615566
-106.59462035990256  1521.2730980878978  18.523834335282388
-110.52340678134826  1533.7012075918667  28.012942825358454
-114.28930719092715  1544.186869751943  37.33823170565279
-118.06669595128179  1552.771461756927  45.714288727254
-121.57752851585909  1559.1613017448474  52.9366256970204
-124.84687859991485  1563.1816298666854  59.847704848820996
-127.85123962991636  1564.4499963390335  66.43623569426333
-130.48882873598737  1563.1629199324293  72.02135094350145
-132.88302142911994  1559.3749762049904  76.39667703573252
-135.1247333638497  1552.899478010998  80.96308679304235
-136.87667396984853  1543.177825044267  83.01147385192009
-139.28511526609023  1531.1334244414647  85.13366844605747
-140.82110815811197  1515.7393279542687  83.85341383690673
-141.77299308587754  1498.4540039569986  84.3953160345199
-141.53907766797226  1477.5971074259994  83.32710176483707
-141.39197601848755  1454.7801486028748  83.13722096443641
-141.06720877456746  1429.2845265477008  81.38557408006345
-140.0377342131271  1402.1783393109804  79.83906614759545
-138.316469970004  1373.2554532305694  77.71946371768153
-136.2441508305198  1343.1570718897656  75.06575230307675
-133.39658997583825  1312.1528049477363  71.5510970578567
-130.71706422050707  1280.6582994908442  68.54976503828424
-128.2311436512495  1248.569233608737  66.32114240806183
-124.24153620601484  1216.6681828959565  63.64526569062013
-119.18158236051619  1185.41527910413  60.60578174973746
-113.23620367676574  1155.1559125059255  57.224003305570044
-108.46060063938167  1125.9984859506992  54.44772546153421
-103.74569219174101  1098.292788008181  51.993055076940465
-98.87792738430244  1072.5885198081114  49.648704660550294
-94.10837040658838  1049.066810672131  47.38706678179156
-89.6701880373474  1027.7105333681309  45.24749303579833
-85.70029833242012  1008.3865797259068  43.50656050207686
-82.07121079404992  990.9970639478078  42.03705763214469
-78.66872761933854  975.462178440261  40.71415432654522
-75.53775727371804  961.6717807692796  39.515500034794584
-72.60529463210926  949.4995720314232  38.486465691419966
-69.86762145645449  938.8295981143349  37.614972148372665
-67.37360084695878  929.4936454128883  36.85106891665964
-65.18158035357239  921.3932543460235  36.19881410847401
-63.32636550785161  914.4172488342437  35.67186245621511
-61.672877037118305  908.4637560923643  35.259506946392676
-60.27625377524444  903.4175628499819  34.95647432201426
-59.08448972134319  899.1194171919377  34.76744246871946
-58.09273570564124  895.5076586643189  34.66796928772694
-57.23786268714985  892.4989579541059  34.585207560133554
-56.50918161581213  890.0419978440888  34.50530763562337
-55.91595293814886  888.0843293130542  34.4334508467772
-55.44185083351191  886.5584838709383  34.383077349872565
-55.13549472253299  885.4117584558134  34.361234741266706
-54.89304122464447  884.5771709297501  34.31695503233417
-54.7193136668313  884.0028425517056  34.32426602104675
-54.569674923208694  883.5978143901579  34.261573596568425
