21.082633991692564  1260.6367548991109  -136.35474006988187
18.744068998667252  1263.7624986719056  -134.34175465050006
15.735757238733623  1268.5370554663516  -131.47314471192763
11.954211959002494  1275.032121010088  -128.22468494645133
7.668660320430725  1283.5001889169937  -122.80976783741129
2.5186068260658327  1293.908764870556  -117.70924977702151
-2.999666332137509  1306.3215286169868  -112.196968365414
-9.047694248488103  1320.5845448601222  -104.80679045477821
-14.98523780939082  1336.4901935343432  -95.42610517263455
-21.429347405439984  1353.7157775998753  -83.91219957590745
-27.906709121173826  1371.9060386852352  -73.38354640571947
-34.57534823957878  1390.7925104120704  -63.072901734306704
-40.86792722800894  1409.948345636456  -51.20624428041829
-47.382316100449046  1429.1080832334976  -39.3545631461233
-53.43007526183132  1447.7846944458915  -24.50453939280939
-59.55993761888024  1465.960696551644  -11.892501369922142
-64.75169105609353  1483.319316284945  0.8700595095525223
-69.73121315815789  1499.6546670190542  12.060212915034924
-74.2807118994265  1514.5186071918788  24.239481564466576
-78.80526787429869  1527.7486101866768  36.90856352829031
-83.1687739508571  1539.0548746542747  48.58852639342777
-87.11451224235422  1548.6530719171037  59.10563673884651
-90.78495239063679  1556.0702788711235  68.38093014250826
-94.19131729469666  1561.208555352632  76.59885104594242
-97.34584171910544  1563.5090863727264  83.5261847311269
-100.36488469970628  1562.8569208959825  88.03756925648148
-97.56051154331243  1559.7394516761958  90.29333461436319
-96.6785017059322  1554.2417491460824  91.76081122380278
-97.85219662034412  1545.3190329304523  93.4186979214646
-104.14553603605006  1532.96779262768  95.42296753090487
-108.34133757566815  1517.0925309095494  96.47428413087712
-109.56798106016338  1498.797444661245  97.19306130267658
-111.17446474976973  1477.870756284376  96.79880301371576
-112.28140638024942  1454.347169676663  95.79273811245487
-113.6333357252376  1428.7239242699393  94.86141351132864
-114.01531131138603  1400.7017532252216  94.09191563388161
-113.75252177835077  1371.1714560146804  92.98180069675719
-112.45673311812418  1340.25694493386  91.19888887101727
-110.98625228916849  1308.6601685150454  90.09331979067997
-109.38168552778338  1276.1536433698434  89.55796459420809
-107.1440113781016  1243.2522707573312  89.19910360456802
-103.99161226144103  1210.333135448845  88.55874297590383
-99.87700794682732  1177.9523003781155  87.93992826079715
-95.74435280041521  1146.5552235586476  87.44839516889462
-91.78865723932105  1116.7685366890978  87.19974089585897
-88.13211245326328  1089.0831896040047  86.87362289840907
-84.4805614626585  1063.8861682098386  86.4193535757642
-80.94433723781069  1041.224321054963  85.82903740855924
-77.57534577418359  1021.097467389569  85.03716824343577
-74.70684327090464  1003.3338391184343  84.2999802527534
-72.06369727485259  987.9038644221013  83.0955247973652
-69.71517612755125  974.7227693993633  81.88992215973474
-67.62503783566285  963.535864548054  80.30253210773105
-65.88219572289437  954.1471162346902  78.85040807012753
-64.36777718523322  946.2888217153303  77.34219604846399
-63.05093322139928  939.8887220399423  75.9387397729278
-61.845523613155116  934.7220842421726  74.39868826987313
-60.84433487307436  930.6103185975238  72.97436453364044
-59.96075128986016  927.4229116037075  71.4083574618791
-59.26786550428558  925.0333085248346  69.96309263584806
-58.72137462619838  923.3008506260226  68.53965958427106
-58.31348446781389  922.1091091992828  67.33256206068899
-57.95680122015405  921.3171810689215  66.22189453454095
-57.63946445103901  920.8820776278462  65.13774415965352
