-10.281234255428075  1318.4064446139114  -77.40881963926047
-12.824317015420014  1322.409533302071  -75.42359641925131
-15.801178381826503  1328.2154571309957  -74.17009894519431
-19.201218077880142  1335.9383620689384  -71.9899150832016
-23.097035153942436  1345.6891065418283  -68.80906585116713
-27.472563360562145  1357.3815379572181  -63.121547742259345
-32.292105498703904  1370.9380621251314  -57.68845313013421
-37.16576693411439  1386.033640728014  -50.05204383149457
-41.829622628150375  1402.3319261776412  -41.017452817282106
-46.63965457193416  1419.310646691229  -30.25422122154217
-51.65727124918312  1437.0379392099042  -20.207101905339044
-56.815212235260745  1454.7651893664897  -10.854082050724008
-61.25273595233034  1472.6668177716597  -0.21492310329773723
-65.26583957960734  1489.6756774021155  13.051948112726869
-69.02659594853947  1506.1254088051749  25.26821135397799
-73.41397437061512  1521.062929069418  38.07216230091801
-77.40205876079412  1534.6242653018571  48.124493826700146
-81.18822807648579  1546.0272060437783  58.93796281137816
-83.96223896700522  1555.6191420777932  67.57157417571266
-86.58535764042996  1563.0665876622527  75.47044368358587
-88.92784410191628  1568.2537037693874  81.67013772478685
-91.12223219332893  1570.9587756068836  87.64502590277047
-93.16873137239578  1570.795126895012  92.68805209977927
-95.06976053438453  1568.295592001416  97.5815268545794
-96.76756073030695  1562.8521107418692  100.25283461131274
-98.27091861654156  1555.1333011268212  103.3345878132161
-99.40123105586972  1544.1206882965002  105.1491493672385
-100.67159185118732  1530.5252648827025  107.44292494678137
-101.49209237978627  1513.6859821311634  108.59666627921914
-101.8959857354615  1494.370793397382  108.11874482058036
-101.07399504860582  1472.0603162293212  106.45146377837942
-99.81951288386384  1447.0487056171337  104.51450558652485
-97.7550534873631  1419.0920077822127  102.58602058268565
-95.47933844188506  1388.9014756446516  99.8178165371737
-92.33618869964742  1356.5515248338374  95.53171188191799
-88.75498907017067  1322.6210537633945  91.7416936083352
-85.01898682286627  1287.2104209551537  88.65844246207968
-80.15312881524157  1251.3007853724062  85.23390344652402
-74.66519585622638  1215.6185825711805  81.77027236700383
-68.19183515801903  1180.8510509369964  78.3830658457326
-62.2000439653155  1147.5736841998914  75.9044190912094
-56.1831345772086  1116.3603430044536  73.5666262765687
-50.314476921501395  1087.671177010616  71.26836262837982
-44.79229755978387  1061.7572059653921  69.14472952611179
-39.87461977272856  1038.7476676396686  67.08341204600028
-35.47364681206724  1018.6051084775027  65.07948569603376
-31.606288030411203  1001.124870262204  63.18983602163679
-28.150043687061533  986.144670544423  61.372713989770304
-25.09374319525655  973.3069847361488  59.678994784944116
-22.399153724690635  962.4846308324934  58.03875669229816
-20.051049993685897  953.3981956065965  56.45644014808539
-18.066224947638226  945.9444264977332  55.06674651709185
-16.350783862291603  939.8233772771742  53.82553532902373
-14.872718134195365  934.8364493687683  52.65600262143041
-13.618824526562715  930.7895574478457  51.468333288491195
-12.528618348671728  927.5734270247647  50.370562425515324
-11.628434035232456  925.0357297020357  49.47723255394406
-10.856974539931734  923.0911113525735  48.74119323042559
-10.21147675901175  921.6191056119984  48.05525474153832
-9.671033266801299  920.5408776424022  47.47685789327056
