15.04073285325765  1243.5314726297036  -112.53231451877775
13.941177319500289  1245.6129389759608  -111.57857266630155
12.724846050751522  1248.4908639139123  -110.0268430897494
10.939671832616972  1252.3806322989594  -108.09154263897662
8.89927049511366  1257.5387611213985  -105.60043042582309
6.182049530155011  1264.1751711174918  -103.42896729245356
3.151581403517181  1272.4992459284654  -100.65586126416302
-0.5610485859807066  1282.6185217975283  -96.02738083889571
-4.672850165572235  1293.5541790329803  -89.816659807539
-9.379547915345885  1307.075809874733  -87.6078005786093
-24.66880921665333  1320.6698034688998  -87.48452978520757
-36.20132506000437  1336.703195012826  -88.8952338468018
-46.03924449294457  1354.529076148371  -81.78507063213166
-45.21910954381505  1375.1564704422262  -69.17266734378616
-48.290723747345396  1396.771031868382  -53.56727653581706
-53.04051422634534  1417.493972117588  -38.944828567968024
-56.87834154005684  1438.2656681986743  -26.83731217831309
-59.9189889438134  1459.0721898469055  -14.368094469751998
-62.35381100017201  1479.507141559222  -1.8591926994545425
-65.31256555721662  1499.3067004488466  9.940983818586911
-68.43180628345053  1517.7601465214047  22.01201573788741
-71.16132291558868  1534.8563183218816  33.533085901119335
-73.69533546253015  1550.2874370872826  45.47186891104839
-75.89717115236974  1563.8706804923297  56.73026645864844
-78.02460954639447  1575.263372858968  66.1343563534113
-80.3619311700417  1584.5691819102333  74.90631479526435
-82.60622340586559  1591.5021738338369  82.59607342743648
-85.00172009215021  1595.7977307728313  89.54156686822611
-87.20914804585271  1597.199667483525  95.80154223787332
-89.60703003253809  1595.3256783574245  100.79629983527644
-92.07907346830605  1590.4857415447314  106.00134245800957
-96.2302062555891  1581.9602114990435  110.00698388460273
-99.96667098680453  1570.3885787071943  114.26935792612353
-103.21773359863631  1555.2710846989899  116.5279963005482
-104.55272616773426  1537.4909618509232  118.3487721794763
-105.98324943463378  1516.4489847876102  118.94337911312627
-106.47056143042474  1492.7639776929702  119.51460326532838
-106.2163114522792  1466.0613609672107  119.73866609807533
-105.23061776046355  1437.070233749713  119.6660027445693
-104.21305028069195  1405.9552648810536  119.87459511257194
-102.74593904481165  1373.0612277598198  120.1534392292089
-100.3804318710839  1338.7997081313458  120.53867486871923
-97.5425616761663  1303.6797494361429  121.02158975664308
-94.01622557915218  1268.2305604947592  121.48667271396405
-90.00439118148824  1232.8830013378902  121.9687764601384
-85.5127337940878  1198.1239108949944  122.47507912858421
-80.7553056377473  1164.6641462868915  123.09831661600612
-76.38708035858023  1133.105611056335  123.93391808441697
-71.93525444388197  1103.9562987588588  124.70033287538872
-67.9174509269732  1077.4986685418712  125.61246039556681
-63.93900239515881  1053.9671444423689  126.47319588749536
-60.743026220292684  1033.6275286357907  127.37070798235925
-57.96454179311086  1016.3223639294031  128.02640002815338
-55.67293972242719  1001.6435955385366  128.50257902112043
-53.70165175724534  989.3629301359963  128.8448372893369
-52.00627798602935  979.4017940852619  128.91842377605818
-50.715347184888174  971.7151065406234  128.92784976212852
-49.65839768046261  965.8467212787276  128.69630998459968
-48.864867541381585  961.4249121973932  128.53504622915545
-48.15263264375088  958.2040142797504  128.20884963015985
-47.57311550456407  955.9257035477195  127.9144549227627
