-26.381424650442174  1218.6428468654387  -83.5448089737284
-27.679090344491378  1220.1983570011548  -82.23723011081597
-29.435223072053788  1222.5326024459  -80.71424770287996
-31.671386559173463  1225.785942917435  -78.74345443945717
-34.52352976181334  1230.054255999233  -76.23645691093041
-37.554318673496766  1235.4977256536451  -72.6074906422265
-41.38862592637859  1242.2114605021711  -68.31297685078874
-45.643852499114494  1250.292135939798  -63.84149506828534
-50.61794817749708  1259.714427626535  -59.45357698896101
-55.927454254787534  1270.4328757151727  -53.819686057648994
-61.402693441409305  1282.3363281796653  -46.24974075098882
-66.93782991239837  1295.326853495418  -37.20856476458411
-72.73696403565084  1309.2666276195737  -27.55435162880853
-78.44236885271789  1324.0421765795459  -18.17376677387393
-84.60447256212049  1339.410420198672  -8.221098121988046
-90.7173961005371  1355.0695007591094  3.21078461996957
-96.68799768292808  1370.9995723315399  14.068703791339367
-101.8713886542443  1387.163362186055  23.513749985829804
-106.7456892315685  1403.2824790068653  32.00669431265959
-111.49425177892482  1418.9291793102802  42.12273869847629
-116.24666043102535  1433.7528991992313  53.461706426034326
-120.48311847233637  1447.8604365042463  63.570676651792425
-124.97708232101242  1460.9173445258348  73.27850450934906
-129.04190402935845  1472.9530798183073  81.82924757478897
-132.66257712908217  1483.3969611697378  90.33242923255513
-135.57337092285184  1492.2357870271696  97.78985304931498
-138.29991848433016  1499.463360505662  105.45270012722506
-141.0184947358294  1504.908894755839  112.12883806165415
-143.42229441268148  1508.5696104095898  117.67042600569229
-145.52561321059687  1510.0133517334998  121.97306205955522
-146.95524522078625  1509.39958805397  125.76421491293023
-148.17495763302801  1506.7512631823201  128.29843264588214
-149.18154127661526  1502.0544135169023  130.26453858571426
-150.0698939692135  1495.028640862035  131.71485740122176
-150.63300578877997  1485.5706821685908  133.16183445066298
-150.92494111105285  1473.9659109729773  133.87471787455144
-140.8507357223362  1461.4748763378534  125.63087049475408
-134.19151460849972  1447.156377982295  120.26559135086306
-131.34363252498525  1429.8881735404689  118.20971544650666
-137.78158659445674  1409.6421901252731  124.36435732716727
-140.67383382016635  1387.9504661198584  127.33561218673032
-138.51333478380553  1365.7795105132188  126.45457710075267
-137.69138935398922  1342.9688397851394  126.3719163640025
-136.9307186971754  1319.2189100104947  126.82760574064494
-136.62079259369915  1295.410727069248  127.75491640241222
-135.22788615610446  1271.460031687245  127.94572222431783
-132.9311120730967  1248.7572273831681  127.64160347901628
-130.48857548425812  1225.680054491912  127.34531927629921
-127.84784000054174  1204.1407063302586  126.95588776533631
-125.10519953846253  1181.9835058702292  126.45865176842273
-114.59340565655796  1162.4106157203516  122.55679768917405
-103.00864009411463  1143.3139387244898  114.91897574728107
-90.46292422174187  1126.1562151421551  106.33067278081415
-84.23351256392735  1109.5748602234355  100.08519484387854
-77.64843800935056  1094.1864669600827  96.46183697869631
-70.59930931821154  1080.0829520963143  92.6112225049805
-64.30926452591825  1067.0997003933096  88.83238523195632
-58.790431954893705  1055.253546851912  85.53468548004072
-57.86513904653768  1044.4714320656317  86.03974709869405
-59.365667231863966  1034.1716710459064  88.760599833671
-59.31126400967815  1025.1168865566342  90.06674072960533
-58.82359422111146  1017.1734658641742  90.75652077721467
-54.98336674551062  1010.6839115480323  88.5372191676376
-56.38738843808774  1004.7181546350473  90.60602472722002
-53.51215178390649  999.2699012062243  88.98966723010217
-50.151155790411806  994.489322476264  86.83611950426544
-44.06736004425352  990.3416519662178  82.27398983840264
-39.69872447527128  986.6978789789733  79.02373462095349
-37.67871381649136  983.4528286578409  77.58026967761796
-38.681722551291806  980.5186241606901  78.66042142141771
-38.37306524096497  977.8631014049982  78.61615697658215
-40.976907344159116  975.4240650210901  81.06772786374673
-43.78626269414731  972.7311216529491  83.63283205441475
-49.27929550275681  970.114262612196  88.4075283273474
-53.170483541665  967.5638793564905  91.78121583043858
-54.84194579046165  965.4692212559655  93.24034013156619
-56.72114998414874  963.4517937373364  94.94682177593921
-58.513632064147444  961.4016785768673  96.47284413996329
-60.171119610397454  959.471394442357  97.93218408815684
-61.32131737385254  957.635384671127  98.957897308258
-61.87017372787598  956.1140428354565  99.54200061798544
-62.033730845052766  954.798261782893  99.64578724128783
-61.64072945266577  953.8010202885876  98.98809904945642
-60.911508751230556  953.0164055025525  97.89648778814306
-59.7905591438347  952.525238135077  96.32610225064134
-58.312676740082466  952.3095485680707  94.54169124343926
