-27.78774502018465  1298.7842084197434  -126.51474448567865
-29.4433071967671  1300.0652137727654  -125.38365929828012
-31.20890534776528  1302.0972222018759  -123.83424583273752
-33.424046921089904  1305.0438077750784  -122.18532308735648
-36.04197525957693  1309.1312802668547  -120.01978533513036
-39.27573096817298  1314.4806790545397  -117.74573350489788
-42.999728336671524  1321.3701878838892  -113.02698400730029
-47.38565010415958  1329.8548846477797  -108.0068970959278
-52.08627632370886  1340.0988174535178  -102.6238868788266
-57.43355762403623  1352.0601936633225  -96.58049260276036
-63.016362169593656  1365.6327578378812  -89.06879413621412
-69.04653806977123  1380.8605051857987  -79.99502746512864
-74.92423378640869  1397.3693823485373  -71.52343827235718
-80.50235224668984  1414.914382061132  -61.66878555691087
-85.97712673706246  1432.6899026370838  -47.0929962666714
-91.58740162619073  1450.6261162588041  -32.99965559966028
-97.00186155826538  1468.1919110614194  -17.91409002009105
-101.71545886932714  1485.374799295872  -7.4464429644613475
-105.66490325469195  1501.5057514142889  4.318963324025635
-109.77433338069221  1516.3089475834338  15.697125434142695
-113.55067483614593  1529.1721032017274  27.180266771744456
-117.06760398739033  1540.0301140695929  38.16440531817005
-119.92323429103094  1549.1771144456145  47.061724485452686
-122.8845362187439  1556.2807913393322  54.77038704169194
-125.76931533925041  1561.2871463299623  61.09648444390023
-128.4729618340702  1563.4258336732787  65.40212803886992
-131.02448895881074  1563.2983624822227  70.2698799316356
-133.4833833302383  1560.1111685338014  73.85365537550629
-135.8810982101392  1554.5204002948246  78.28901954535675
-137.90927595906362  1545.923326414261  80.35098413761173
-139.55709728654026  1535.3146864247985  82.93321973897409
-140.95014046809902  1521.8653805187387  83.64233177131133
-142.77890253176005  1506.649782773303  84.80886147368291
-144.06820961945027  1489.0470595532408  83.97197240966105
-144.72247229561415  1470.1388044605428  82.96500529553111
-144.16405121268298  1449.3173892163281  81.06646782918706
-143.7118188909508  1427.2435645652693  80.22972040992167
-143.41089619380728  1403.6695375710856  79.41896414599799
-143.21722790156318  1379.4393819208085  79.02880699566235
-142.9167470618273  1354.4599722167543  77.30645701422502
-140.49627140760396  1329.3243556862806  75.95423232671801
-137.49502143196906  1303.6040514950246  74.29085974828438
-133.53137424959633  1277.893162361244  73.28012347026723
-130.69232025656999  1252.092265460014  72.55543475689463
-127.49884555094583  1226.5066384024146  72.30830847704866
-124.33535411208562  1201.1229591756226  69.03631897240162
-113.18844395014585  1176.4707471117902  64.02275599061205
-100.91483701491795  1152.2299590638859  57.72798030215302
-87.42269711058316  1128.5685511517158  53.739739234263745
-84.10815952983482  1105.2264693631787  53.742874895497394
-79.17430687094594  1082.4846657332741  53.00185356108473
-72.36667309080347  1061.0796465529804  52.22896081631073
-62.920548295885666  1040.8503989831293  48.865970822843394
-55.69056648725664  1022.2916902230347  47.224298277089844
-51.26508840934082  1005.0067138569497  46.39171527267748
-46.62352739427907  989.3271219186711  45.78980687744218
-45.33618802219571  975.2837601918455  45.23860375829545
-46.33560298236974  962.4564806467038  47.45611831354354
-46.31016467755525  951.3001989796505  48.90712171863106
-42.89125275603007  941.5974338242274  50.11261150819872
-36.86606145561623  933.5055713201374  48.23307197513887
-33.049783478908374  926.4228774953207  47.43110233110095
-30.11931516880996  920.2709696582549  47.139807449576644
-27.821426317114984  915.0253145346989  47.07693196658078
-25.34347127205995  910.57141960408  46.8387717475745
-22.99036970531369  906.8182928265614  46.45144324624647
-21.181625349025868  903.6382317648645  46.300695905134916
-19.618761020290556  900.9133797985573  46.27866578938916
-18.22982414547563  898.5777941910952  46.32246608186573
-16.970954305270713  896.5561803981448  46.37177697127635
-15.877941196922057  894.8122567474029  46.448379249239075
-14.939662702123101  893.3079066125081  46.589472499613144
-14.093944915010255  891.9978284684636  46.82476707392293
-16.503949495600217  890.8318858022019  47.047028484489644
-20.988277104990793  889.5066360035901  52.723838284817646
-23.811943697143303  888.3899810792707  56.2845198240103
-25.93469713076471  887.2891675582542  61.631945270856704
-24.651482026141785  886.6275081452226  60.062039117262145
-27.77403307968166  885.8211552141925  62.68361512267955
-26.855571785016064  885.2312355703788  62.3360165149533
-29.54072134243133  884.5538026060711  65.07293469997026
-31.18490709679839  884.0020425918431  66.88565688759024
-35.42345956690562  883.4281799935025  70.59453894124445
-35.36204457167762  883.0866461107681  70.67656709502347
