-28.8687666234606  1219.3504894818502  -123.09914844986409
-30.391291861986783  1220.7553776623342  -121.47992868919282
-32.250609743211704  1222.9593175830692  -119.54899931826594
-34.5211039606516  1226.1654895494153  -117.36095960435264
-37.195518440072355  1230.6106529964075  -114.03450978356395
-40.41520470367288  1236.4805409091346  -109.11746185565494
-44.10348321369941  1243.879697337545  -103.8308745313788
-48.28427363266349  1252.8036247969465  -98.86515326165204
-52.29841861884496  1263.2218006986811  -94.9658692545753
-56.756194576119135  1275.0408520923395  -89.41810896085312
-61.25416209312498  1288.1222519793307  -83.13105760801427
-66.4829237668065  1302.2637908631054  -74.55401007705919
-71.73504333594488  1317.2237525538005  -64.98085580776926
-77.22606529885506  1332.8089310234072  -54.691505976033895
-82.57249613385633  1348.6853598139978  -42.92515581621622
-87.40592320357347  1364.739348279205  -32.37464644813661
-91.86248459237953  1380.8464978166896  -21.959888453151898
-96.09508344557615  1396.6423986858874  -11.987115125163488
-94.89970589678006  1411.9048544523982  -1.647380227337763
-95.8480487527707  1426.3497823810221  9.893409491249253
-98.95378783013498  1439.6864477019003  20.40868152968244
-101.55080634595517  1451.8366601297373  31.357211901909817
-103.86177990890212  1462.617655418868  41.41799488379253
-105.87894821681788  1471.8843250104908  50.53531013491203
-113.76468250682262  1479.5657963302524  58.71732655519326
-119.46537435107912  1485.367460573906  66.21138437568627
-122.41300391619714  1489.3540371829067  72.88164473143675
-125.37924486247738  1491.348834314553  78.83908758512761
-128.29393860667426  1491.1485816765135  83.78421979779449
-131.21258240540632  1489.1432637597663  87.88646975565482
-133.96979426772927  1486.1114471884555  91.33412765571249
-135.54839206981055  1479.9035955152742  93.89389244071577
-136.14518183901222  1471.4747653068202  95.55775215437565
-131.58403564857912  1460.4661441808535  92.30766328803165
-122.60502896631718  1448.2887894938963  84.21475234931128
-117.43944834893104  1433.7684302106625  78.56788861101836
-117.60818457783125  1415.3995155884381  77.54865263668158
-122.66051553195884  1394.9422180975837  80.77559845805231
-123.96051006388967  1372.346787196429  81.10262518351189
-124.1432150845535  1348.3788550733761  80.72373313919694
-124.21397683370803  1322.6263757708111  80.18731234730764
-124.26721776149266  1295.6761189658298  79.16791581434379
-123.30506940945034  1268.0004943880037  77.24925039905158
-121.28874114413676  1239.7876664243063  74.87573536042646
-118.74475502916766  1211.118013827791  72.7859805075408
-116.09332377224443  1182.5973711720926  71.13239542858379
-113.62533376456149  1154.597575597253  69.5609054387433
-110.3162575149451  1127.5138126761808  68.07913226679324
-107.10033027813193  1101.404317462203  66.42226068776094
-103.27835279488133  1076.67170884194  65.00555497867775
-100.02355420309553  1053.7341207187087  63.60778060006988
-96.49019513195191  1032.5457544120356  62.48140121525564
-93.2866549278757  1013.2562067638835  61.57092576544468
-90.22319966699203  995.7047747748463  60.771026304338605
-87.41388121559955  980.2585394389268  59.95844636969207
-84.93872739318934  966.7119220135503  59.18073371544386
-82.70554135445106  955.0122571754055  58.45508156580311
-80.67120425726345  944.8918000208266  57.82779896509029
-78.72287892343694  936.2049266779445  57.27456149004599
-77.02148626799254  928.6841344158316  56.72762913825942
-75.51024314954167  922.3460612879447  56.20716610933034
-74.19424193158571  917.1188461972441  55.69874547106615
-72.97649600372755  912.721899824974  55.21225995922402
-71.94914965953556  909.1485135504925  54.75595095849074
-67.90980228279787  906.0488594095609  54.34734470454634
-62.043078519023545  903.680360033777  51.2884049440822
-54.84484786989628  901.6642511270061  45.20894463592619
-52.897462014528855  900.0218692432263  41.21543413778369
-50.65574752955089  898.5407579205079  38.073458038228644
-48.16884483263874  897.4070297167598  36.65904517163339
-42.18536953027509  896.5412747551596  31.696637373769263
-37.982153221134666  895.8952365953327  27.931554368105147
-35.00841304726603  895.2901335288733  25.027897348690015
-32.79347872323318  894.8098065645792  22.926405381303304
-30.541625520880963  894.4235976450882  20.882496739812638
-28.312013138161237  894.1294198861292  18.841811481147545
-26.52686904227201  893.8912217775003  17.15444735081983
