-48.64570411501557  1159.7618363704623  -62.409245717085525
-49.99420539782139  1161.9489416314727  -62.88045347357317
-51.88386143784322  1165.838147366835  -62.816151500758885
-54.20431623435727  1171.5051295438911  -62.614931040659236
-57.24955432472129  1179.071823518833  -61.75577369919982
-60.84986506371985  1188.624184803937  -60.08940292890957
-64.91921193230787  1200.0715033581212  -57.63328120538758
-69.64093212411869  1213.1794735739522  -53.27861792186439
-74.93615658490313  1227.630814349842  -46.83853723700258
-80.66855025372136  1243.2263624505856  -39.0558151115455
-86.10716074484637  1259.7614423170548  -30.815882663088704
-86.26397314248717  1277.1634370061943  -26.33705986736109
-88.43072038750961  1295.3826912122036  -18.521580287607783
-90.71952309230845  1313.490018416985  -10.45099842707571
-98.17504596823413  1331.774493925378  1.2670687991651493
-98.40998571379822  1349.230460359727  12.375598100503982
-100.5254327255422  1366.788962615061  23.43550653970307
-98.07063764217408  1382.9839783161692  34.91085521558608
-102.90145490838212  1398.296889204165  44.00038802848532
-106.28791081507885  1411.7872730525626  52.862990210430446
-113.77642519827819  1423.7634204434605  60.87816913683861
-113.47577683501004  1433.720752953927  68.37048864138043
-113.88643819927947  1441.9478267462855  74.92049640409012
-116.64183577282391  1448.00808280005  80.49466405265312
-124.38605732033224  1451.6894444995357  85.11923793067407
-129.7369107282155  1452.8513284304074  89.06405764570454
-131.88246766945764  1451.6297544287759  91.8828762093128
-133.9444496487636  1448.183804613132  93.08603028030433
-134.8859363924491  1442.195776846488  92.03503626483112
-126.85687509490228  1434.1329636022926  86.87378929135338
-117.02024687922352  1423.285403490137  77.77147821143828
-106.76268814809951  1409.9387878726031  71.830339032155
-108.30634545792977  1392.9801295530815  69.51773326001026
-111.70749830907552  1373.9415826705751  70.8220170699735
-116.11440014240382  1352.620083398586  68.9459858268663
-118.31688614834152  1329.8819733731227  66.89440647193041
-119.33518436948127  1304.977819608496  65.42095154355444
-120.29788305340398  1278.4383235754826  64.77823920122937
-120.12237525283827  1250.726060328283  63.09871061575675
-118.85767737080862  1222.3484325354964  60.92037951991717
-117.0515607743592  1193.4339886776102  58.578434981548526
-113.72869035261142  1164.381548090671  57.03364173275078
-110.23082960050269  1135.6774504009427  55.57783669390032
-105.71270129389004  1107.8753575041255  54.305006067984195
-101.2424764240215  1081.2275396511056  53.26971818701262
-96.66442255567313  1056.068165540557  52.81904127039956
-92.25898977833734  1032.6340888984253  52.74219574400593
-88.05281183155309  1011.2114027493946  52.942632245412824
-84.29444636043438  991.880693042951  53.15218618935188
-80.75091836875244  974.6647712353041  53.466727579522846
-77.6572622368438  959.454613933329  53.823763441086626
-74.74427132199013  946.1552749824256  54.19220546242251
-72.29712988994673  934.6613294929256  54.481580427224586
-70.09731739724593  924.8130090858668  54.73009319995106
-68.19820640184739  916.3896160912315  54.931496326275955
-66.57488215598426  909.2247454482224  55.040360669620085
-65.1416705208768  903.174890637584  55.08999776068677
-63.94168360823764  898.1434075944788  55.065220172969816
-62.888826729274  893.889774857173  55.03819651618796
-62.02311216140251  890.3018168285862  54.96922768071757
-61.2825188266594  887.2485906707557  54.889305725022766
-60.66764737924379  884.6318913235723  54.86524748194811
-60.14621409591466  882.3731082843208  54.86698657210579
-59.72148727406179  880.411181183051  54.933167871997775
-59.37129984216027  878.7347232237856  54.986537478974
-59.069689177254986  877.2766896481855  55.07633470375605
-58.79925459607944  876.0390829578645  55.156509701097704
-58.58978262318389  874.994890662151  55.247848040991414
-58.40105937659255  874.1704147093798  55.32209409960212
-58.2623273581589  873.5602439001708  55.39352425305266
-58.14477742265872  873.1490289847189  55.46338797481249
-58.05219920333418  872.9154014017856  55.527171008694545
