-22.440115317599183  1122.412168751467  -79.96281265966279
-24.057527585744786  1124.0711245969756  -76.28453310634174
-26.514109408390905  1126.5195503893683  -69.37986628775556
-29.79277500401031  1128.9516619404917  -62.924871949335675
-33.699281260234514  1131.2333422099284  -58.20307938704099
-38.14447082199746  1133.8200559860288  -51.21633013626708
-43.21868176004725  1136.501754390349  -43.995865070842626
-48.92896403183506  1139.1416456145207  -35.26813069140525
-55.41751673476557  1141.584307517665  -25.707726029361456
-62.44295607610998  1143.6205069648115  -14.378247664364675
-69.95252342809441  1145.3301400591718  -1.785780324030135
-73.63624837885654  1146.8890193183147  8.579345339999483
-75.21958470620768  1148.2162618093105  18.105345860104745
-75.06935510300427  1149.2881388336593  26.528455304043497
-77.19098939903411  1149.5917614981583  38.19087890821911
-80.58648706439962  1149.0837526898267  51.89180201104209
-84.24065595643778  1147.6652667686585  66.97447217792612
-88.52583427863544  1145.5282226999516  82.49335678266695
-92.57013397518891  1143.0248303112817  97.07930189798722
-96.691798834212  1140.1861542459847  111.78897272223018
-100.50157876360922  1137.4992658394629  124.98558819898157
-103.75902397601043  1135.3265924831674  136.260437097474
-106.420848728457  1133.839495697481  144.91885021241748
-108.34427803468469  1133.184004822172  151.1945856411363
-109.41628604212167  1133.4049141360335  154.62852423402995
-109.26073819311036  1134.6697216222897  154.61502067300492
-107.727096246798  1136.8711035951428  150.41818348225783
-104.95901040564645  1139.49107998414  143.70416803035582
-105.07658442779515  1141.9322655199721  137.31632400759813
-106.51015338318395  1143.9515106071972  132.69162130340584
-108.51029544144173  1146.0508351660928  125.71378318707782
-107.36135628498315  1148.3539743590682  114.73733312633692
-104.0494333835063  1150.4431582045588  99.62687683184681
-99.37719236511379  1151.836055482111  84.43188105703318
-93.08528098227862  1152.5061917273786  68.62218843821256
-85.72945380716546  1152.6568018674013  52.13684945506341
-77.78940122788092  1152.155122705065  36.06703861356161
-69.33820697074313  1151.1694412483143  19.7998455494647
-61.50007566914773  1149.9044766287839  5.641380764166934
-54.10821570715199  1148.8223417721179  -7.390993647441347
-48.173527235261155  1148.0264855277103  -17.990006470648083
-43.26459941377312  1147.8299084852488  -27.023289430112023
-40.04268118700965  1148.2521442077718  -34.281536810571225
-38.23447315154296  1149.503469577704  -39.429261918075724
-38.51896396184236  1150.8183936963192  -41.330924784606054
-40.439028743678655  1151.9667501868441  -39.90255911425164
-44.07764968223084  1154.218970769236  -35.380915069702084
-49.20923446578806  1156.9613160547344  -29.10331842465084
-55.86078462563536  1159.7913500356049  -19.904405813910795
-63.60093393489691  1161.2169350928425  -8.161668925890176
-67.77501461902874  1162.2072777674077  2.6339903939493077
-69.82050313469749  1163.1151437149783  12.693551738724425
-70.35494264438083  1163.326152833196  22.01718396477774
-73.26527085420491  1162.5543949305038  35.39850632595631
-77.2546546015261  1160.649425542366  50.2945485621897
-81.28325310672976  1157.9676368485564  62.35560824819969
-85.62409579269239  1154.2381442337  75.38073391748098
-89.97851024994175  1150.43244429854  84.66317840857556
-94.19534120063688  1146.702799481708  99.23974857342529
-97.89219186894086  1143.880546925609  111.15032053404639
-100.75396152736771  1141.3647167860142  124.62169537037222
-103.10881257994745  1139.3596330281964  133.9555785555657
-104.79570842835433  1138.3237347525085  140.64931776813876
-105.5897344506559  1138.2901788717545  144.5673876294904
-105.01940610690828  1139.6220887955103  144.48668998220168
-103.3483617616542  1141.601569029248  140.9958049132211
-104.72470810344004  1143.570088059652  137.74752610607723
-103.43656301262659  1145.2150949385841  130.95010617489115
-104.39228619503561  1147.1009399618436  124.1926863507352
-102.40948771777059  1149.7116600981046  114.9489578158908
-102.88344607147212  1152.664881510929  106.35692329510195
-101.03621850082438  1155.1095205711392  94.69871484283703
-97.0936663083099  1156.8501746350748  80.06963293118201
-91.72978772417657  1158.1415845971364  65.20029402571836
-84.9838370403192  1158.962190176548  50.568858860091275
-77.68236808063777  1159.2288564363535  35.313938119366334
-70.15649333178348  1158.7782033020317  21.014246847399384
-62.08202031065336  1157.795888643393  6.465786472969674
-54.3284640734463  1156.456202894433  -5.690911834306869
-46.84778024210502  1154.8469426815948  -17.224298129310025
-40.444984664390745  1153.2653742447255  -27.125054252985187
-35.04308939839112  1151.8795889707721  -36.00498686202913
-30.691778356717066  1150.8962371793648  -43.49402051320769
-27.50598350291253  1150.2115182463615  -48.73573813647985
-26.044019383064562  1149.9563701653524  -51.76408261175149
-26.304724825684502  1150.160661100822  -52.85827992205667
-28.373002308346223  1150.929834457834  -51.3569122556906
-31.62286354709061  1152.0412026437168  -47.95888767989828
-36.550071320887305  1153.3599358267606  -41.28856320073461
-42.670744048134154  1154.7269630243106  -32.99165395876645
-49.95398488126786  1155.8865558816804  -22.227305752143327
-58.09529526321577  1156.822680229288  -9.632669355904158
-66.90235313257446  1157.2653859507197  4.974277381569143
-76.18594858075994  1157.123215114095  20.968146389252574
-85.52283698824402  1156.1318625250117  37.81868608800097
-90.41671479325775  1154.8939562125993  52.074752468846896
-92.4230807510065  1153.638306253964  64.83045505897068
-92.09483004635533  1151.6924095070488  75.83341436083003
-94.13776465276544  1148.59889370159  89.28937710823766
-96.62010819301612  1144.2806160250268  103.44259813561078
-99.01337723423762  1139.7094477125286  117.86953214156202
-101.11866760967263  1135.1655591500196  131.1350833506514
-103.25365596700588  1130.7653782620266  143.38079563711148
-105.25768483208721  1126.962974356399  154.04448329664666
-106.89953079200242  1123.92762193825  162.8986034451978
-108.08625986687571  1121.8042976774032  169.61663910889615
-108.94819832095548  1120.525928923012  174.57175997981292
-109.22734122236585  1120.3005251446364  177.15124518345812
-108.82400187928585  1121.2859185049624  177.25405512675144
-107.89853776018566  1123.329911523533  174.90469910551454
-106.24794175620856  1126.2075102216932  170.2818548130541
-108.22309980487519  1129.0642742897296  166.7644667760739
-111.86202202161513  1131.7283424605694  163.1917901256065
-116.8222600121463  1134.5362446250608  160.54867449337507
-118.99277571625385  1138.0355853900733  153.752778164203
-118.86884967951237  1141.969507123391  144.66291842153905
-117.70732715430034  1145.496769236103  133.0331034975997
-114.7506880729785  1148.3439311043999  121.05094183779042
-111.23894182939894  1150.6610296848785  108.4015545518134
-106.47177868155552  1152.3569778173555  95.31740418411819
-101.14023180221822  1153.452526870766  81.9429714616076
-99.64681919255644  1153.7438043391878  68.60444359161615
-100.76191100983846  1151.8182837270735  47.60826722836822
-103.79403459569596  1149.1444278049075  26.346131252190453
-104.21368405085809  1145.7837150699113  4.991858339737577
-103.89018778452092  1143.3653322264809  -8.274442765809999
-103.53283756355876  1140.5847203959452  -20.973646919237197
-103.00095750055905  1138.2723911530397  -29.05478735809387
-102.08586124939912  1135.6125764562858  -37.44466143140163
-100.685662331112  1133.5776997252078  -41.006778266850645
-99.24192611614374  1130.5602689008701  -48.90522596767417
-97.70291072009658  1128.3579152820435  -51.12820143040719
-96.12496042716381  1125.2347230412436  -57.82456915055343
-94.48027379298941  1122.9551937264876  -58.98785964023588
-92.7620494234382  1119.7786479848724  -64.77603729915265
-90.95771049747896  1117.409148817135  -65.23854449459667
-89.13631023264585  1114.1937937065707  -70.3676062811651
-87.35398723421451  1111.8192522095874  -70.5127193728614
-85.61575577259588  1108.669442705606  -69.99442267799365
-83.86109395754667  1105.4624073851246  -70.54231594638524
-82.29871514931024  1101.7777628387207  -67.58488981537526
-80.78228916828914  1098.661094855701  -71.74859583984758
-79.31969278524454  1096.6230262493425  -70.4757699018704
-77.59485460412331  1094.299076129312  -77.45285105784026
-75.75535008306424  1091.443717807275  -64.88645390024296
-22.465522348753936  1083.0559878600438  -36.319449277287674
37.408746126315606  1074.3102503627092  -1.3811764014329846
104.4337720381412  1065.0907573010852  23.10627243266572
128.1299701410644  1059.883798682553  34.940373974482725
154.14503948421287  1054.3890015017082  55.8174683535231
183.1599431801225  1048.5764369635124  74.46062676024385
204.90154074623206  1044.569386851446  88.8071350149353
217.74589882372163  1042.6382914125381  86.76909344198133
187.52881825441915  1042.6074956764699  64.23299481814578
154.6464118383385  1042.6689765507092  40.63039492360367
118.39595088260423  1042.1427734318345  11.77142499486374
110.03524318791446  1041.9108029903746  0.8599680866912358
97.81021599837476  1041.580536257741  -9.735599904339283
82.34818528270638  1041.6076668633912  -14.593539572629357
72.5086483049923  1041.4960195117562  -20.39970093397625
63.59730870394901  1041.0440717568872  -27.17545054117374
60.98289218942961  1040.6738168600189  -33.86736985817842
52.84660225602526  1039.8162162499743  -38.74165166378713
44.77189512260658  1038.7988981240037  -48.92898285246811
34.73512733228159  1037.57796296908  -50.35890133432296
27.084686325536506  1036.8440426199954  -46.065187371866294
22.13416709073494  1036.7005514778841  -37.79756553195287
17.11972007839811  1036.0878745551172  -37.60093516929967
12.357406118694714  1035.5644662182601  -43.32187774498874
11.473351149455734  1034.3984434800423  -48.611008237803816
9.794284360977503  1033.7629379189125  -49.815405241363926
8.168721545095124  1032.7243295187773  -51.412710170363624
2.5322245081401467  1031.9214330238888  -50.95067359782122
-1.3960182975170978  1030.765043457485  -52.05898070021454
-4.303037841731074  1029.3781859248882  -46.840445906531826
-6.483385153129425  1027.7340037304941  -44.01407547107986
-8.590233748642792  1025.8947244569415  -44.187126310341235
-10.72879516036003  1023.8501863242121  -50.832514858111864
-12.569319056422554  1021.6445804867526  -54.97936565578491
-14.186028245035736  1019.376185115411  -55.89185802523121
-15.860062795448815  1017.2475850142265  -57.279950165068634
-17.48532662573874  1015.332220174693  -59.02080125181723
-19.146570110375734  1013.529769639412  -61.017563494501736
-20.634177229127697  1011.6192313038118  -62.43144557405046
-22.01417862571584  1009.5450264059443  -63.44874306383366
-23.472516423300853  1007.476479067261  -64.17240400615896
-25.00531837678236  1005.5338395738903  -64.56801186129525
-26.686959595662813  1003.5959882487899  -64.65271106248001
-28.111384406323694  1001.4739080749621  -64.71718169597729
-29.413729303473193  999.1607614213559  -64.70746883621814
-30.876597138192864  996.8533245482826  -64.0902263077662
-32.57778322755436  994.6169052334101  -63.07103534546711
-34.327160083900864  992.36920719085  -61.792498655988595
-35.71696339493062  989.9577433086075  -60.88772560517717
-37.04166539350649  987.3228877128132  -59.96783721882715
-38.35689552976065  984.4844222492453  -58.967742391653275
-39.756426203706624  981.5472044618658  -57.873897589639164
-41.08857120072565  978.6205606154227  -56.80160437016067
-42.30270321532875  975.7650897934943  -56.01160983443218
-43.41047306787852  972.8983506041051  -55.34430067558906
-44.408199027175016  969.8844234655166  -54.9695382326843
-45.37563971435182  966.6489023675505  -54.75320308781318
-46.31840277818247  963.3297183557612  -54.76567515008493
-47.25697460036457  960.1334893233034  -55.03152187257545
-48.20170277349405  957.2437630145295  -55.35618425234337
-49.17290961169599  954.6608895658326  -56.055271324437655
-50.15978055976112  952.3792928283722  -56.81134358590682
-51.12911154043728  950.3908685109748  -57.81433277316853
-52.187291760719134  948.6875372803765  -58.77642760105398
-53.21167728076345  947.2149082750107  -59.641787629613795
-54.37281396917212  945.8600570575709  -60.3793005517726
-55.457358138856634  944.5872679940381  -60.88502051768947
-56.66727996124357  943.3716173897465  -61.3485275404123
-57.90801351384437  942.1892372495928  -61.733680386317765
-59.140135982985015  940.9634734957449  -62.062332546975746
-60.21921657076271  939.6340841483366  -62.30927031789598
-61.006206520961534  938.2474150346824  -62.56818585116142
-61.605643318724645  936.9998759147629  -62.836928174095405
-62.09743436340978  936.0141251053899  -63.122002253305794
-62.46665334460546  935.2803623373645  -63.368856299179306
-62.77323276480801  934.781407192567  -63.62702361195474
