33.974178188005695  1032.9141376205496  -150.425610634189
35.83213126532977  1039.2698113253336  -127.11951135673868
36.33682245088235  1044.1028233541733  -108.08768346558567
36.01783997734486  1050.0949015675976  -91.34177047367334
38.890171529430376  1056.411320299497  -69.73704180375158
28.96824511387413  1060.9966711458937  -45.491409997992285
25.519273573357687  1065.268684711562  -17.113264105967705
13.296577971236175  1069.8628438848405  -1.7223809808713249
7.945498473780402  1076.8418839511737  3.875128454717969
1.8003797545848466  1082.607419249121  13.911768508266885
-5.3161734203958435  1086.9672191178238  26.18251532851919
-11.92630811217959  1091.213037614315  38.50635675995812
-23.12019607287175  1095.4989879771592  40.90711318069886
-28.35226564088524  1100.2007059886992  43.05576766964513
-28.769665795843444  1104.18019624339  45.79531211838602
-31.848571809959484  1107.8666683676734  48.64471644465091
-35.89529157740493  1110.9232245239045  53.87168633416738
-40.3315426199331  1113.5852228876033  60.066624093443544
-44.400358680503274  1115.8640397514089  68.54479320753663
-32.20331374795553  1117.6017314717474  78.02800377477305
-14.829392585719539  1116.9085921252922  99.19085173182144
8.90760944231045  1113.5173950949948  133.52567739271777
24.185646257274872  1105.4360539163806  179.30738002503657
40.63230133567587  1097.394626544978  218.99104701648568
53.01547802519826  1090.954731144174  247.8687418676043
57.934692871842486  1087.4184029782273  269.03385069170827
59.32448955403773  1084.2128668348444  289.2704919679441
61.13691775550365  1079.0208695523254  310.4763881648474
64.57513244278225  1073.0307246318187  330.73561136982374
66.24875608117055  1069.3134681426736  338.12552675774094
42.735170963167086  1067.746282142486  337.778062369008
15.766129099582656  1067.5476842255184  331.1796463286705
-14.476960457224227  1065.6716051493527  330.25462499876136
-24.72264523381521  1062.9476627239812  330.88383116550057
-36.469743068389896  1060.0265502980014  330.84427113996014
-49.76966171208495  1056.6772980674175  331.11192731273763
-61.52659204649145  1053.327762558034  331.73985511820376
-71.33742906475071  1049.9363723495985  333.06296059189543
-78.49594201569153  1046.939430749629  333.90572629103724
-85.19170286342606  1044.509414252835  334.08962068172934
-91.16469721280559  1042.6148722471894  334.1073774994504
-96.18418977539568  1041.2085940196607  333.8339700227896
-100.33800574150871  1040.3947979523643  333.07857563586276
-103.75753095110345  1040.43040115271  331.3259725163586
-106.50022831802994  1041.370772453095  328.42665204452385
-108.66373649985543  1043.0964922281275  324.5847897148731
-110.03586766073666  1045.6011822257447  319.73945374180096
-111.01583989640426  1048.7797807515053  313.95804170667736
-111.2630054157662  1052.6529411013976  306.99215746552926
-111.11464722384906  1057.0382460949838  299.0676893341756
-110.64280583707645  1061.81084280022  290.30053274538204
-109.46202950422908  1066.9113366217314  280.72957562419566
-107.83942085966564  1072.2171934212297  270.33862085949494
-105.4747019800733  1077.7813575049454  258.65402200359716
-103.01665417561168  1083.3401345553889  246.11614382085568
-104.310975232082  1088.0319768629395  236.35359313169067
-103.47376793770772  1092.7211342457792  224.75316442997925
-105.69322263251755  1096.7115292612855  215.4577542807022
-105.66596217443652  1100.7762024912922  204.10955783335314
-108.75536998388816  1104.2188049895856  196.06923856207263
-110.02545194429773  1107.7229684813603  185.92488540472473
-109.66879590051221  1111.2908174336628  174.481427563854
-108.36190657945652  1114.4581903321484  161.84585008058835
-105.92866907282391  1117.2299479660062  149.2111935555741
-103.16425806012231  1119.5550474003453  136.7348667708517
-100.02239819465157  1121.5453777016903  124.4020645469491
-96.10317885094581  1123.1558788542316  111.85848818972715
-92.10138421975002  1124.3421802818027  99.6803686429613
-87.3151252997867  1125.0613165255095  86.96164871325792
-82.41143020315705  1124.8939500954475  74.5842310454684
-76.8945338460364  1124.6051754323353  62.07205845479548
-88.2127666774595  1123.1768376486657  64.23004094327628
-92.96433346827372  1121.79280749797  61.65946091246992
-90.33872287433917  1119.786748399991  53.723565946158494
-71.28845319615823  1117.8524148843012  32.32087660027107
-58.93585288278338  1115.3255604829078  17.04993648212141
-54.54779551237675  1112.1890086142296  8.804049735537149
-48.36682187924141  1108.870917484925  -0.22625054043024573
-41.166534455612364  1105.4238187332944  -9.868252472042766
-33.175473290771514  1101.8970400249573  -19.653330149317924
-26.932973415098182  1098.3660556675393  -20.540130180516545
-21.192628956637527  1094.8838550656183  -22.45890073209629
-15.806073124670124  1091.5033358720418  -18.229737024925473
-10.437913905348712  1088.2834006704315  -23.321720640174874
-6.066255211565758  1085.1999734125736  -28.82799231744139
-2.079465326665037  1082.3668650860254  -38.59863385408182
1.3461509343891045  1079.8217787633364  -45.12448769608998
4.418432420767433  1077.6962692255513  -47.786018441589185
6.873648363947129  1075.72563589474  -51.22394536867215
8.794784272609109  1073.9277652977783  -41.193200084734315
10.111157958130967  1072.390876783429  -29.050836180645923
11.020010743730467  1071.3339532456043  -20.530634408966442
11.384420219898137  1071.4356625558878  -29.667937998076006
11.231763819789478  1072.0631242221798  -39.74213494263686
10.45806238926977  1073.2883477631099  -44.242508076882444
9.036499603852352  1074.4458580712762  -44.24553795090096
7.067082609567526  1076.0502432322573  -44.49339154718284
8.543222605297158  1078.0848169805888  -45.77735868945988
12.157780278472035  1080.7838612836765  -36.85239340088287
17.205827635807356  1083.7944284163636  -26.28934020816363
19.345839754124555  1087.0025759980203  -12.35169384957377
20.33466132290858  1090.1168907388633  -4.94343858690787
20.53412493707621  1093.414796677189  -0.32719080437350145
11.851718491048594  1096.6234191392641  2.901156325012296
0.631620392620662  1099.8085263712126  4.58099961262419
-12.097359137777676  1102.9833636155686  8.392158302722668
-18.973519124265454  1106.3264120677622  13.533907178009724
-26.15599005516221  1109.6682397338745  19.27503420174942
-30.659353741692012  1112.8071451159603  23.025500452514784
-36.35798586453459  1115.7591796130473  28.1973585934526
-34.102009381053996  1118.4766862682766  36.27244734105615
-38.52093434115103  1120.967314099865  49.60444422084784
-34.29074808310548  1123.2540706038778  60.83047010120259
-37.327042819020264  1125.7882619626282  67.37354565113425
-36.830818211498794  1128.1894890684619  71.35317283221167
-41.54013607127557  1130.3288652503886  75.64824725268156
-45.923787440756385  1131.7263376231526  82.17410667913474
-48.81672920320705  1132.6852405635636  89.3876129551706
-52.52663209321976  1133.1390493085244  97.0380494212916
-55.922958377494695  1132.9057227267613  105.57527239256126
-59.96052239824418  1131.951551934049  115.05271233760496
-63.81405456411526  1130.3304127695062  125.0899317232204
-67.89904270453512  1128.0503346628007  135.7866036037311
-71.73225926720113  1125.2979339252051  146.47576618480116
-76.0281399139488  1121.9942320022903  157.38971578023984
-79.94029948100557  1118.3739831617313  167.92570120369967
-84.04462949135075  1114.2792245651915  178.9638210619615
-87.43164385725517  1109.9916510396524  189.83422722930416
-91.16826025134517  1105.4481405867589  200.71732393250076
-94.44414537436319  1100.917516419453  210.9872586509632
-97.79462355691498  1096.3510394715986  220.99353775980367
-100.58960031640366  1091.929059010332  230.39775732931668
-103.20157791953527  1087.7709383159743  238.95327936273603
-105.52172092732029  1083.9148492255144  246.47328275441504
-107.65206351181719  1080.596312805359  253.29721510715433
-109.50712515399894  1077.8889186035974  258.9381415391782
-110.97426316613442  1075.8987159950973  263.35781263660004
-112.07442477235077  1074.4959106181927  266.3336583000104
-112.9108412539527  1073.7234884059703  268.10188129216976
-113.33951098228175  1073.6791058035271  268.49023110938913
-113.29814191608983  1074.3883674282981  267.23236185966846
-112.9459127613512  1075.7026485313856  264.7131206497297
-112.30230396075328  1077.6414275984216  260.70501165137097
-111.34606260930359  1080.0533047209503  255.53338582029102
-109.99615527872245  1082.9528942603229  248.78094013630616
-108.19538356577755  1086.1648678174222  240.79535501467075
-106.08362414698851  1089.6773803660628  231.36781165904605
-103.58340869519317  1093.2881343453976  221.08951178521062
-100.92514966199815  1096.9763976887696  209.78126555194058
-97.68877641858498  1100.631846809747  197.54353176839678
-94.18731868606781  1104.1984908784248  184.57152947240812
-94.34809632610407  1107.11450001105  174.58703690462525
-92.69945284849351  1109.9668743416737  162.95679756032268
-94.16630811765606  1112.341796528708  153.85027221971166
-93.5548771746133  1114.8188487274506  142.88223164693306
-96.06335233161684  1116.7640770921635  135.2948636317501
-96.78975728731048  1118.6589956813807  125.78618921416785
-95.78582528246127  1120.342374046422  115.09917090911067
-93.86945464920724  1121.6827052595156  103.45703295270917
-90.85588652815113  1122.6715688508666  91.73334110683385
-87.71853619734335  1123.3942713662934  80.22341716432148
-84.23372830555918  1123.81299565056  68.61661235589288
-80.26205612034028  1123.8960331467072  56.9975544361085
-75.95612985007514  1123.5091030342428  45.63289712698324
-87.93020381268363  1122.820384006084  48.51074127376749
-110.0661010045002  1116.4979359004858  60.4431622946342
-126.3550219335198  1111.88493146726  68.2803120984233
-119.52800819951489  1107.8881796943474  57.43546789123959
-104.24188355316171  1109.0763261378024  39.98109932313098
-88.66937100042253  1107.9554493382475  22.300618935149437
-78.92756809888988  1105.619513754768  9.560956067822186
-64.95952699818861  1103.198307861553  -5.918182710529319
-55.2936975687722  1100.7510970983399  -17.30171631164839
-44.97223203992937  1098.189099273839  -28.32021171200939
-35.75193746327532  1095.5019396658436  -34.48822752890193
-19.17809289613192  1092.9515384567928  -37.010325430658355
-2.165165370787175  1090.5214040445462  -37.24084722734342
11.218498957638001  1087.9158473174202  -42.896984846632684
14.623962273439279  1084.6629785948053  -53.10270831975572
16.010741875110355  1081.479688509926  -63.894709161349006
19.815496511158564  1078.4636321154362  -71.47640062321739
23.443033562069875  1076.1205438227666  -76.06011752228727
26.08648811617701  1074.0491862950441  -73.81607744040527
27.583204167244382  1072.2124786672473  -74.07694895525182
32.88089127897002  1070.9814286763026  -70.52509431750134
36.260560516952474  1070.3130086970996  -75.01927334717664
42.28112842392672  1070.2566432698077  -72.84474025524966
45.79356842228382  1071.1223307006876  -69.44682256405746
48.00866590585967  1072.263505001393  -66.77470243810774
49.47553434584284  1073.6852707931614  -63.844151115261596
50.093402715530075  1075.5588885577688  -61.09945546498163
54.149598358516336  1078.0504047903523  -53.49366997970725
56.07279759643377  1080.8848999804204  -50.83083382026446
56.330295178749395  1083.151008640387  -47.85607485229033
55.573860711884045  1086.0187715952613  -42.37120927906315
53.9370245076392  1089.2678591955237  -33.024295724538355
51.87973704415284  1092.589418025243  -28.664632719482945
48.79309894235741  1094.9825196796046  -30.523262811954908
44.648322735597866  1097.0702346420023  -35.626537510916215
40.18355980520392  1099.1854753922044  -39.42260663074445
35.3827309668689  1101.6930633668221  -37.83880801220461
39.04199156802262  1103.5781138882346  -31.33557547316289
35.19909209288134  1105.8770883711086  -22.602964342372886
23.274305774196826  1108.5172594575465  -14.808040446175127
10.139072110271698  1111.7792625594893  -7.588591263082497
-0.02442631096983039  1114.5353984554001  2.377696307875249
3.7221156543003326  1116.6733903414724  12.258520097885233
-6.057451709914953  1118.6452373981272  23.676459919266247
-10.774539060264491  1120.4570810265045  30.146888576971136
-24.220579102072158  1121.9323399726243  39.256061767364415
-29.83251928486514  1123.4683590242662  44.72240711492029
-35.176985609727055  1124.9159525328741  52.35033082517592
-37.63926336929297  1126.3186907755496  56.836402978587245
-41.03130892046523  1127.2937005727272  63.292817017252375
-41.03026993736532  1127.8115045785053  71.00172158791253
-41.986534433964465  1127.4900384354903  79.81848306548105
-39.576096543226875  1126.9475983618934  89.00118755930114
-43.099937342726854  1125.3292290905206  98.3265684010668
-47.20485953315609  1124.0452463798922  108.17654345387675
-54.268976144117445  1121.8043521057878  118.25291925845478
-59.876659874648965  1119.450795546698  128.83971771727258
-63.42541817973452  1116.116640185599  138.9442057987465
-67.89440113429798  1112.2014079135622  149.5879818286772
-71.76174335824437  1108.0165927664423  159.7169997571285
-75.75425633638041  1103.348111064761  170.42207429503497
-79.18211261041327  1098.613830934633  180.2146949246075
-82.27201376488381  1093.8397478581246  189.53129270052432
-101.37868036927748  1089.2051738171904  198.06997356324655
-138.91030902364992  1069.678752055144  231.7754600300677
-180.6800277943256  1048.5335594662317  267.93792818918513
-210.48847607031877  1025.6277080164155  306.79249367595395
-226.80781400280694  1016.0994214016382  322.90435289487226
-244.67756840754737  1006.4029355945776  339.5675579191657
-262.33017691233107  996.847043316751  356.5352134636556
-277.4862578984162  985.3987472244519  376.92356576785414
-289.30398416142754  977.5992350692293  391.70780046518774
-303.0379414228161  970.0157000133311  404.6815081888419
-314.04597172531726  968.7694381210426  408.3272466630882
-327.0976974525385  965.3016319524758  414.8281085373285
-316.5019637388145  972.9728704147537  403.28874018716255
-286.23511096886426  989.1315662822915  375.2345116770761
-247.75723738229385  1009.7460697932994  339.7933910473122
-221.27718590847857  1025.5112220704827  312.71020351399596
-208.42293755637368  1034.9618075641629  296.33980687035944
-192.1160065693531  1046.0651545156238  276.5578516619883
-179.21346661067045  1056.8190150282326  259.23704809634154
-166.5158952846462  1066.185658621475  241.35213577374972
-154.79568139744026  1075.273857224997  224.09798136455439
-144.97970464606047  1083.5118928693114  208.0727523458742
-139.7490786885213  1091.582816032455  195.6290405303135
-139.03292551591733  1097.8461112220587  186.88903320135415
-131.8290669103232  1103.938316996287  176.75461133948073
-125.45946600415782  1109.9387805431386  166.02501884769714
-119.76492852531  1115.3988584579063  155.29896184558996
-118.82330448287246  1120.3482541564806  144.3278241580544
-116.64703119154136  1124.699365171984  133.97864679902204
-113.14194601818187  1128.5905344157247  123.35672624873054
-109.36299990275795  1131.9383803431542  113.28982923738675
-105.30752251508295  1134.8037803181562  102.89810041109796
-101.21136638880459  1137.0652330506875  93.07983273178645
-96.88635687704608  1138.7550991624632  94.52571661600295
-68.72616746273418  1138.3234909112732  109.05632459312557
-28.340240393303226  1136.7515854732167  123.07199238617497
12.634403920378617  1134.4781736144746  130.62899990477348
32.69263566231132  1133.0290977765142  130.1934021852329
44.45475263745081  1131.3124433672426  135.53393524191375
60.91049031113792  1128.92939889284  139.9246766326526
77.61510034537193  1126.0249373905363  142.00753954384345
88.06266871895633  1123.641831380201  141.92996293855202
93.01237220940354  1121.6055823509168  133.30336544277438
94.39152927779007  1119.8934179227172  124.01750022496702
90.47308643283247  1117.5364022421513  97.38178759784869
81.69707504804431  1100.6707289108153  44.50844896849818
69.31934910462834  1082.0413641008502  -45.182050478419974
61.04497186846235  1060.8350094409316  -130.24564078054146
54.4980552836572  1055.0637509521832  -186.55539774595593
48.683103344546836  1046.9873853933664  -222.2925963985713
43.25236416788613  1045.1571315685183  -237.1259388512488
38.57909100005386  1041.3781247913562  -259.9011533052797
34.96284883307579  1044.694666322982  -256.8051403969184
31.961173578652478  1048.3853714019883  -251.0349190208405
29.304799678026882  1053.9219354425886  -232.70901664113862
26.95431459471189  1057.891503690929  -221.17531852692827
24.91711246056511  1059.3650377062306  -219.6187191113882
23.198041986879016  1061.5427393205898  -230.08802452465176
21.64066870922942  1063.6308546952907  -234.33528300936842
20.28644982711404  1065.5643619819537  -232.1941278829344
19.084504439499938  1067.0392512368744  -216.7913833506589
18.05835577947344  1068.2512251488674  -194.56190954737522
17.137241905274482  1069.388557563572  -184.4553738831236
16.312384520073913  1070.4759955861323  -161.23280363105758
15.596950433929477  1071.4070185685812  -157.36486006033124
15.004305884781408  1072.2317197825346  -136.55565188328708
14.46432131544159  1072.9553879210548  -134.76843603775623
14.01305275743761  1073.6474161777344  -117.29686276799914
13.569142238958001  1074.2657422545046  -117.89943721308124
13.21917520381851  1074.794526213051  -102.89517726557054
12.868701362554642  1075.2421271686098  -104.81757734359361
12.593277828526295  1075.6455530918693  -91.38407567731602
12.318465783286884  1075.995376863221  -94.72065027035302
12.090091419330541  1076.2853969489072  -82.87649433969328
11.87630603562711  1076.5249787857072  -87.15947810879281
11.641012873978184  1076.7190103572893  -76.09304596583209
11.415344617593627  1076.8817770058743  -81.10941698193015
11.122719603727043  1077.0208362451249  -70.46213942666606
10.875498881282063  1077.151899917863  -75.88535914953475
