-10.95956862786738  1083.1694203666264  -96.50617908893848
-19.148436847615578  1079.9085433105663  -100.88686539200634
-25.16574588970847  1079.23395704548  -100.18261692831003
-51.72515746100838  1075.0996123597529  -94.62315467005664
-64.84477679656008  1077.179903305132  -86.99683753241584
-101.23486211690748  1073.5745686109447  -81.03449326396591
-103.01867740850625  1076.1986488602345  -77.20276316084436
-109.73578053135195  1077.0735679133181  -80.0663724444491
-94.84448813792459  1082.101958334298  -79.39389282146647
-88.2629734857227  1087.2239211123658  -75.44145346539271
-85.92428214095983  1092.201933103895  -64.45140308201482
-82.18014761601228  1097.717053665514  -56.43977312177093
-79.29492455454817  1101.4226917661738  -51.81911211688676
-76.23324301374653  1105.4630947477808  -45.55126356344146
-75.28860197637368  1109.383274299466  -38.696513906188336
-75.50171791270506  1113.0931434478537  -31.017030211287793
-76.06016275917321  1116.6224572408485  -23.97575836494691
-77.06947377706832  1119.8396326877653  -16.842078895343903
-78.58872067988335  1122.9662253029644  -9.588993992651051
-80.63731351315045  1125.9135541223623  -2.1686006713022508
-83.06649395524755  1128.6697391002242  5.41019673305851
-85.78679496056537  1131.2176635567707  13.109536976101799
-88.92744211073938  1133.5401143462607  21.135288143732886
-92.16419940244826  1135.6779995535728  29.05847802361749
-95.71632299276888  1137.575708834899  37.28440402565106
-99.10818167772119  1139.222334423966  45.64819111277022
-102.79198764303038  1140.5937932144338  54.388075785234186
-106.3200492283385  1141.7529469216415  63.008564386375724
-110.0748951180384  1142.628744743564  71.82454541670609
-113.71933458248716  1143.225053517313  80.60975384084216
-113.19222971870195  1144.0437778526148  86.03851063024105
-114.20374381757455  1144.3509176561956  92.77348460117489
-111.63317238626757  1144.911294148916  96.65690396879249
-110.90016717944621  1145.0291242710755  102.14275061190708
-106.61960582384093  1145.4453150713894  104.74582273396345
-108.37800954736953  1145.4436993281488  108.60689932997862
-109.68962093513267  1144.9881090438405  113.60406878463331
-110.59852696691726  1144.2338802329211  119.00730880365936
-107.47624636054339  1143.118340993422  124.88161315801774
-105.91432498120301  1141.7367930837154  130.91697035128158
-105.6867742373845  1140.0672528352559  137.05370505344632
-105.58445838735707  1137.9960595236444  139.67011826887978
-105.61082360074546  1135.2992158336199  143.8642638294106
-105.61766344590418  1132.5289952837072  144.99581414512951
-106.17124433157429  1129.2164270699927  152.1096822372685
-107.05407175037067  1126.1672063182773  154.32273520739184
-116.60853643949395  1122.3887880036552  157.64734471882252
-127.25404494601106  1118.6992040636565  157.58487089615915
-139.12572136416927  1114.7770400924112  158.99069217012772
-143.7416311039524  1111.063758193499  161.69241774356496
-148.71054570049967  1107.6016870839373  163.91404259200826
-154.04557369426578  1104.2300346796449  166.69687101508532
-158.87813960111228  1101.2316467641435  168.73705367711818
-162.9675989329999  1098.5535552267045  170.75975996223806
-166.04282487910376  1096.4010399309911  172.09055343625184
-168.76635285099766  1094.5916813981776  172.85328852283772
-171.09155124480995  1093.2370900624578  172.8324470766914
-173.01800968862796  1092.279414172809  175.72954720939217
-174.52742719956743  1092.1051475988925  176.3387923384264
-175.66056198288834  1092.064084145416  179.5502662292
-167.95806537086145  1092.7769396722192  180.45524462519347
-158.8379894358444  1093.6029469564744  183.7619650364254
-148.2822354597237  1095.1149040682265  185.1051574376422
-148.74392368111066  1096.5992903051535  184.93860129429845
-147.11204199130358  1097.9691831434363  183.90502307784493
-148.2352176173555  1099.419164268189  181.57076643392557
-143.62947383566723  1100.9905673426852  178.49951978501707
-138.96659438564507  1103.5475948909614  174.68207537859104
-131.82436112638524  1106.3440374938032  169.87946387120962
-130.52249111954458  1108.5962996423843  167.9280454433235
-129.6745252605747  1110.762948579753  164.27305042650838
-131.70516459097712  1112.4564200561983  163.28899139433122
-131.81672262289086  1114.6552696141375  160.48847682987048
-135.45385399629657  1116.2181445795345  159.9144240034679
-137.5515214019105  1118.1422970277508  157.93454730125018
-138.84807974970624  1120.2499224821718  154.750764174116
-139.66477696709765  1122.5912942199743  150.79349171287947
-139.84611184223772  1124.916253490446  146.15369800269798
-139.74908049465608  1127.2217139749848  140.92738564930144
-138.90546630695104  1129.533460149416  135.54039335503063
-137.79986067008107  1131.853655539624  129.2634049867532
-136.21993453512795  1134.0915971718055  122.80673496333281
-134.36556798113173  1136.2398225407844  115.7219172446395
-132.1866674984935  1138.2123561720769  108.71342314988219
-129.67099962397316  1140.0616114467134  101.16275033745478
-126.87613378860092  1141.6700803588758  93.59336196025781
-123.81147667841591  1143.046339711282  85.6262617069459
-120.4248769463269  1144.1614700287166  77.76369917489752
-116.81954394197629  1145.051663464708  69.59166854117977
-113.05232199741164  1145.690895626287  61.56841309009198
-109.20688791909146  1146.0387436487338  53.37771469667163
-105.30189343540277  1146.0775015599659  45.72055941497335
-101.23257928002613  1145.8819092910512  37.81981337847678
-97.07401332173853  1145.451489198843  30.360379141424186
-92.80194949420883  1144.8420424156102  22.468731340204744
-88.51023993130848  1144.0053232642756  15.11048987146884
-84.1756368078356  1142.9577832162183  7.83798989331849
-79.8731619793897  1141.70680592325  1.0518488281116323
-75.50970519181013  1140.2845180022746  -5.587636490684012
-75.21654486306909  1138.6930716027036  -11.912946194697538
-73.21195012792663  1136.9117877510903  -18.009417261560323
-74.5666438243789  1134.9593458119423  -23.98167415318897
-70.03341484988431  1132.8590036364076  -29.7562831590024
-70.42992903291487  1130.6451533505524  -35.244933782391655
-69.83077036266235  1126.667032769087  -49.08930031885511
-68.5749077249162  1122.4241029148848  -63.67351570937481
-66.93737913694224  1117.9218235603594  -79.04009526535162
-60.881580594713824  1114.8071582789116  -86.64327415437195
-60.3985413971681  1111.5923026092244  -94.50755177879316
-55.13513217862506  1108.2640900165584  -102.77988090334333
-54.60936489858303  1105.0725596724924  -110.36364285140436
-49.39940206677271  1102.0561292671932  -113.23476255665805
-48.885887999992185  1099.2281549805475  -116.20775849932136
-44.2372784566473  1096.651792068252  -115.73515412056503
-44.17667070457986  1094.3422220006305  -120.12106407734902
-35.90311182807305  1092.5227666236397  -122.56110180613098
-29.78895369438372  1090.980879992533  -123.85344015398744
-17.665862647897306  1089.7814175832004  -124.38157159291141
-12.816997991416553  1088.8087722835319  -121.39642341173908
-4.838433408278259  1088.2063948104421  -123.29506228920029
-6.128304858748337  1087.9639664116685  -125.10974559986138
-6.238669637586634  1087.396472635172  -130.6318397786675
-13.658638767988943  1087.290168590502  -134.19630783404747
-15.138869601751368  1086.9925171539146  -139.0764023641895
-20.966432043668707  1087.9267001064625  -141.55620035824577
-22.643988305905253  1088.50977069034  -146.72413667937644
-29.180196640706242  1089.320229037674  -146.49481634556582
-31.209053405549376  1090.0485399942365  -149.63808005705314
-33.598534304971025  1091.3092946228285  -143.31844196774134
-32.86255080273678  1093.1435043064425  -142.41767085959157
-33.51678097755194  1095.0407548314402  -132.9935305804629
-35.165287982183  1097.0861340990778  -133.1808413347003
-37.10325042270521  1099.3191972317532  -123.38409865414287
-39.16718268626849  1101.9656981364428  -119.1253503266795
-41.60276673393068  1104.9774423256445  -106.65411042049696
-44.237188350329916  1107.9960720780448  -100.44327964008522
-47.339840959427164  1110.8225429838703  -89.85399471602557
-50.569955081582684  1114.8055315944694  -78.27453361532697
-53.74958428894237  1118.9668983898089  -64.21093955504284
-57.3049449267766  1123.2430859214799  -51.5120851183722
-60.93632070088234  1126.2245163709592  -41.94593096810661
-64.88311461970139  1129.1271094075735  -31.35849874660927
-68.64428545223568  1132.0180052105366  -21.384858500432237
-72.4690809985673  1134.6857519125447  -11.288700111070394
-76.40323271227041  1137.1288836028866  -1.9482216805738393
-80.35305406045714  1139.2443958130625  7.271057124150957
-84.272673480404  1141.1999307433255  16.281238885683152
-88.04338458799181  1142.9340209102945  25.411420714719707
-91.89927947996132  1144.4371291227644  34.1725352416137
-95.71331929013559  1145.6782918990416  42.984887410699216
-99.53263386236873  1146.708392936061  51.48855279710834
-103.28791633760768  1147.4508988264358  60.32418063122802
-107.12931294475814  1147.9077917118248  69.00752459942113
-110.80977773935393  1148.010475562016  77.7029513350088
-114.41253377177802  1147.8482313669224  86.13007084668318
-117.82222308198331  1147.3481613004074  94.71749502618118
-121.30521798443513  1146.5523073459508  103.0654965548153
-124.54273319028856  1145.36633341089  111.5379885452637
-127.83308447097987  1143.8254636232732  119.79694528849404
-130.8470190624331  1141.8899121309305  128.2427470326797
-133.80545284876501  1139.6162722264316  136.58828655592924
-136.5222228196127  1137.5526548421844  137.15479599714774
-134.9327770490099  1135.8046732792136  136.9936793024393
-134.7447330938501  1134.5166782627543  131.55959583458625
-136.12666167170886  1132.3737613426892  130.17569612159778
-141.47194587286833  1129.6985049941593  125.91771299208754
-145.03081131338124  1126.5889590901252  123.69766691379483
-146.5014398751023  1123.7521346211176  122.50582505962572
-148.24585397836387  1120.9507047888558  121.74390541989902
-150.23345096392805  1117.8524206046184  122.2061033133756
-152.40710587545547  1114.8103530123594  122.82161796234784
-154.1708315007789  1111.6797465146344  124.62728108363038
-155.58633964920355  1108.8174324426984  125.98594660485982
-156.8811246209662  1106.0245071703957  127.55473804801409
-158.08100532629155  1103.5149949680883  128.81475212652848
-159.08432649658698  1101.271860513522  130.09180322817258
-159.9199512617284  1099.4137333261672  131.16752013640067
-156.4063747005971  1097.8602066776089  135.65692876799693
-154.3507945663963  1096.7043784569726  138.3352096633891
-148.61005117676257  1095.9330654927949  143.68982767781097
-148.7694622166652  1095.6739493083833  142.92815602797128
-147.93140933597184  1095.777879157741  141.19760575294612
-151.24598904056475  1096.3595223866876  135.5389686425143
-152.69629768071695  1097.1983868503225  131.13817722057897
-153.27883305633517  1098.4282503994912  127.51178941522771
-153.49616954128174  1099.7996985128282  123.3520771324048
-153.5377710818588  1101.5227421633838  122.23481414545898
-153.59973255009467  1103.3640312890889  119.1718111320231
-153.01511923878593  1104.9469667768894  122.64161566196171
-156.56804693354454  1106.0778517677102  122.03155695150954
-158.37637804319573  1107.2637894387376  127.86388863573225
-163.50884504343497  1108.5621695544764  125.79606613224193
-162.29971475738196  1109.9430979783629  127.68044190988668
-160.3681656582929  1111.999650064522  127.62435039676808
-154.99864302323127  1114.5492073504763  130.31336387094308
-150.9865558156921  1117.566764298322  131.0477133472004
-148.87294428725414  1120.01957365577  129.401575116798
-145.7216066927315  1122.4270991684316  127.31537933019953
-142.40508818465023  1124.9681993171903  123.54341150773865
-138.7094347504449  1127.4284554737737  120.01968764660995
-135.2782149663466  1129.860536489186  115.12938086856832
-131.87258361017842  1132.0555830130438  110.0531403087393
-128.30931227554396  1134.1898591827032  103.85930158273197
-124.66943672339552  1136.136066684487  97.52459936429852
-120.90973916573867  1137.9644626053994  90.36011847136851
-117.06135409265042  1139.5440259968525  83.56967482446333
-113.03284673343836  1140.9433309353108  76.01646956895021
-108.94909762384586  1142.1541494255944  68.82829172647656
-104.7572929173836  1143.2036482059555  60.865048244444644
-100.6764891916321  1144.091502146139  53.59032406696291
-96.49761381986879  1144.7913195887315  45.82971430891221
-92.4678830357711  1145.2955187877164  38.55397923196831
-88.44610694856267  1145.5813047692673  31.00314585234558
-84.45563823915226  1145.6341366872261  23.8036054505792
-80.31046365437336  1145.490397747385  16.533089113846025
-76.10117958721602  1145.135797197541  9.641846869706416
-71.91053493313443  1144.591356898642  2.95118581480569
-67.79311254530485  1143.8526491625075  -3.310063362339635
-63.69029136989761  1142.9382547116627  -9.781712889175289
-59.59151263624078  1141.8462944647174  -15.7110623066446
-55.60617125897421  1140.5912565543838  -21.81795648420593
-51.70952584294398  1139.1857639739892  -27.31529790344497
-47.81495670667019  1137.6471273584075  -32.7234558682263
-43.945780726840844  1136.000862132895  -37.47573643146214
-40.03554214645875  1134.269563060549  -42.174420874248
-40.29136583523599  1132.4956341350282  -46.52628844519842
-38.98934608226872  1130.7065625826087  -50.68835562782249
-35.97870208718432  1128.9137624086861  -54.44876434336967
-29.09696092912358  1127.1353917899708  -58.18633509026259
-23.996265268158922  1125.3688392471054  -61.82551961011264
-20.978606527746436  1123.662667520425  -65.36342688959571
-17.62599039493524  1122.0014216935995  -68.8022968826454
-14.135078801518562  1120.4252415824733  -72.11797941449825
-10.627934933935343  1118.9087702291968  -68.27637611088932
-7.591276109536813  1117.5090925340999  -66.66501223846767
-4.93060210845905  1116.2066991949744  -67.61046156701204
-2.4721152935481268  1115.081665654293  -75.02338308918908
-4.435939405874738  1114.0991211493797  -79.44525924000705
-5.196614356419261  1113.3546685952429  -80.45704690569565
-5.853045340479749  1111.3106871409987  -89.79405022379643
-2.1755513568476164  1110.099914591861  -96.44973505008753
-4.543558319146187  1108.595074328972  -105.96484333703445
-6.425762944220944  1109.258441819557  -104.63968510629638
-12.469881863076719  1108.984396356454  -108.93024639622317
-12.853551258440152  1109.8237383031678  -108.06436842335941
-18.335379514200824  1109.9983451867204  -111.65643018121497
-19.322043604377793  1111.4273367552182  -109.07206462656097
-25.64120576903565  1112.1870384305694  -110.77081050222934
-27.042713999139437  1114.010028692981  -106.79265665895971
-29.256064454648254  1116.0890899127814  -103.45811162042115
-28.268279385924757  1118.8218187028504  -95.66859855069352
-33.10112669826549  1120.5311140618  -93.45102523719817
-37.58059862418908  1122.089054975123  -90.07932632118774
-41.37684106317707  1124.1059570431921  -84.87384717355754
-41.06749948722867  1126.9085105869683  -75.50464836288228
-42.14803847904232  1129.3765444212418  -67.4886048306899
-44.81047298455256  1131.3867851360405  -61.710551240689455
-47.632223954773714  1133.3760565203206  -55.237021991125864
-50.82813537109679  1135.3934067134703  -48.41739138736813
-53.834659284586756  1137.3452504222553  -40.857570164094454
-57.51489013425651  1139.156255401666  -33.80254150174598
-61.368221841158295  1140.8151317742193  -26.439445023127988
-65.45209344823401  1142.3671376039915  -19.298092120932797
-69.42069613491654  1143.8044977394502  -11.531121899658672
-73.78651035539401  1145.0638153676978  -3.848062088694989
-78.14428311424493  1146.144007860878  4.335354295729948
-82.71537998674347  1147.0355394182795  12.573812895414438
-87.05084537994162  1147.748046623787  21.14159313523224
-91.55290562140509  1148.2779133762617  29.70897766725287
-96.03010305721615  1148.563777830863  38.67798448811681
-100.7047483949439  1148.6636106387587  47.60658356021829
-105.12689030503128  1148.5380984859937  56.812518593279336
-109.59831784481725  1148.2123683694579  65.93564968051244
-113.8412294029267  1147.6207210876669  75.45989799867246
-118.0710398756169  1146.8512845515925  84.68226429009991
-117.902914227917  1146.4490916416837  90.44822864034779
-119.22533733203863  1145.563536142049  97.47705708786398
-116.93750896041456  1144.9982830365561  101.73926893093707
-120.59787347486422  1143.2603434636935  111.07559422786515
-119.12464873385642  1142.214831807572  115.94924770182675
-118.65525240363635  1140.785992988007  121.84507885094882
-114.75453264435127  1139.9244533125473  124.80781986360208
-112.71064535526534  1138.5223730369846  129.07591720275684
-111.8651861780592  1136.6990118261006  134.51829548282808
-110.93084067220856  1134.6077953714012  139.85131988774532
-110.4683954926276  1132.29646581688  141.56356453598514
-110.07427066781399  1129.5839874204894  144.60840680911468
-110.18592167074684  1126.9944041839822  144.49694408355373
-110.36350183518202  1124.1052830773565  150.41310564677835
-110.66162566732238  1121.7725794837636  151.04981351883464
-119.3791012917116  1118.976539997809  152.65488039850206
-129.2298363915971  1116.481411770425  150.1159023031917
-140.20802960707  1113.994364814167  149.4182410758888
-139.9758849741104  1112.0806723929402  149.64344411789943
-137.50996817897644  1110.6333585573882  157.77578767678955
-137.79804552418318  1109.3667246915913  162.32418507153395
-138.55387144386714  1108.429175903314  168.89478034316292
-142.94701539571338  1107.824233919925  165.10897681690932
-140.63650527945006  1107.5395738081447  167.3334890189119
-143.24418427269563  1107.8321208600455  164.26676349872594
-140.8973626369496  1108.2349786478776  165.47948116006174
-143.53537795231495  1109.5005978924132  160.39959288792463
-140.94364160400568  1110.5157506410508  159.44317431441826
-137.42845739469067  1112.4764902311913  157.0646708058061
-130.81708204141995  1114.5267422840723  157.61999005626745
-125.59334270367262  1117.1249949620758  156.4441412128742
-122.58664496201297  1119.6695595013505  152.99720576293282
-118.86752708822524  1122.1978922024678  149.31839151903736
-114.86184689875267  1125.0133098976448  143.66903116961473
-114.98462789926043  1127.1765123559512  141.54161746509084
-118.08409653774049  1129.0369898649365  140.50497151619376
-123.32849684512396  1130.356951727794  140.8923206166087
-125.77636886957535  1132.1762007560992  139.05515747331816
-127.10438873677535  1134.147170575303  135.92230759260326
-128.33363626340318  1136.3243406600104  132.08448433297684
-129.25060220735853  1138.328494198018  127.91897519146261
-129.58271661527954  1140.3586697396531  122.94352727587119
-129.025136586549  1142.3076969911353  118.028252108279
-127.9864363011707  1144.272896520515  111.97588756264909
-126.5631322467201  1146.1014747636666  105.95214030890483
-124.64198174463473  1147.8776915266235  99.16012818089582
-122.35737168679425  1149.4579036926991  92.64842630457498
-119.85871107073359  1150.9057829368298  85.60600668316297
-117.11486413125667  1152.1350936800418  78.63375100502347
-114.0361566100174  1153.1806120749825  71.08349493532026
-110.60518903042957  1154.033141738897  63.687128763622184
-106.82237169115393  1154.6945230154313  55.951359361462984
-102.8737249416989  1155.1387316807727  48.27594225607398
-98.72711517556955  1155.2964752737657  40.30950079018786
-94.30207793110866  1155.1584104729814  32.61311611333341
-89.69183259624508  1154.703272772731  24.56879449808505
-84.77266516697202  1153.9475391519602  16.80601812739291
-79.95965747644928  1152.8637036690263  8.669534598134153
-79.17596354329307  1151.482350167558  0.941953890891674
-76.75533546425851  1149.7709720292823  -6.82907409652035
-77.67692578090225  1147.7798672238198  -14.175641372752072
-72.49892105398439  1145.5030602802058  -20.861555419106708
-66.82664753986094  1143.0002379212365  -26.955751362419164
-58.55136129778739  1140.3426047027629  -32.509648044988325
-51.70602164209918  1137.5838802696635  -37.96393122447333
-47.521197289329265  1134.252600049711  -46.77759605296745
-42.44312929038264  1130.2537166529473  -59.25152582549437
-38.020326944932435  1126.27572369954  -72.20600737629283
-25.40901124556636  1123.039946921828  -75.21466462802702
-12.448342301538737  1120.6585146992113  -77.55864566965687
0.9999099910313207  1118.2579565029048  -82.88714560030482
7.172837776076392  1116.021776059554  -94.620576981222
13.387549784383772  1114.05397098538  -102.82260034443794
19.7603286255483  1112.6338268961097  -106.67042368420607
25.303526484437633  1111.512005642895  -110.63008442560347
29.84569895768468  1110.5635920108555  -114.49204282478428
33.25644257851635  1109.849783949349  -118.32799738018795
36.28081842882134  1109.2681224355738  -121.0625673812306
38.923708259376035  1108.880566366848  -123.2476188614156
41.13663752610451  1108.5866963006902  -125.13946980885977
42.99248465631287  1108.3967576329146  -126.86659938191329
44.497584056141385  1108.288278335672  -128.301705108781
45.72990967834452  1108.2521651339623  -129.47450040346837
46.638436834534915  1108.2794954712608  -130.43145169555476
47.36711684392978  1108.3342053593126  -131.18897392482214
47.94721388365793  1108.4253689916404  -131.77941068931744
