53.44939226121679  1087.685040076547  -81.15755040359491
48.50236330375693  1083.5219387069142  -60.53508653087972
42.16325536565828  1082.013500303447  -50.14939805025982
33.77628408262557  1078.05035931038  -27.632604096406645
30.91556602725613  1081.2427144767844  -29.801315696283183
30.237067408189212  1083.0120737967588  -31.024454872568654
26.616970262498263  1088.5135092617854  -40.36881774759662
20.886588138590934  1093.7303399561445  -43.93642368288936
11.170082113332512  1099.0670121002318  -39.34796976196806
2.831971618733382  1104.786368698963  -36.30221272016324
-4.836969807331962  1109.6830254767353  -31.264149010648243
-13.94733733427211  1114.6878944367324  -24.563351902908188
-24.125415908868405  1118.9528613336008  -14.255939547322132
-30.908824977300817  1122.582829630783  -4.551284680376233
-35.20829826987998  1125.287745884602  3.5385642048227473
-37.840969771581655  1127.3582492828066  13.129856070445992
-42.82344995461287  1128.0820616335654  27.08874664308277
-49.16372925090547  1127.3085684706696  45.86156283633164
-55.6203834030351  1124.8433568628031  64.60512688428837
-62.57451245625188  1121.128772766806  83.62124957987145
-69.12179822954838  1116.6562261270815  101.99540025175253
-75.13451166179422  1111.8824357326157  119.33631202441585
-80.17260000019189  1107.647369994997  134.0470533220825
-84.02945478135268  1104.2682889355378  145.71487432030133
-87.16133745364237  1101.6912304446296  154.91361399980295
-89.2561499533162  1100.3163876543576  160.49185517729438
-89.99437673128716  1100.2315140952671  162.32045610548712
-93.44619423997378  1101.0208926405985  162.78821661562102
-97.94608633244654  1101.958732971299  161.88331640231337
-98.83656293258328  1103.6251634757689  160.09583416256484
-97.23222869557587  1106.3013426046614  152.8187399954101
-93.88283251492082  1109.9632119734492  141.85773659767457
-94.17941720662503  1113.405224208222  126.94054778419799
-90.80804637433144  1116.208190654175  110.23772649277011
-84.87219509050455  1118.2736728645345  91.5046447540772
-76.37415361024472  1119.2243240381301  71.93980832801624
-67.18504209957831  1119.2965529673138  66.95564605709203
-26.005184047660514  1115.329495591547  72.5912410207692
20.55374622221005  1109.7979920144626  86.3539273784656
50.770695234277746  1103.9803609344983  72.78459921574003
45.14839211862553  1101.504825068244  48.42341688672914
29.82459520973431  1100.2054517595084  18.26425526320887
30.823575435898388  1099.0497953585325  2.6174206922938055
31.72159552759325  1097.8046922044057  -10.008045959605468
52.61624094076616  1093.9881156656486  -23.236061761629983
77.3223468415772  1090.7931412570424  -17.69566520118405
111.16585543194617  1086.480902655642  9.019824129135396
112.51472402222265  1087.810626205159  29.721139174876214
90.70301340801319  1091.9908488109872  32.74182944769902
59.42220364306568  1098.2510090118099  19.697032229862074
37.99910266835312  1102.69566599258  21.523350469423583
26.8549696467001  1104.7791815845221  29.396864465749537
9.918836423544342  1106.9950164506322  39.6299199015763
-4.736434651290445  1108.9803152313166  47.22048068928882
-15.482117408703399  1110.5909485338577  54.04831309448754
-25.935003727674534  1110.9080909741135  58.25468007756572
-35.95554505842799  1109.7074190968053  67.25102234108348
-49.979749537193996  1107.8595987858405  74.94039279425024
-62.855215844786294  1105.4109215777416  90.54224151520947
-73.01376633772328  1103.5076473710449  102.23121454813706
-75.51332893822575  1101.6821284756932  115.15484119468701
-73.37972183954467  1100.5740456633907  121.48273484995217
-73.19157418718424  1100.2929239842142  125.27085754637325
-74.73331801843304  1100.9327208840107  126.79422995679488
-78.00643166513888  1102.3463582972943  127.06439976199306
-81.84483026856583  1103.9295971630754  126.15577166372505
-85.88316346610833  1106.159093248998  123.7360404723548
-87.13732754442879  1109.122836697199  116.23940942515513
-85.94989990158435  1112.5969132863222  104.99749128500287
-83.03001273072826  1115.5095935866111  90.38870320102886
-77.82792923892694  1117.7204261227757  73.93061650590833
-71.04721348522207  1119.3328047427383  56.44074261118126
-62.91733948761129  1120.196137429456  37.92128825353456
-53.68848745550912  1120.1159843959879  19.33109860708199
-44.23752219974971  1118.702805784696  1.2069350848418754
-34.422551508377396  1116.3180948094566  -1.3025835859314956
6.255798057941298  1110.9224783952918  13.668499777588526
59.37290492583672  1101.871950101861  41.65634798588944
116.75433960251772  1092.3654891859119  62.17270098368379
143.10202204727108  1086.4836272846521  74.29246378075902
157.0925175781487  1085.3963299721468  80.25078986774865
170.50663433896443  1085.2611468674827  84.39443904945868
160.1559756865923  1085.7442179265067  70.19863958344246
141.11469628168678  1086.5894889045874  50.35634140813658
107.95309974158292  1090.682188869422  28.10779864869318
90.60884457837189  1095.2872215675184  20.05405491343494
72.84971732839979  1100.5396830169398  15.00032054414573
54.84093757707922  1104.3856375356218  12.369081155981611
35.719609313390066  1107.8146524867611  13.748729196299006
16.76351706735299  1110.8491604345327  20.49699966981931
-0.29976201692575444  1112.7893193801717  31.532286559960077
-16.673120341337963  1113.6471066067534  44.985392640775714
-32.513059800055174  1113.0151470554802  60.300220527854464
-47.498384472196975  1111.0857482454626  78.05467982433858
-57.37235132039536  1109.0590727153  92.90855365284352
-63.2902290563639  1107.163424250396  105.58825665072155
-66.16507265504367  1105.264049859174  114.85881916206674
-70.38808861613188  1102.6726552657265  125.92211497722812
-74.43853486657898  1099.9196687920075  136.19197803339983
-77.54092882212672  1097.8801151103255  144.96408718453247
-79.71147158796815  1096.4390079097038  151.5255488759936
-81.11396444348118  1095.7790933671172  155.3976679041526
-81.71381416703586  1095.87574255561  156.80491587191335
-81.68471311089885  1097.0235284668454  154.78235098374898
-84.47834520393886  1098.2861734262  153.47675697754264
-88.71758759541535  1099.5422557156844  151.1166541391689
-93.49921445572126  1101.3505991914321  148.27930104706581
-95.55642526975126  1103.8952874194715  141.26979331492996
-95.5013136888407  1107.157893027454  131.03449943280705
-94.21505552670843  1110.0561760975302  118.43440673893929
-91.07953919205463  1112.5482389314466  103.84360408411386
-86.95988601663454  1114.4344180834169  89.11977797723199
-81.73367783674868  1115.862582944915  72.81070884350277
-75.65292965762336  1116.6361698855953  56.27556578457437
-69.1355021537212  1116.5272857428631  39.113206053545284
-62.152486232097814  1115.3285244485296  23.149570092871038
-55.68449186210321  1113.272891388165  8.08332646896568
-69.63115815528678  1110.5509505512584  17.834973905432392
-92.39771641385404  1106.3673215020515  32.9865164756736
-124.44741363338288  1100.6520592041086  54.265554812061
-145.4579313808406  1088.5030683867642  67.41866253187547
-150.08747661818342  1080.1281926290435  67.26044283675103
-136.22405008769346  1076.1063052841532  64.13986840772418
-107.1210899542443  1078.848362125765  45.74610495801067
-86.04793933429308  1079.2380922037294  39.299286074552796
-72.96704779690685  1077.172908828682  33.40178020736427
-63.772219848915135  1076.0602888839217  29.301855435550365
-52.99767225275661  1075.7301821657813  24.873080154150284
-42.7225073983895  1075.771641775985  13.441750628703545
-31.173561891407648  1075.1125829822622  3.0694932094151577
-22.817534948546967  1074.636047454579  -11.300709722164546
-12.272320461251983  1074.0402038453162  -17.8144710000744
-7.678183178419088  1074.2265002467402  -27.44574632288687
0.6098257168106018  1073.8865997724854  -31.838413954196202
3.326157374179364  1074.1424994048605  -39.71566543789851
9.778086997612117  1073.6699351490915  -47.10580412857835
10.87529634224919  1073.9528442066087  -55.97020048426288
15.756555480870428  1073.5771795496216  -66.00654144722786
15.708586309248416  1074.1239171114078  -71.93322894714547
19.63705338753654  1073.926970603236  -80.60078768845162
18.778514678822887  1074.5908614152643  -83.92452165336452
21.997351869407584  1074.5501931546514  -90.73675218575967
20.513688931769057  1075.3573135012148  -92.5484483193452
23.231815136364723  1075.4786998591928  -97.67539501380908
21.32501139512093  1076.3955762596804  -98.14373856486665
23.716914467502313  1076.6188349952433  -102.03690707078084
21.536484501803905  1077.5930044569943  -101.49580513363902
23.73489359246178  1077.8597922519139  -104.55837306996453
21.42390673710254  1078.8399890368146  -103.31895569771223
23.54012425572185  1079.1030186545493  -105.92588923766027
21.176094360060503  1080.0616769391736  -104.30819423648954
23.25350285126205  1080.3029274247979  -106.61264308956815
20.863493803510202  1081.2151591670897  -104.66395893774182
22.9274402591742  1081.3852819671451  -106.71151641055525
20.51974972657463  1082.1892133012652  -104.53879305683125
22.541392330251966  1082.3144537410194  -101.75157797761084
