68.80317204298736  1098.5821640736854  -106.9398817748193
60.27423713496398  1101.906329796417  -103.92477034994806
49.9701495149067  1105.6808634615086  -98.23617373144378
37.88709631010045  1109.8681389909063  -92.3545325815639
31.38704506645999  1113.1628167224912  -86.63303729261193
24.05376238367731  1116.612664130626  -80.37235209129837
15.301931801263555  1120.1791391377437  -72.55185413085825
6.336384759551004  1123.5998153054095  -64.17726010347202
-3.0480485848684618  1126.761521785897  -54.040689024975556
-12.364302446739575  1129.423488385271  -42.75395308040202
-22.33583126088952  1131.5550129681185  -29.49137280387578
-32.68417009146037  1133.172419072805  -14.973771267947956
-43.305893453050864  1133.9740853146877  1.1491898399158327
-53.9170729796261  1133.7712909408474  18.99083483283932
-60.4429247164708  1132.8553308352161  34.73060781506618
-64.14327015643721  1131.623648641459  48.692469176999694
-65.62288222150568  1129.910565600627  60.13420192460913
-73.16391015182383  1127.3103776666046  69.24242232367877
-79.45929732120172  1124.2907829605942  79.79778513414914
-83.49895128577366  1121.6207038380626  90.08115548431286
-86.94506006787401  1119.4582879634186  98.3813853492187
-93.80385559977236  1117.7994053786633  99.20194174574608
-99.5259061626807  1116.516863475918  99.2902151608882
-102.5845719843503  1116.629436702082  97.06395760928937
-103.62819072740014  1117.018199669768  100.3201615436819
-106.94475686268157  1117.791961648731  100.00828598860303
-107.60480982922  1118.6416083593954  102.79939256852607
-105.0283389164947  1120.1619462319868  98.01856154637358
-99.80966041501836  1121.9031253264955  88.64761103205923
-91.77754796885183  1122.9706332795472  74.98233605990546
-82.41006374903331  1123.5736499807697  59.995275999433424
-71.33369592232728  1123.5788922722743  44.220511125787226
-59.41782229646568  1122.9897683863842  27.613403470444872
-46.92785696896205  1121.7285336556838  11.037899710953786
-35.36903585070502  1120.2187221968322  -4.145570704184406
-25.225144285936665  1118.9130583114932  -17.627587549695637
-17.079511384299586  1118.0212718528335  -28.96171361833677
-10.210192317046126  1117.5304318004032  -38.56607558635227
-5.615440757118682  1117.6954647271555  -45.71674796845191
-3.6237525743882593  1118.5641061110896  -50.23793817837762
-4.957208564848665  1120.2574291003716  -50.74538123765177
-8.526521099712664  1122.2744504489815  -47.8914031986463
-14.2008604391393  1124.3157227735003  -40.887370721184986
-21.775747304400944  1125.9173341451374  -30.815825863039073
-31.057354372811233  1127.083842822385  -17.408798474862472
-41.3948564726141  1127.490322411297  -1.5895765619230726
-52.21210121108478  1127.1520590751627  16.361839772543014
-63.02294372500629  1125.7967726534353  27.877504331441678
-69.39116857323967  1124.459847638427  39.033785556770006
-72.48554620059451  1123.3999368250882  49.637621984246145
-72.81077978844242  1122.5130860754261  65.76538235413472
-78.81442432010846  1121.4833502834424  74.45273368739194
-82.90996745483017  1120.8968554344774  79.87552014549807
-84.14765268668316  1121.2678282821078  82.07724510663012
-84.0190099586761  1122.197438362568  88.99345648005013
-86.94128599484253  1123.2099948047528  93.30874900686938
-92.19286653626756  1124.9112708959185  95.93823685408621
-93.71797025078745  1127.375560972478  92.42758388273549
-92.1847096940321  1130.402236664728  84.50786391629642
-88.57025692932571  1132.8317314625556  72.5550993175047
-82.86870017565691  1134.514246225054  58.318739797186524
-75.4204119482587  1135.5866401525918  42.88171189597617
-66.6078833747576  1135.9902675596759  26.273936101212414
-56.67691802400387  1135.5902277580756  9.024222253522035
-46.368866065250344  1134.214014144744  -7.028532454324774
-36.333560332240936  1132.1574994800178  -22.475235550803454
-27.144089343063936  1129.857531136888  -35.8276472193022
-19.493592454914584  1127.7062737599251  -48.109803358712
-13.023068558684209  1126.0708651599564  -58.11100266620255
-7.70774137551925  1124.8443823351915  -66.56188828116812
-4.315363351802861  1124.4091346089972  -72.27999775952354
-2.4569250604981043  1124.8658608751198  -75.70800016061355
-3.0135245126773755  1126.4706145923988  -76.02919077827747
-4.8600525198977245  1128.8012071964579  -74.53680458072316
-8.847307715049414  1131.6817499510207  -69.94951132003824
-14.255941769990685  1134.8588709029991  -62.509072574897
-21.066715197264166  1138.0542754397495  -52.00457431431869
-28.98108396435992  1140.8551835103283  -39.180201708531825
-37.624691395820236  1143.0197140000694  -24.333304199813618
-47.034930755310555  1144.5874023505207  -7.62590751469992
-56.702347010343196  1145.4303401504585  10.448042835967367
-62.138997915387264  1145.9443644313908  25.830573887325414
-64.67127194265265  1146.086075555346  39.31795885003093
-64.91997947118924  1145.6484870609731  50.75293141985127
-67.43906074623536  1144.2055711935861  65.00206649730939
-70.33082980760095  1141.8900797989693  79.45951418631054
-72.80246500100817  1139.1993722550333  94.15967435510345
-74.8828727460858  1136.4452982329883  106.9228406635757
-76.88619672151493  1133.5634885676936  118.2656533902688
-78.71196337780566  1130.973388756034  127.79950738657098
-80.17136108175193  1128.8398034513398  135.83078249772868
-81.0042368660208  1127.248043907886  141.68988228665597
-81.28956334914739  1126.1334653644928  145.52062202810004
-80.85419367453008  1125.6107987559308  146.21111219866557
-79.70821741865699  1125.6835875294605  145.05214454971514
-77.8456027987634  1126.3782498761386  141.01956044510817
-75.23561038838983  1127.3201681792384  135.5155101885306
-72.00072957868595  1128.5933712131575  127.48930392626494
-72.07074591987828  1129.6545531942409  121.28240797603554
-73.9547237942968  1130.7078756240294  115.29032885445679
-76.90901576312677  1131.6434866358506  110.48407189254951
-80.94001984460971  1132.1268662308146  102.29826813597968
-81.81317500710594  1132.6902472372617  92.27180416066082
-80.21071301378343  1132.7774676777747  80.48986693996031
-73.7281431270841  1132.9991007382164  68.36778737295087
-68.12597609446374  1132.7790820024898  55.81017612526265
-63.43188476088086  1132.0554954858196  42.844992654351806
-57.69856825041476  1130.8219241426953  29.513015406648318
-51.346745074578365  1128.8417087558746  16.642539687396738
-44.55714229467773  1126.627213890637  4.2800586558263
-63.02034154687692  1123.0046780346895  13.20187187868573
-93.30696730030357  1115.0142025387145  45.47889559786361
-107.84364590054392  1108.4609596703262  67.54219502830259
-114.81363787321632  1100.9611984862802  79.09589701225937
-122.35502310624919  1095.304884702581  78.76861417786719
-159.5317407123831  1088.1653248040739  97.36566505562232
-184.89783373541513  1081.0244087752471  112.98677898398938
-202.81247829097597  1079.3593783048136  104.27922940725512
-172.46404796477995  1079.1373212591245  89.61313357962418
-137.56233460122542  1082.92046160573  69.55737290054476
-97.45940647559746  1084.4326524686237  64.82475005337946
-89.66822935224926  1085.5313090516922  52.0064657093491
-77.74364167935352  1085.987418461248  41.01871275314407
-62.1063864779007  1086.8010906683025  24.52062164794269
-48.30666926079079  1087.5433141881997  19.206148894763757
-37.06032859323646  1087.8819988860082  10.987436325681761
-29.38338898294134  1087.9959562506815  10.356867950539858
-21.68305668677785  1088.0821785568048  -2.1886414739011375
-14.53347468770589  1088.2158173187495  -7.83282110457671
-8.422228526431546  1088.2627519000553  -22.405965687289093
-3.229716684636634  1088.2338191140375  -22.42082025436943
1.2257678039383424  1088.1716778925409  -34.401757449037696
5.283180527298303  1088.2554055977735  -40.52794249756582
8.87013717905782  1087.6485402278945  -52.745604321141585
11.963714099903285  1087.4113149665377  -58.68597519602103
14.647121928195139  1086.4535712873478  -66.70675668351694
16.96713406729911  1086.6260082777617  -73.83035212778539
19.003414912719204  1085.8976523102892  -82.86615353294134
20.76886939839682  1086.1849970165413  -86.87521557251954
22.305248488314195  1085.575392298716  -93.8332539340199
23.65314847436556  1085.9806148070352  -96.24602206630883
24.84166823013686  1085.5048891678944  -102.29729100917734
25.861315875491577  1085.9864712396104  -103.70863137936111
26.718890558338124  1086.6114361546036  -104.10678018731201
27.432341078330786  1087.7769160712753  -101.77647686523528
28.047280152082863  1088.6094753050522  -100.4413472821743
28.583773861797525  1088.9406453673043  -100.9619343247825
29.022580440755107  1089.3447586422308  -100.72029705954566
29.419063323913047  1089.7348914425584  -100.44793367972498
