45.39968602822234  1081.0555732615223  -50.60580352629084
27.006373642043474  1085.5989814734812  -46.235344900828096
14.181380219510146  1089.7276320525154  -41.43438926690274
12.734819295601861  1093.2722103085982  -39.232700612368895
6.5021063867970526  1097.1680779381668  -35.07801276281157
-1.54828438160314  1101.5305343792854  -29.08337078990027
-13.948970089081326  1106.0046920190057  -18.874941760351444
-23.725964821096923  1110.8529433371964  -9.918834274041863
-31.22188145117281  1115.3770197477816  -1.1948445249342559
-35.21418173201964  1119.2491646776796  7.5160937359950735
-36.87325021562173  1123.5609098951186  13.998483610845906
-36.70062830424905  1128.4132568345979  18.496197879689177
-38.53572007333252  1133.9659211865467  21.869875569069254
-40.91222251111197  1138.9916590427156  27.220199986958143
-43.23406653422936  1143.3438764545822  33.7771124571947
-46.16676145481808  1147.5505279266952  41.33319318796965
-49.519770859717624  1151.467005180642  50.01423238511012
-53.9254365541512  1154.9959112238976  59.55074444828774
-58.22765936425353  1157.9763599785665  69.79419993319004
-62.89573009589622  1160.3896350955479  80.62726030146902
-67.58560541610458  1162.3638299256686  92.25381378200332
-72.2612771612654  1163.8822301755404  104.18191510625753
-76.91436944895887  1164.8988582999025  116.69629294640096
-81.50604518580981  1165.352651684403  129.05421900866511
-86.14252591350436  1165.175388147633  141.84276514309948
-90.55041289070537  1164.5053072791434  154.5221119983033
-94.70051132503046  1163.1627669483278  167.7113855253408
-98.78000809550112  1161.374996544926  180.38067307772621
-102.75167542631888  1158.852063825554  193.64187184414186
-106.51586545638251  1155.9110278431979  206.14101344857644
-110.0703728992423  1152.2420078051437  219.30020823676108
-113.39056415030942  1148.2461453708938  231.5587865165683
-116.51148075346929  1143.6608676737146  244.06613539047174
-119.2946010857153  1138.841989064813  255.75469067956493
-121.93982429313984  1133.5719297197206  267.3644555339928
-124.4196203977345  1128.1725549542857  278.20095079466984
-126.58819446004604  1122.6039233479287  288.46772486440847
-128.46148949876311  1117.083658095058  293.76915965788845
-130.05467746692486  1112.2162443977256  299.70610331631553
-131.52629638957606  1107.7485325643397  301.36483583340936
-132.78947602663058  1103.703695419917  308.0533763395864
-133.8116673552426  1098.9457254781212  313.07795289207604
-134.61497896714215  1094.680300744395  320.802591200222
-135.33074952568953  1090.9629435755623  326.1423862953574
-135.9612966580351  1088.5602434727919  329.98513224390956
-140.7531057540925  1086.6813010863484  333.3745098030345
-143.73085837627525  1085.5839267946521  335.4503992398718
-144.71967412890433  1085.2164269592186  336.47697047279945
-141.3948094616246  1085.7255802360717  335.7455103818716
-139.65764554736649  1086.9097223186354  334.0485477676858
-139.7528529085329  1088.7871571743658  331.23818220815787
-139.11631880283792  1091.236376685368  327.39774000879834
-138.1689813561583  1094.1793204217074  322.6833788549141
-136.840908509565  1097.5711696045184  316.93069740267845
-135.89962214055757  1101.2857432755743  310.54922328027925
-134.72333421470645  1105.3851458951917  303.10852021935347
-133.45508562797818  1109.610956985295  295.435498720753
-131.90040898112068  1114.037617022786  286.9780385597473
-130.38017368424096  1118.4815665979204  278.22407727285145
-128.62200308107546  1123.0734787220958  268.60666850662307
-126.89012819864023  1127.5979831529112  258.83065790991606
-124.86669119663195  1132.159900310126  248.50603137123636
-122.87794314271366  1136.5453807257297  238.30678045254677
-120.5588786629128  1140.8984636885978  227.52672193914668
-118.24171803524676  1144.9994508249324  216.9728412724336
-115.60960115451817  1149.009784837787  205.67989036815993
-112.91399314900292  1152.7498975483966  194.4978656754404
-109.94490289304927  1156.3416222031806  182.66584121346594
-107.00428836184122  1159.6210023878616  171.19994255858083
-103.6024288242073  1162.6937447252697  159.35580313601008
-100.38459829782737  1165.4165064628119  148.01194924395713
-96.616886065741  1167.90380916594  136.13706747843182
-93.13164280533327  1170.027273118133  124.75278132880572
-88.88755116936878  1171.847385732502  112.6926938432232
-84.70882214530971  1173.329346150582  101.32013325380349
-80.02846118544751  1174.4932213287464  89.25467614352767
-75.53330329640004  1175.335241936988  77.91004705597398
-75.05554820023241  1175.797296033369  69.95202971566674
-77.02436781209481  1175.7146738977735  64.59256637027438
-80.61517486118555  1175.4083849184324  60.69756681428078
-81.38994706004503  1174.8744772644136  55.062590171840434
-81.25977423186973  1174.340984256372  48.543671944129535
-80.68633613005343  1173.499702046295  41.97058655202398
-79.62917351190606  1172.4197277979108  34.541458631568645
-77.86024272438247  1171.110672035428  27.512996164230422
-75.31349933228209  1169.6082954250526  19.784005532974128
-72.46215074131173  1167.8809351951322  12.39863347811584
-68.97503792999198  1165.9082915624772  4.346436544864128
-65.1450910299843  1163.6812152520001  -3.109132706030854
-60.70401646974407  1161.2115511837612  -3.219405123230792
-56.238475437914275  1158.5327985773029  -5.660085721663445
-51.446892201118295  1155.6722239713342  -9.082796222243143
-46.79346825859412  1152.6946850683594  -20.762765684788015
-41.72966467466939  1149.5900592565947  -28.951724463494532
-36.80913914275502  1146.4242522571692  -35.56173571442749
-31.585708124381384  1143.1464773913451  -41.80767403832708
-26.57330918518977  1139.8369747431004  -48.02188601541003
-21.297241420698708  1136.4140310895712  -54.83259036455589
-16.19010516846178  1132.9618618422226  -59.97116894952687
-11.123913630185834  1129.393324665426  -65.07297232278091
-6.067788566114684  1125.8708837164581  -69.5758337738251
-1.1097073713313481  1122.3438220070975  -55.148789928262346
19.655093605400957  1117.3492279150971  -32.44065169861889
57.91776798366341  1110.5989650182876  -0.34172074037676836
100.02389087767907  1103.5692904152959  18.092110223267
139.73486081616218  1094.3559236340295  41.660065510272986
163.4292844889468  1087.9322848737258  59.842191045785256
191.66217097148154  1080.4609083570544  80.2184058550412
208.41930689224162  1077.677276224799  90.07365414299872
223.4022467558139  1075.1346713756132  99.56623342529565
232.39408749058077  1074.3423283706527  104.64174163804924
240.2630133248831  1073.7088711502306  110.23248506027127
253.2606050543751  1071.1929006847936  115.51568126520702
261.7781571272368  1070.5159966007611  120.33666381647775
266.8208334066112  1071.1369616477564  109.41958515066263
233.6830039879609  1077.5944791817742  88.8553932413335
197.42158636263338  1084.1326886581646  61.580530066744025
157.62331111735216  1090.7067783466562  43.70772063005312
143.2829140252243  1094.8851880543891  29.554868956908876
125.92813806247274  1099.6255869860925  16.597559490087768
105.84067826945542  1104.8664901533846  5.20334547001591
87.23128715464226  1109.8418790248359  -4.089947657648788
70.81078745364336  1114.5347653206697  -9.903649263822892
57.155083745679754  1118.8190136924215  -14.118902500557391
43.542093960736686  1123.0042543971754  -16.062434682740676
30.44660457301968  1126.9427253235608  -17.577721454344232
17.965373610965216  1130.5745922198328  -16.14912719488925
6.426401668005582  1133.9178938692075  -14.388041387044304
-4.593608930199137  1136.984822437775  -10.249781402446981
-14.902203514683997  1139.875761030944  -6.42820189018318
-24.849706824111582  1142.490449360165  -0.30225629111349317
-30.217406873752992  1144.9252273647405  2.760393779290349
-36.80551149684277  1147.0821130078539  8.376573613562798
-39.49101529869881  1149.0449904001848  11.259796719888687
-47.83748954788627  1150.691592645486  19.673237488305645
-56.43038423953655  1152.0916528473037  29.25457469811675
-63.662844322714676  1153.5898157831962  38.376189965520524
-66.28189064445988  1155.1032643355031  44.5388899356743
-64.56159183478702  1156.5570551264593  47.73220466343824
-65.88931317523554  1157.5034929047436  53.556332656381926
-67.83766178490421  1158.1272616871506  60.97983567739146
-69.90030743120016  1158.3998784171315  68.95483061230081
-71.77693898382337  1158.2844440588738  77.92025919314835
-74.03743890124379  1157.730279024295  86.8187516003326
-76.79333465955088  1156.7171695115244  96.8033374674444
-79.5563420950903  1155.387891587372  106.9493655688272
-82.38916100886357  1153.6607828248996  117.53071305525668
-85.0205743310715  1151.6278458758707  128.05547711062616
-87.71240949947752  1149.2115211029952  138.7929393503109
-90.29814644925672  1146.4654013628328  149.53647406905816
-92.77266667296995  1143.3994053442464  160.18756239425988
-95.13069849520491  1140.0107445638557  170.77310449743896
-97.20855068099758  1136.305464781225  181.20022092771177
-99.22064897473834  1132.2930671443944  191.39322515484744
-101.02230390914595  1127.9786478995693  201.21816338041452
-102.71111859163207  1123.4365662166615  210.51742704433408
-104.39129883146485  1118.6450488257133  215.35142762559335
-110.00278512349735  1114.0082493584455  217.13463739161267
-120.07201317880981  1109.4164849305978  216.72085351210026
-126.75507745431875  1104.9602746538733  222.11564471300687
-132.07945227246535  1100.2288029981614  226.4871474577059
-130.5628817950695  1095.9106200958488  233.74079254843986
-135.4137516967701  1092.0264977546158  235.02769818332695
-139.2990047840542  1088.7440413041372  236.8788882920568
-146.19576111752224  1085.8002983508297  234.69220603798894
-150.79402901682892  1083.270457562949  233.61179602783042
-154.27783946924936  1081.3816643835476  232.8554313862054
-153.54899273320933  1077.59127616951  242.05803186592607
-153.93711839010803  1075.4670328463717  246.74874638875096
-154.55830634086473  1075.000994289151  246.12379365083774
-159.01621761878255  1077.6101250314412  234.94083397744382
-161.49826463152675  1079.7948490900028  227.3900834086455
-158.85456387056144  1081.4889846783096  227.7980249114505
-151.50550838773043  1083.8665732419095  228.81840091714105
-142.91992682493324  1087.0163657913517  230.23853867068982
-137.1005620416918  1090.5883497291268  228.85990429817133
-133.94418384455545  1094.4443778163375  226.60025746326227
-129.94188812118404  1098.3823064071296  223.86590328258936
-125.69417990251188  1102.6711091232319  219.27725432898174
-121.61290084185954  1107.0786511083973  214.1486947554618
-118.24383971897532  1111.6074367730278  207.79490176605833
-114.95140892863577  1116.1379726535156  200.9418126995442
-111.81389406414581  1120.7025720081629  193.27980960407945
-108.36949880701604  1125.257942708292  185.1527516442657
-105.30258117007907  1129.7609594064245  176.58512005867618
-101.96289658610651  1134.1904479436778  167.560170721578
-98.8560165694979  1138.4732243400092  158.13953059101797
-95.31025152460566  1142.6372933008208  148.27071770245217
-91.89788058216314  1146.6148959624031  138.35315421474877
-88.19805167905653  1150.429552619167  128.17037053605912
-84.62134824267872  1153.99601427076  118.03054009573201
-80.69483832475025  1157.3404600616452  107.25720651750126
-76.76734391915679  1160.3643145268495  96.64850975831166
-72.42827521847569  1163.0150734301033  85.53807789029412
-72.14193767301474  1165.1045174885655  78.11361247473728
-74.25518467225953  1166.6799505972403  72.77263390457203
-77.99861847595712  1167.8470738880505  69.09096534942705
-78.93692974485799  1168.7715662413511  63.53561457841777
-78.72899347307064  1169.3408227056639  56.93338874343103
-77.82431637989501  1169.5201913651088  49.790510906323135
-76.43347034325504  1169.2386130996767  42.38268770527137
-73.88010155212949  1168.6406084124812  34.5181645553588
-70.87205943665103  1167.6900252280352  26.588306306100264
-66.99351664812515  1166.4430076013707  18.210771902060575
-62.94521517000695  1164.850293213334  9.993112421889268
-58.38960451877096  1162.9491934443622  2.1137671113350374
-53.75611379071045  1160.734515987448  -5.631219712907007
-53.00245450803307  1158.273254434319  -13.134905371440233
-50.52512027945583  1155.5921893351042  -20.544220706132798
-51.449799677122165  1152.7501870518208  -27.707696282156967
-46.312459956136564  1149.7344800316318  -34.45039199516275
-40.70728961080726  1146.5691471050404  -40.75110800847497
-32.38642155706936  1143.3098447447396  -46.77429723292097
-25.4729401600739  1139.985949783542  -52.81532996560606
-24.88472047015116  1135.9276073395968  -62.76847149804021
-17.901812813029782  1131.0279661255688  -74.10493796252561
-28.904672435766432  1125.979214387311  -68.534617770946
-26.250335734198828  1121.4862415475948  -66.47387789750486
-45.53457460399626  1117.6302661479517  -48.43711118370285
-40.94729895831468  1114.6692681935028  -52.18135106252744
-43.06644548124919  1112.4384070502413  -53.58550335183835
-26.50805306087036  1111.0167746658253  -66.95656769737744
-16.332215949555227  1109.5782447006395  -75.00832764911887
-10.329381631748214  1108.3103700947702  -76.00629386807063
-6.278853510217211  1107.4843205881223  -79.48705045361658
-2.429882204205028  1107.03520213745  -82.23800531500274
1.8085310804254955  1107.1696140233512  -85.40421609164828
4.348737848087477  1107.6180314430417  -87.15261201593214
5.502090947792815  1108.547154785842  -88.00814281178378
6.136483520235444  1109.7818903722257  -88.42803139849792
9.940710086542026  1110.7456803452387  -91.42590064160811
11.645438091635407  1112.2011682462125  -92.42792168243378
10.856876093036647  1114.19378752407  -91.13270650628196
9.564998998655291  1116.4992632841986  -89.24490600507569
7.8916331300131  1118.8721299714932  -87.19024268548718
10.659397753110309  1120.7461005464017  -89.03644539323584
6.991225797368843  1122.9335655715472  -85.1708796356268
7.192162053554274  1125.0298152372138  -84.3509820164947
2.0066116951033512  1127.492815576357  -78.52733577363065
1.467667099151547  1130.2976846128765  -76.3834709663797
-4.376903808710054  1133.1249351930496  -69.41081419983111
-11.499986322296975  1136.4115645238808  -61.201306610421156
-21.871019552684892  1139.7056268929223  -49.86392712465326
-30.776056611179627  1143.0100158498858  -39.531157709364486
-37.526318024465  1145.8564908840767  -30.72392515133122
-45.017529164917065  1148.6380541679769  -21.377975099450154
-52.825828709442945  1151.2435940398427  -11.167642336902539
-60.45043200783619  1153.6631727293382  -1.0617575527127077
-67.85193768973011  1155.75574095889  9.594393393779864
-74.72646319954892  1157.5102003475156  19.771312031672906
-81.7985800964344  1158.9238890304455  30.789962679548424
-88.76270021287408  1159.971580888254  41.760384776923246
-95.79605290080296  1160.6036854943054  53.27405091615147
-102.5463442624238  1160.7417620899264  64.6998754747595
-109.14094258401052  1160.359939731306  76.51405823488193
-111.23924213206821  1160.1805259042796  84.87036963528307
-110.47709557402246  1160.010114888509  91.13789769224991
-107.506629712916  1160.017019138541  95.74314227541574
-107.06475704880513  1159.2392545940702  102.14122057032375
-107.3559842096028  1157.8975817820883  109.90906651976931
-107.85171969405182  1155.951262038436  118.10868583663022
-108.51285702992477  1153.6425665552056  127.35471286179862
-109.74328721191257  1150.9886730135424  136.6222610079922
-111.34031189928714  1147.871892247918  146.49492584956425
-113.3127100055974  1144.3768344546488  156.41901775946928
-115.28193448009671  1140.4527660387187  162.63774603943182
-117.42022007835232  1136.0238790387543  170.512023252282
-119.52001920940577  1131.3931555991978  175.12486939484245
-121.70790195909242  1126.4757159224048  185.60684161507373
-123.86401321656808  1121.5407313817154  191.05040604669992
-125.9062404929394  1116.3128684975986  201.43340456307251
-127.92637374454476  1110.8974063049588  212.26993133165257
-129.9992442028188  1105.3287847132344  221.9596451931364
-140.25190920199543  1099.855063352489  227.2344517187044
-151.25764260735832  1094.5562567812494  227.5611664191582
-163.1181612812071  1089.6049599561914  230.4158850594655
-167.83601887974055  1084.7090213885153  233.58281566838963
-172.95933452164002  1080.30153577396  236.45128960891924
-178.45210706149268  1076.3507234065507  238.34067186011086
-179.23033304392985  1073.0396059133084  243.69504522739607
-180.74770372350127  1070.3445745548156  247.3361373782305
-181.86826684128803  1068.2060826296438  248.91690737510734
-187.57706033648148  1066.8400527847848  246.03955431696266
-191.25120231333665  1066.1593174111379  243.87108451972594
-193.68943015731716  1066.2281416617113  246.48134860217783
-195.2068035464906  1066.9900711302616  246.24202652402553
-196.60440789936425  1068.4179457021926  248.21222079224992
-189.56829178162377  1070.5218160862612  247.57195653189268
-181.06154196226655  1073.1905739989456  249.70045259000898
-170.9172294183828  1076.3287185724216  250.03768047379435
-167.53500057601602  1079.8993406862605  248.1280266452464
-163.3471289547067  1083.76687438076  245.23912087914903
-158.34163783662447  1087.971865465581  240.3712858900114
-153.47749859349955  1092.2895466379962  235.17557705977623
-148.89317817240368  1096.8570057178774  228.51592761849722
-145.1187905166563  1101.3949541110594  221.36964726158502
-141.15732800923635  1106.0725932891592  212.96029858862735
-137.17076289105256  1110.611158152709  204.38413080231214
-133.12019102285603  1115.1746697386002  194.74492766634972
-128.9983838265256  1119.5782601261756  185.11050649217142
-124.87367978329085  1123.9516919272128  174.48672260138068
-120.50846781662017  1128.111459154232  163.90119326885514
-115.86960879254315  1132.119017387366  152.5294937288836
-111.04355703022948  1135.8886247916982  141.23621084470506
-106.20286778115116  1139.4621066733355  129.8059352419995
-101.46502540047935  1142.8172999917306  118.574955335728
-100.74459304012791  1145.6493759997952  110.83235017752142
-102.44378728681639  1148.1020156054906  105.35293916610469
-105.82258420797554  1150.1580528827562  101.60352909575732
-106.57008990988129  1152.3145688941386  96.14430800213887
-106.44850095722256  1154.3903266717389  89.7280908471563
-105.92181766744046  1156.34680500674  83.21551703608483
-104.77612487866705  1158.032683632608  76.13316589340525
-102.55450470264836  1159.4439796359977  68.91744898431783
-99.66075726448246  1160.6516579801528  61.19485109538788
-96.3832685588076  1161.6175066159046  53.32707434454401
-92.89971025900574  1162.3350791089254  45.619469629967476
-89.0224002079514  1162.7403883716986  38.21801960420281
-84.93491124911195  1162.7941764640848  30.986243205552498
-80.56274669241989  1162.5247885675958  23.44848150995684
-76.01446037091209  1161.9135298910262  16.06538841177796
-71.30142259742513  1161.0059953004163  8.733925545182197
-66.62389901472756  1159.7906598243528  1.9141859095840372
-61.92643136557458  1158.3061687559346  -4.89538492724331
-57.3317433801324  1156.5737177924157  -11.255660568842785
-52.652472591096476  1154.6438839455182  -17.38868220369274
-48.22841074361952  1152.5519532023297  -23.055866530626577
-43.74032776189382  1150.3811479400688  -28.690587665102672
-39.6824769802896  1148.1516089545332  -33.69404423693851
-35.66432393212897  1145.909413979358  -38.27258377565041
-31.985918888628554  1143.6829010027259  -42.20268280150137
-28.21427958832006  1141.5030531348768  -46.06462687622745
-24.82106329390763  1139.4240656264453  -49.704060544427556
-21.513664185409354  1137.4180303372425  -53.14197990434316
-18.65568860354932  1135.5306330100811  -56.195664487768745
-15.785400837476864  1133.7502478889214  -58.88358632678353
-13.354688143582903  1132.1310912496958  -61.28518214244381
-11.04154060799076  1130.6801460140482  -63.44409130072084
-9.12265909725115  1129.4129310624985  -65.45600627025752
-7.297341573731376  1128.3086311531558  -67.1620305659968
-5.762633820004132  1127.34551842104  -68.7063062007753
-4.36134618032004  1126.4907647375549  -70.04691849752429
-3.1366753474121825  1125.740873923537  -71.27105779190934
-2.00959383358986  1125.0643149122234  -72.31572960330791
-0.9918307506321988  1124.442750393439  -73.21673183243921
-0.06594162274480186  1123.852302798474  -73.99434211574452
0.7445231831626148  1123.2956633456533  -74.66060435511565
1.4575530535979466  1122.7866631716659  -75.27777646231458
2.048045253724213  1122.325574327682  -75.76761060861523
2.584409652138472  1121.9165817546145  -76.25530770302865
3.047100489984806  1121.5439981747613  -76.66282910872732
3.4669851665760065  1121.2077475967972  -77.08224754535019
3.8344746395026807  1120.8890706281902  -77.3963576628795
4.183846700240772  1120.5847215602557  -77.77469260982511
4.519652918555342  1120.2696649643274  -78.14762590685135
4.877795039357451  1119.9377003655413  -78.53315149482918
5.268167833029032  1119.5546881393889  -78.85782057434191
5.68882479133566  1119.119755707213  -79.20611078109089
6.125227060314781  1118.5920663420907  -79.64440067086731
6.518862467824032  1118.0002719398199  -80.14044730349758
6.994772061482619  1117.3167603117565  -80.62215247807836
7.432305176748265  1116.5899428050336  -81.03588710098451
7.91562879471317  1115.7784496382392  -81.42911297931482
8.32481144513536  1114.9409488796175  -81.87630687909282
8.778182680737931  1114.0504216968081  -82.28446353012102
9.240527332352169  1113.1885404164318  -82.72990237094893
9.728375241210863  1112.3202379295162  -83.10291135755776
10.170911061768686  1111.5054123200766  -83.49143438962942
10.650226220150627  1110.7035326553064  -83.80799069091874
11.053354692027535  1109.9670931272674  -84.15300341739697
11.573784943438735  1109.2597770560749  -84.7101634033065
12.055093332324555  1108.6207816360302  -85.30019090735118
12.590340343713766  1108.0273745993445  -85.93624810107535
13.029412691456901  1107.531857384253  -86.4292698775061
13.432176562870186  1106.4187604753713  -86.92672440082951
13.740026484225517  1105.6668313938844  -87.35803358625859
13.957713614323863  1105.2785506861105  -87.7060362966276
14.095861149573778  1105.6410468173706  -87.95864897028714
