31.089414561995838  1053.6533895915368  -78.4517029277122
29.85809501307867  1054.7393009187376  -73.7875592910518
29.49686191908436  1056.1903292163613  -68.00796999119103
29.885225718758782  1056.8010531726372  -64.02011704752715
30.218318248766394  1057.7134845396363  -61.93200251295
30.427930307710504  1058.9699946798635  -59.602286065054024
29.648579900924837  1060.5823328159045  -56.61647053534676
28.650670136905607  1062.6905493030504  -53.470031753383616
27.205986289133264  1065.3084893138864  -50.12711794240769
25.206655610430076  1068.5918438315427  -46.22287297614276
22.044246068138037  1072.4854887430308  -41.91785453404186
18.196494950691477  1076.9768005009269  -36.22031241766533
13.257274206912307  1081.9918839615548  -29.947682815455156
7.604279678163146  1087.3700382938678  -22.269267823214097
0.5850328142918801  1092.9114319163652  -14.054298358314902
-7.092323160225395  1098.2764554269681  -3.8121703685864166
-15.478006938770823  1103.2512637624602  7.520642652095512
-24.50188892495361  1107.377159170152  21.116766285815615
-29.75696306643685  1110.9617123212267  32.070697110974464
-32.67955672201185  1113.7481496996465  42.52394607149803
-33.70052963279982  1116.0672644225567  51.34477587522465
-36.83187406687162  1117.0452217970053  63.71787621820104
-41.212256520384216  1116.6412259263234  77.96389144521423
-45.97371000106305  1114.4668717708448  94.34292084013904
-51.11072530539132  1111.079160452047  110.57687505628462
-55.97972625331376  1106.6687992960972  126.87882367938295
-61.111880580878  1101.4617786552897  142.96149965490272
-66.2399715826288  1095.4823170125753  159.18144758449046
-71.10868096540936  1089.1305283983568  174.44429710189996
-75.16031539845265  1082.7676229767958  187.7795128846201
-78.80635378508532  1077.2846245423893  198.73879698816202
-81.81006122655677  1072.953693323176  207.8940736517594
-84.22949499476661  1069.8583326566618  214.61101415136648
-89.71527279628383  1068.0644908621723  218.692163097226
-92.82405208764315  1067.8456330451495  218.88301259664175
-98.38535389254197  1069.3869093036935  216.14965756064444
-97.09136726534905  1072.1542323988567  209.94099075720476
-94.34274858269806  1076.1337872833167  201.09277039538543
-91.3659849374395  1081.0272316116486  192.5148274258878
-91.45775528320897  1085.7886367053331  185.28948109197052
-94.11156946390469  1090.7732996628563  176.3766809038866
-92.98132428532503  1095.8764734577514  162.9091250717919
-89.15353485032202  1101.6866160901134  145.10243273611528
-83.891320352525  1106.8562946909628  126.42004390370651
-76.85594952941071  1110.9446025758773  106.93565677593385
-69.02307093518593  1114.164823309695  93.96653383017926
-59.817137744096094  1116.2888825155499  78.19382293034084
-49.99361331394247  1117.6327336477748  59.70638760015946
-39.77476787189502  1117.8356608424824  34.11649798941499
-29.768825936816278  1117.3277628614223  12.747838890753554
-19.906144600241976  1116.1550078971156  -3.4623897198939897
-10.769456683373981  1114.7307684705434  -18.03014716365314
-2.5622577382837166  1113.3547042149173  -31.44912905040239
4.224272364923628  1112.28971303581  -43.51925581922262
9.840577394525958  1111.504144559976  -53.18411379530232
13.95201899844374  1111.2469047722952  -60.50488600605931
16.259701042029455  1111.616766881693  -66.23856397932997
16.502599132704884  1112.8825166830866  -68.96173433128958
15.075573904078457  1114.1742557416076  -55.245492741400476
12.09516335897281  1115.7548235798322  -36.67334535667271
7.717057479528669  1117.3455209573144  -20.95911786434401
1.612751127164283  1120.599097980442  -19.402203246629593
-5.7199796246938615  1124.0310518677852  -17.577569980042046
-14.355568219368706  1127.1819312658727  -9.238246873636104
-23.662563609799598  1128.867653206406  2.971036134834442
-33.82416273089615  1129.5516069097275  16.78803577127284
-44.28944300719925  1129.354842653779  32.35353672572494
-55.178829398994694  1127.6758607379463  49.62398109726926
-65.7670571207823  1124.6078493467166  60.73939516943317
-72.04615960845899  1121.177064106822  72.12569595606683
-75.08170679579142  1117.2793654693737  83.36720593372088
-79.90358864765334  1112.8559727893298  97.1206948915269
-85.1000638995851  1107.0183265562735  111.29526413100213
-93.99223161059639  1100.6692347835647  120.65783326021875
-81.6146282460419  1094.4084079631705  148.52516864656695
-79.26242648784914  1088.7149571952139  165.88660679537946
-78.09191565541104  1083.3493436609442  176.51960690308678
-76.9337148844081  1078.665715019896  186.22510277953177
-48.1131619235266  1071.1157248278487  211.72148917309795
-28.102677295650693  1066.4386635833841  233.43366959970783
-32.522272343355695  1064.594258035911  223.22894596885044
-58.42585229404401  1067.7504906409981  199.22224524053433
-66.54104054574813  1070.4038315135049  186.36266972021525
-69.44471808935313  1071.9848398252059  186.15954808780072
-72.7450422780502  1074.2319166998755  185.56475045213855
-80.99564867233453  1077.572123339437  179.5078836836924
-86.70859794001939  1081.9589752523775  171.29580214804767
-87.73042575904756  1086.7243608288  161.0280192614868
-86.58007971735059  1091.0434519932119  149.29002570414573
-83.66628754585028  1094.818409764213  133.97425203118888
-79.72163082932529  1097.890993272255  117.78823422857019
-74.25567034894912  1100.322827013857  100.57819419392992
-67.40386127506537  1101.9714647340422  82.99978894966519
-59.62877808956759  1102.6828933471973  65.1658165356875
-51.25808419859471  1102.2808360164454  47.49321286738021
-57.812959998937764  1101.0485392979745  43.89709003440412
-74.28979737951433  1097.2861700511896  49.708404603883366
-82.38024550052246  1093.8628191808561  49.635191077002546
-65.7968141849546  1089.7892041117077  29.36768903041971
-37.21372202500298  1086.9746679572715  -4.010542876488758
-14.705334073616521  1083.593403199875  -28.608658891347375
-1.4950485829513642  1080.8114830626125  -44.605890257066314
11.096370829119008  1079.4748096890405  -55.930844614685014
21.796895870324192  1078.9513460025635  -67.74674532614597
30.91756831473404  1079.6382762389205  -77.72369149571668
36.76094898220117  1081.0747897741264  -83.99297257312017
31.992638139178382  1084.4921255959077  -80.43922665834177
24.381779166944604  1088.6213309125699  -73.33928008350121
13.8697277091728  1093.291008565511  -63.37664214210323
8.012880789028873  1097.2416913858794  -56.717318781597875
0.20163209831572626  1101.3389557792495  -47.75590919233303
-9.534617762169951  1105.4301265298898  -35.607412769734644
-20.087799499838496  1109.2016641466375  -21.71707087115875
-31.032986083186383  1112.3314683008957  -5.921861594615942
-41.893480932231284  1114.828788267819  11.00572009881997
-53.093837522388796  1116.5500378780614  29.3544279588722
-60.02461878747687  1118.0991731404129  44.94773222777285
-64.14440982189024  1119.0687352167283  58.96722503996129
-70.0549415652717  1119.7068316004895  67.7484856226013
-76.50658366459487  1118.8701270129388  80.44953832162845
-82.66372427567156  1117.3445006060788  95.62922591197952
-84.01006525459752  1114.960570947081  114.17969081236791
-86.52151888037042  1112.2806956729146  130.7117907135673
-89.6224313368992  1109.0037032299379  144.55335892276807
-92.938255720462  1105.330787183619  154.3823149602889
-95.76073255850008  1101.753969704954  164.46029797762145
-98.06500609385364  1098.3057533423134  175.1252044858267
-99.93410994876066  1095.2793823917173  187.83023119500905
-101.64198070730944  1092.5359182315676  197.4429578176893
-102.93815812861074  1090.3556076067714  203.81716017955443
-103.86772092962931  1088.6343289096656  208.96177145696262
-104.19483072602047  1087.6341863102543  212.69227064188027
-108.21734630504133  1087.4030904312472  214.21891266138698
-110.10076172457642  1087.8500539361883  213.36929534468422
-114.98402916423478  1089.222158399266  210.23261753555857
-113.32486901243779  1090.8285397483278  205.3361578300591
-116.01642588216384  1093.3133911031605  198.95729112669613
-117.20744445636926  1095.2286417022738  194.33603993729815
-121.18932150262901  1097.290185611152  190.24313209678704
-123.2215434905106  1098.8936520705224  187.04164294079987
-122.91812628910756  1101.1430262794295  180.17401236645503
-121.94959645259753  1103.5887870958172  171.2929973085045
-119.12024027390176  1106.0418615948993  160.34021220623058
-116.0433041260933  1108.2088140814776  148.84927298984715
-111.77804657902634  1109.9899176402682  136.91722272647962
-107.0758192150908  1111.4980133364866  124.35459107468961
-105.75736883083871  1112.6372242186185  111.28271578821894
-102.40475050311886  1113.3821226089688  98.08292199818325
-96.90884665677099  1113.6825052357276  85.0131086471773
-86.9766959106057  1113.568260380009  72.3227344418436
-78.41868907705314  1113.1437969724764  59.751382881264085
-75.76777068479844  1111.660419926975  41.02734318208589
-67.3439676040434  1109.1752756405197  22.02885576881926
-59.638137135408954  1106.8347197694636  6.187826490148765
-48.701381232738704  1103.1265715861805  0.2481013455202028
-60.330864041755326  1097.861610486952  9.583705395979774
-90.2174005185931  1091.5572996762612  25.897131366569234
-123.68518521031743  1086.3788846449222  47.20958871775465
-146.1698672673517  1082.8192107704726  63.198986273871576
-156.37999103384453  1079.0007721455986  76.27749046558694
-169.33415475898275  1075.4161847155258  88.69199058997026
-186.56742109863617  1071.8914689940975  98.45006998921909
-200.18776679614157  1068.895740158827  107.48144231705032
-209.36641949436955  1067.204497098065  114.84208057946229
-212.94402414774683  1065.460957889014  120.96073861766112
-221.7080704744846  1063.525418606941  129.2260358866704
-230.08404509517237  1060.850429093368  135.5085418612579
-240.3872087978644  1058.8244991057768  143.69288037651276
-243.92107939964217  1057.4863189741457  146.94586552457056
-246.2745204815513  1056.2632779586556  149.3406808302091
-245.55851869515183  1055.0997929673608  149.06637782552758
-225.70953674617277  1054.9993335124134  132.04038892725973
-198.34203098379783  1056.139884064794  108.70659099800999
-159.78241413203946  1057.706394684671  76.12507032569712
-136.35214978608914  1059.2739916484868  56.67489967583795
-116.13239079290636  1059.9074527347157  39.81478034404154
-116.49120824262569  1060.4481227056353  33.395583408855785
-135.9590781796823  1058.3486526047877  49.3763995940553
-161.32948582916788  1056.0567455472872  70.26310054356097
-157.83513160380892  1054.5225050301142  80.05017638329394
-133.7578980185239  1055.6398192028175  61.82806597172594
-105.95283814047608  1057.1380775113303  46.66991261268649
-91.70270475270738  1058.049093737042  35.90608241941533
-79.71879551183551  1058.370961378574  36.539808319460334
-66.25230687841898  1059.0859008574848  26.75436268988525
-54.71934291274522  1060.0062409609063  14.963551384459166
-44.74774389952289  1061.0847311806672  -0.23927286082417965
-37.064110556903756  1061.8518566393343  -10.85086163095051
-30.164141001178294  1062.5130113771208  -16.865801824746235
-23.960607796721142  1063.117030126939  -23.73102621777206
-18.584467716196414  1063.747508785621  -30.231035706229225
-14.076590343971564  1064.3302672637103  -36.05030678006528
-10.252245290152645  1064.8743342740904  -40.602674894970406
-6.997310639621258  1065.3848439784351  -44.470656365472905
-4.256908973332878  1065.8981105535995  -47.94794108931374
-1.9084009954093448  1066.379320606932  -51.15572427638145
0.08691915718903798  1066.8234970845958  -53.74692282421297
1.8515466260841138  1067.2226008122066  -56.12534038051269
6.998841131238709  1066.9778966294712  -58.22099498808047
10.531690047908704  1066.9502157108504  -60.13666983934391
16.882701023220154  1066.3963288555071  -64.91792075731644
17.748705074376964  1066.7266736365789  -68.11450002055831
22.807657713439518  1066.318267580577  -73.71700339666398
23.092591111565973  1066.6752181141228  -74.48533207446414
27.498435802710397  1066.3154918934545  -78.8133920481527
27.021407968862366  1066.722649463155  -78.96024836819913
30.585500997968524  1066.4400823125484  -82.68929277903213
29.55291969386791  1066.8757797837634  -82.15932297857769
32.67767788164668  1066.6280420025212  -85.11275572868506
31.223742573019376  1067.0896628352507  -83.99462589914675
33.9968666543643  1066.853249376315  -86.54260248736306
32.3156876638302  1067.29089445213  -85.15565855567957
34.94330064645199  1067.0354122629126  -87.425596866971
33.15288309021953  1067.4687807194737  -85.83906814762543
35.6760085973884  1067.2269927574266  -88.00443197229559
33.764526928483164  1067.6839438468653  -86.3723115550905
36.192376376772344  1067.4641355802676  -88.49381010038209
34.24192082915228  1067.9376431835767  -86.79632224938274
36.650661883620884  1067.7296232798053  -88.90690433764063
34.690684998611594  1068.2150042154199  -87.19583700662075
37.05503802542227  1068.0174809554553  -89.27041283352548
35.05549055711854  1068.5050607479225  -87.5030629671369
37.38319183945125  1068.293601470826  -89.54067087488478
35.332202951883346  1068.7581525452053  -87.7350202277743
37.61279317223852  1068.5162843476169  -89.74443522639189
35.49954036235306  1068.9532646862601  -87.9033309475387
37.717254632424996  1068.6932165636697  -89.87234105862811
35.5393806558161  1069.1190129961676  -87.99521424348336
37.69881376485061  1068.8550841646002  -89.92513443876763
35.46672506996596  1069.278897980907  -88.0153958522465
37.58865713392912  1069.0167233670095  -89.93172937403068
