33.011343615710445  1155.6754805110784  -148.88951722605847
33.80501706502379  1155.4020375419225  -149.65229490774786
34.15505178804687  1155.7968100411001  -149.84939068884938
33.92141981758766  1156.9715478287549  -149.32347680281197
33.25067069780814  1157.6286840219677  -152.96372455285808
32.05666324802211  1158.4632512431028  -146.85857374104071
30.511865077061074  1159.671522584606  -142.9047566335385
28.625013953565734  1161.9801332149416  -135.45220913832483
26.38729434925559  1164.0513548616716  -137.95201577654052
23.731011590714083  1165.7627932407863  -138.11275093927222
20.854101752327324  1167.8243443931387  -136.5884310110115
17.685078005365476  1170.077718536893  -134.81696405647656
14.47456679640353  1172.466543030929  -133.05773449020322
10.943984414258253  1174.8957192579273  -130.810725159188
7.3645992323835845  1177.369402307459  -128.12020570701895
3.4667847125922706  1180.0194659407935  -124.00405755298728
-0.48332410487461086  1182.7208936342504  -120.71517087073426
-4.7040269936546215  1185.2703280214196  -115.71650797251647
-8.91907534241189  1187.579363645231  -110.91873340780562
-13.251398061995658  1189.801006693644  -105.12635693888281
-17.714438473793066  1192.1356322419174  -99.5782584678658
-22.213499747091234  1194.5225467795578  -93.5763238322256
-26.915989827368307  1196.8173784227213  -87.03999207741202
-31.613403806582518  1198.9997597228837  -80.39102796552399
-36.51371398960384  1201.1384529825905  -73.42701303523877
-41.508263105554875  1203.2024587687088  -66.15331492228327
-46.57745018452509  1205.1961745845579  -58.539158379085464
-51.77735423920432  1207.0670843101827  -50.76194399744294
-57.012368165683824  1208.8478100461155  -27.611452737446808
-62.30969996057149  1210.5187913365194  -10.040863808937159
-67.68553870694245  1213.8787648807604  5.028528831850547
-73.03352403211589  1217.403115644767  4.025010957367273
-78.40649813806475  1221.080033277293  8.863028202548865
-79.17462206292231  1223.102376898182  12.870215476610339
-77.18972833132712  1225.4356102546903  14.264647252898733
-73.06900683079657  1227.8248251194618  13.382950760393847
-76.09355376034082  1229.7394326492995  13.819859064899259
-78.42393530840019  1231.1608972748659  16.474184422559507
-80.18693449570776  1232.2412927745625  19.86029112217021
-77.47586044531374  1233.47003225911  24.338169827865194
-76.90131484481597  1234.3495225096624  29.138009024736004
-77.75610310242779  1234.8356721834373  34.799060057778775
-78.91750839811834  1234.9754896252045  41.12954493188871
-80.24391141079795  1234.753488668997  48.14820637055486
-81.66837590018423  1234.3114381558014  55.27931190160294
-83.57022520704302  1233.548613892888  62.77479391082015
-85.74399400232141  1232.5090003157911  70.41149877158068
-87.84427536480813  1231.1500913323353  78.54011448580592
-90.31261848564435  1229.4816665457265  86.80245068004557
-92.53588899500015  1227.4934262803179  95.2312149687319
-95.19435150685213  1225.0989122958822  103.88559160212304
-97.65508854432827  1222.2866245962566  112.74058756353588
-100.55323786207911  1218.9909651313149  121.91102491253028
-103.426313174238  1215.2549993561872  131.23319246587081
-106.16289751031222  1211.2086159574949  140.24974143909898
-108.72616482472623  1206.8384646671418  149.19989599789488
-110.98960898946049  1202.2981962135495  157.61503904736634
-113.62937279510201  1197.387942665711  166.45167298284514
-116.09699091172988  1192.3488148575107  174.82670149163454
-118.58310812891635  1187.107204295176  183.21449636985497
-120.69188195624187  1181.844115337386  191.07279573619945
-122.88723909768134  1176.4676091711667  194.55844820348753
-125.03297348620895  1170.9418232908688  199.3143249730027
-126.98739482259728  1165.6367833690133  200.06466365927238
-128.7044746864557  1160.3820294329512  206.47765502397712
-130.34055988114812  1155.5534200751733  207.43384665261743
-140.4655546217614  1150.7936331673966  209.02548579060715
-151.52670593727143  1146.4556111669253  206.1857256452471
-163.70116749365422  1142.4855596514326  204.93231143240263
-168.52031032753638  1139.1238691867347  204.43789650560643
-169.38623978267145  1136.423461655958  208.2102262220601
-172.13084539536186  1134.2615418535559  209.92532843386542
-170.66448767956194  1132.6238179393258  214.6418911470852
-174.54539586609823  1131.615106285876  213.14822177622125
-176.59428839702872  1131.1715371151813  210.86722642857356
-182.16578639790282  1131.3221831062372  204.94320372363194
-185.79848134590048  1131.924660787522  200.08521643867218
-188.27277415026464  1133.1505381542677  196.365441189273
-190.49215911437594  1134.8442406811355  191.12428369454648
-192.24668743056688  1136.957769980543  189.27187768433714
-193.69406126483727  1139.832411588713  185.3634484663076
-194.53163478824314  1142.6113026490227  184.65446062164204
-186.237631468536  1146.1534203817102  181.7045744257633
-176.31926300831987  1149.5580181601406  181.60821459594956
-164.64722849506288  1153.6526278450162  179.68145064612494
-159.9728486281249  1157.4532600780753  175.97171648509845
-154.48770704853584  1161.3045036392457  171.3928195968223
-148.53271733107246  1165.1762537630236  165.57626196871982
-142.5249255638895  1169.0674454356877  159.21551291158937
-137.29218588333572  1172.887511345131  152.22814020104434
-132.6249993068698  1176.6465467826454  144.30725164540925
-128.01416776671292  1180.2668951207168  136.19495329044815
-123.24053948148506  1183.8120315559006  127.29469537715136
-118.51889962528662  1187.1703162800102  118.3409329282053
-113.96323763296125  1190.3585876355505  108.8655879302823
-109.54065722666445  1193.324247171853  99.45278427143705
-109.4315738416388  1195.7360409705038  93.31218222469052
-107.58293278850454  1198.0248935767272  85.61158247272081
-109.38444673313197  1199.8609747668306  80.78604317529198
-109.28236938723762  1201.684243796433  74.35005617649033
-112.83158542683468  1203.0404539415435  71.1072978736726
-114.4003074870122  1204.3360688502548  66.57406013332704
-114.91209942705888  1205.4698918664735  60.772905651594094
-114.84631162406566  1206.437066652692  54.737043626297
-113.72276541902613  1207.1564656384248  47.45794864517263
-112.1649886729997  1207.5607058686737  40.85964570375792
-109.82825232877032  1207.6675248595648  33.22757355751859
-107.06733680899009  1207.4948943607285  33.43692314804253
-103.72711460673149  1207.0955509225105  30.23170008509858
-100.08152385456472  1206.4632364562378  24.27449339244878
-96.21788390900704  1205.5707203084644  10.283661735858301
-91.96644806350795  1204.4235158634383  -0.49206476012915257
-87.32004465535017  1202.9789022389225  -8.494706424835119
-82.48858388614518  1201.2641782236965  -16.448874121444828
-77.36637692107188  1199.2966816363448  -25.912809147262752
-72.22816517938529  1197.1347997838584  -34.65015158972669
-66.90229758818256  1194.7688972182825  -43.42229125542482
-61.76687015376689  1192.2638073876383  -50.789314442336774
-56.60419946606898  1189.5895705312275  -58.312600507024484
-51.49232341355944  1186.9036445696688  -65.20050605522194
-50.67097022512039  1184.1110149363344  -72.91858679371684
-48.24573561833728  1181.317310580394  -80.34838863171561
-44.17537514710662  1178.436312250658  -87.44952705375196
-35.735252736274084  1175.5856128585353  -93.06523363017885
-29.097424857549722  1172.651674399449  -98.82129902057316
-24.56674023804851  1169.6833781281714  -104.02279939124206
-24.171329637164526  1166.597236027151  -109.37395471593271
-22.003720158267935  1163.4751267079955  -114.04625047645986
-23.313697306538092  1160.2656410151626  -115.27146196679834
-24.7943646403211  1156.409132034741  -112.34864638387577
-59.58464611941752  1151.0664767391527  -99.0697862417886
-96.28151998271365  1145.5992515655253  -77.72603803560692
-138.7191204009073  1140.624528507822  -56.25780526306619
-158.83748261873717  1134.8086037328005  -40.250731330141974
-183.36375328276208  1128.7163990725053  -30.818346625559933
-202.56153811306717  1123.5093574522257  -15.930485780770447
-215.84413023727342  1119.6020112913598  3.5617836831068175
-222.23380651909338  1117.0282343820893  22.694258772946032
-228.51456040886666  1114.2881679288726  37.08800858994756
-235.27548482013282  1113.2719986096315  46.83333732995875
-242.0415037623042  1110.5166661298972  56.95463157439859
-247.3989175934588  1108.5472635036688  66.37222436879472
-251.91104976298197  1104.9434931747387  77.44957164200571
-256.25006954346804  1104.1794808460854  85.88201871938816
-260.2784788102932  1101.3219226218698  95.89393396994323
-264.2748368090633  1101.5874332039662  101.2551305421288
-268.3023940649082  1102.3937155628341  106.58357703418882
-272.6102236238393  1105.1900778075344  108.87357817790998
-257.11343451894646  1107.399353755286  111.51956231521051
-229.27616775338132  1111.7444378689363  98.03432754984455
-192.60393025876732  1117.2104647748197  74.13706038991033
-168.27878873373032  1123.5011187211765  43.14208427713302
-149.2778137454581  1127.473081615969  22.307739635626042
-131.63626839347296  1131.6182320920234  5.98799204440305
-115.56540542153877  1136.0097293841156  -8.543384813666629
-102.27636821443345  1140.451353323513  -21.26675606223052
-92.4257000635792  1144.7586393920997  -31.619921907810628
-85.32649047981029  1148.7639419759653  -39.08435088795983
-79.49164669660433  1152.7317745209646  -44.472833203408065
-75.37129448449575  1156.6406173245823  -48.35387348438446
-72.55010224236537  1160.4687033171406  -50.80052044322419
-71.01631949585688  1164.189922066344  -51.5288091158484
-70.52129079989157  1167.7955324006248  -51.07946239185311
-70.77911033990173  1171.305843703707  -49.176982454839774
-72.09218479531391  1174.66471485155  -46.837950111268746
-73.98337770916619  1177.8534645424209  -42.69087431462928
-76.56072726751628  1180.8693846955807  -38.420660173554914
-79.55349448897371  1183.6484300242353  -32.64341173826823
-82.89210957510896  1186.2448547271867  -27.121620481570115
-86.53419797950988  1188.5728686051216  -20.019028359911417
-86.10727106503438  1190.7170503243183  -16.494092645991742
-87.64416845326791  1192.545986047055  -10.879788081162049
-85.78265733586184  1194.1318112159895  -8.214052891487944
-90.20364499641038  1195.360952614959  0.10015724092209322
-89.6595095764168  1196.5973304759304  4.784369219514868
-90.25602503970202  1197.7148522722814  10.56356419858378
-87.52121098087142  1198.687728297027  13.09788321509322
-86.71789320648983  1199.2559179532734  18.042917082593878
-87.14167881727147  1199.4475422329338  24.26362036958848
-87.80097785835567  1199.271596403931  31.897574135671775
-88.92422898783632  1198.701467144931  39.12679362519139
-90.42339160635309  1197.6973315040118  47.269973928517345
-92.31028643453831  1196.400219404885  55.48527464269536
-94.45315271304436  1194.7139320863366  64.71474433770804
-96.78414095001597  1192.766405818012  73.81914883372299
-99.21325633647349  1190.452069494772  83.52861192097939
-101.90129100505314  1187.8065822885023  93.29307920795289
-104.58537092989064  1184.7393636365634  103.57536861788233
-107.39529774180971  1181.3536191655232  113.79148161478071
-110.18084962040538  1177.6456925504217  124.07453377441479
-113.11149320420404  1173.7593158919728  134.00477564200128
-115.90166406267036  1169.630459191623  143.91298110712899
-118.74764194487251  1165.324856304513  153.620013844526
-121.28824457174524  1160.8362553880067  159.0118151228565
-123.9072248004872  1155.9222974158172  165.74587587386594
-126.32694544799743  1151.1886605239915  168.71714629254734
-128.67170260347157  1146.122903602994  177.39580082699058
-130.75733804607174  1141.5086091544154  186.2536979794733
-132.61295505872164  1136.597340760653  197.76251459009168
-134.4514182445937  1131.8333639322339  207.5021819453711
-136.370618675107  1127.022309746786  214.36392270430923
-138.08834157849572  1122.2396158996353  221.90875100577952
-139.72232270037372  1117.8846924367156  228.56327102812813
-141.0777682821615  1113.7286778470032  234.91172765920996
-142.31522868509148  1110.2458324827967  239.95612679284974
-143.36761999015368  1107.333503551617  244.31677177378458
-144.2619914045345  1105.060840277221  248.26984665746897
-145.08590513278938  1103.3400808244191  251.40711486393016
-145.75440356184131  1102.373079372882  253.83282221840543
-146.3294854718013  1102.129917063617  255.66791403830484
-150.88513069514  1102.8531026362195  256.13014119398673
-157.83777734576327  1103.9101275217947  247.87287237151202
-166.3584516821669  1105.7859009273666  236.7974555857674
-172.1267399227141  1108.083253440235  224.27094692599707
-172.21138317876068  1111.2030876986541  221.29995751444605
-173.55050162259937  1115.1747965280338  215.80459232396367
-170.66515985376617  1119.2211582645107  212.32482715271078
-167.44612676882906  1124.21251210735  206.53542384411062
-160.15864508044308  1129.301151004848  203.93592792327854
-154.4085645630498  1135.1948382004246  199.9485346104387
-150.6564934860859  1140.953844513146  194.11734940368777
-146.34129121902177  1146.823425511285  187.2537341167783
-141.5999726396787  1152.8344714171317  179.10719748728673
-136.93758462353492  1158.8132538308544  170.72802794268375
-132.3217658164214  1164.7766166841052  161.61946669510942
-127.94533472309283  1170.5810014945653  151.94301195569324
-123.3351500027187  1176.2286961172426  141.73083702469395
-118.79756672568082  1181.6104674429873  131.46485038818338
-114.02941623643108  1186.7364919462195  121.04817375079548
-109.27247556304312  1191.57310921064  110.23997535180943
-104.20832953137082  1196.1282457764569  99.26016680889694
-103.48179094490557  1200.0145763116934  91.78789810304741
-100.95072296892891  1203.5717800859995  83.06873382534158
-102.03132032745992  1206.548909791376  77.21199829873635
-100.98547662790104  1209.3527948345206  69.58901551410398
-103.31372403053953  1211.645886787506  65.66076007189078
-103.70170760270123  1213.641507538887  59.857509686015
-102.9990615833632  1215.3451286297861  52.896518799510964
-101.81976810938625  1216.6643221977595  45.009479658782126
-100.0211476192364  1217.6463924985574  37.01817980378786
-97.61456986815332  1218.2403672065618  29.10970808999834
-94.57935947285505  1218.512939758944  20.81980035476179
-90.90830745662427  1218.4734562864512  11.914276463355135
-87.10075269078192  1218.0606347435344  2.9435159213356537
-82.67398801345637  1217.296173811756  -6.4069994208451515
-78.11376506273388  1216.1615964759058  -15.051335198924278
-73.03161008705642  1214.6990626345737  -24.025689985039605
-68.01726028883161  1212.9119779940277  -32.25374477751478
-62.64321151785753  1210.7762432074746  -40.86766518262352
-57.23157037124198  1208.3186067654672  -48.57526269561842
-51.61646291596518  1205.5244733846812  -56.53115572996508
-45.81431177261909  1202.4487579982783  -63.77961854634517
-44.18409542081442  1199.0326699187412  -71.28692586650837
-40.715838681062266  1195.2554626593303  -78.43761600263257
-35.41795612646286  1191.1245400908122  -85.56643360513368
-26.296982408365476  1183.1150692564804  -108.41457746882311
-18.99249172616551  1175.2173062404552  -128.80499518618035
-17.64896398285881  1167.2050153957275  -149.02962789115975
-13.762256334364368  1163.3864288928507  -152.96245314424118
-7.704857166027127  1159.3980348282907  -156.52785591194225
1.936653141527339  1155.5382185454757  -157.17191432529333
-9.43730069598606  1150.8487356441  -148.64863424485213
-30.74150434846363  1147.1144885383055  -132.59523162718608
-57.51211315978924  1143.1647617436279  -106.10064696918937
-70.93047964577984  1139.238672099975  -69.08037588480789
-82.54510402215519  1134.8408736339354  -34.621323381416104
-94.62495195081861  1131.200766457493  -5.112556825931456
-105.8638104123602  1128.591339059167  12.605726757683634
-101.206728572691  1126.8022109992746  30.47513968079235
-85.47126063797562  1125.6608249687306  23.361790824540066
-62.51057029325007  1125.170625327325  10.813217944458561
-45.89441132713693  1124.6509911639987  -7.529829639807106
-32.98484524917672  1124.242198939812  -8.023156241541564
-20.631130853778792  1123.9298439248926  -10.759474866444712
-10.88974213891477  1123.7393730405947  -15.815865216099345
-1.7879332015321614  1123.7304665495778  -20.668043611804272
5.540938341182579  1123.6903592023593  -24.455684743837125
11.675637737222516  1123.7746677071545  -26.419391788090877
16.97079479802242  1123.8602638030723  -28.442690590784544
21.37942425449757  1124.042216287845  -30.34841261882702
25.109934866174118  1124.191609193751  -31.956057606667976
28.1481108746374  1124.3556020242727  -33.18940929352594
30.640551566319253  1124.271613627012  -41.42694645598704
32.68468373245634  1124.276341241994  -46.717486555099065
34.338809974260585  1124.1079368593594  -57.98629912095088
35.686504626730965  1123.9475456807986  -68.60741052746637
36.75785640930057  1123.6316908666795  -84.09746025194116
37.467681226133465  1122.7772722844804  -95.87524223893057
38.16278968361024  1122.240807741664  -102.72890921179851
24.565172271254482  1121.1712051166226  -90.32145579388593
16.332100730253725  1120.9569019300304  -84.85348506550282
-3.880939358368437  1120.0242781018096  -62.45347047650737
-3.7122135676083126  1119.8670923265133  -67.21167855145315
-20.51575453596666  1119.0266964919238  -47.64207023895597
-19.549560560484085  1119.0042084157844  -52.6108189415694
-16.29830314492016  1119.1392539453673  -46.099055497139204
-1.7700010570512674  1119.758133005878  -60.10577050714844
7.78886976674619  1120.1715417731834  -69.11580611400592
9.209840558540503  1120.2694354540172  -81.5827117358387
12.9093061953539  1120.4745465742787  -92.66740638095683
16.946700102333647  1120.7096388440905  -101.04689266488417
21.078199508240374  1120.934661956431  -109.59307248785424
23.88236270390183  1121.11267807525  -115.76197273544247
25.900254321046283  1121.2329638630085  -121.62702356312207
27.949543572609503  1121.3612517891324  -126.63558816653247
29.851759572891456  1121.4612946284892  -130.92234854597942
31.36444967077368  1121.5596289452888  -134.58761435924134
32.595260835621595  1121.605557240771  -137.70934900722725
33.59603327396157  1121.6354270973986  -140.3597482482316
34.55069016651347  1121.6395639079476  -142.74121493738588
35.29937000247022  1121.6299111259245  -144.70893821050035
35.88392483741757  1121.5929360396665  -146.47033313194441
36.318321983248055  1121.5422931764638  -147.84409671022172
36.68205318920136  1121.4964351684253  -149.07670453894076
36.94582502235634  1121.4555299273034  -150.06424000820175
37.130865754336696  1121.406556929723  -150.90113510372368
37.273410348320006  1121.3699814051974  -151.48066444621156
37.41011741218281  1121.340321450889  -151.95746885091245
37.48662921579965  1121.3358702976923  -152.36716161849876
37.58873215662444  1121.3230848451005  -152.79950437844354
37.64531339215795  1121.3258217879502  -153.16432336222377
37.775930143760604  1121.316669934291  -153.52725923828626
37.835050641628186  1121.3224635199592  -153.8546347591706
37.953570307027604  1121.3136850383587  -154.18180206020287
37.99324351179047  1121.3138450108247  -154.48878664666591
38.105702152865916  1121.2995128464815  -154.80701513331869
38.139146671294256  1121.3010231362687  -155.13111597970553
38.240682698905886  1121.2924354902514  -155.43514494738295
38.23754981190056  1121.2924660884055  -155.7238568459095
38.28691711542716  1121.2679682705952  -156.01058056912282
38.21232162359048  1121.2402047035334  -156.29003480942993
