36.05418607145624  1119.6342723930204  -99.54990107129984
36.054213515725536  1119.6615010477594  -89.13248755049084
16.844927319663935  1119.6157578607767  -81.77964551133608
-14.196374766715266  1114.8853888571975  -44.482239225382536
-58.656687829134285  1109.5930847405998  -4.409447619090955
-89.50248014902296  1103.5792381124195  39.98644112779997
-114.70672023868539  1101.457258827344  57.44068265268744
-133.54481633298676  1099.0315660497922  75.81030267808474
-152.46124835206808  1096.376942073419  95.44053057676234
-169.8090739564872  1093.9557987254468  112.91487273953045
-183.8901260505313  1091.9375004735527  127.42305637810811
-195.67661557728235  1090.4000332686944  138.33076195627166
-205.91224813913823  1088.976542573863  148.30404245515717
-214.9014855621728  1087.684320889372  157.32753022025997
-222.7981288120687  1086.5828057413662  164.91054907218157
-229.35619184333277  1085.6417941183558  171.3659999370051
-235.11384315459117  1084.8334370739565  176.71402479348836
-239.94469252033386  1084.129400049614  181.456952978951
-244.23777165227284  1083.515075984083  185.45111695983047
-247.78933420568018  1083.003885995922  188.92124413497942
-250.95528890095397  1082.5536225902413  191.79363293418047
-253.5581017936928  1082.185476930477  194.31911989200304
-255.9429932538486  1081.8633073031672  196.4107244459052
-257.946302910672  1081.5958941473614  198.2525753375684
-259.8771472255389  1081.4077768865209  199.7759317389326
-261.65336319305953  1081.3027597322211  201.09750789179645
-263.3385552745919  1081.2838081249686  202.4936992376833
-265.3908977322139  1081.30427452428  204.05099545648577
-267.4542757920095  1081.519657926919  198.60630370780834
-250.3130416521767  1084.962997149364  185.01332787908834
-225.12290739300641  1089.2683934322192  136.21210114660778
-191.3263377929998  1094.381322644719  88.69321030345918
-168.62449854530078  1099.6904869596876  42.60762043668116
-146.48438597818665  1106.0613197641135  24.37804730920558
-126.25689704833378  1113.6882899937627  5.227259634380253
-109.80336730879092  1119.9831015993127  -14.425593896208266
-96.38314115451399  1126.6634151201995  -29.100160776560262
-87.22551352782826  1133.5159891796345  -39.810180911562696
-80.68490812720671  1140.5696144571277  -45.11523445509317
-77.3106203958342  1147.5800637937546  -48.567767425630514
-76.12541931427177  1154.3777605187538  -49.03352355813186
-77.33695956495687  1160.0811553836838  -45.257213890872315
-80.51507411626223  1165.5653541666193  -38.28858921766132
-85.47436156481648  1170.4635716649923  -28.030431630923648
-87.3237001195177  1175.6947038159756  -19.51002759040246
-87.44200214747814  1180.0327900687532  -10.917666142248951
-86.27911728287893  1183.493853137503  -2.6176997152635844
-87.88857374761918  1186.1050528567303  10.158736994187505
-91.10804351403881  1187.5328651929942  25.504952739418606
-94.67666397644159  1187.8154706339947  43.44825566071139
-99.1259575835571  1186.6988164862469  61.69351244210062
-103.57152576306696  1184.6697697884335  79.91597476514431
-108.45773807309045  1182.0906718698  97.3003365751953
-112.85542236377437  1179.2475617464336  113.88412152282129
-116.6378784699913  1176.8195863156134  128.29502074574663
-119.44578653168503  1175.0850382758158  139.93780169387603
-121.58581890020102  1174.1262284995119  148.53207035034794
-122.92119554234276  1173.9076858383967  154.2370566734984
-123.1567789759993  1174.4746125844713  156.79771512328628
-122.01312980252742  1175.9327689392262  155.4536455733444
-119.57279496909445  1177.8998917671777  150.54577242679414
-115.65811314877061  1180.1181484535982  141.7746802684089
-110.5135935548418  1182.2908384478587  129.74472738316652
-107.9358351189042  1183.9098200240414  118.07742190937503
-106.85292529301731  1184.894008453988  108.14045300763613
-106.02676874495356  1185.316963393333  97.76253868692258
-101.91057365443594  1185.3877223466025  83.07278111943864
-95.5628336863941  1184.759419083228  65.08928910081737
-88.12432068721313  1183.179654162649  46.19107581552372
-79.38881050825175  1180.638395929975  28.097576716292302
-69.57400753515604  1177.2769318644735  9.069105054874324
-58.82836478393137  1173.2632154233659  -9.166027524131708
-52.113048562618296  1168.6452770579613  -23.882561667078
-44.26549992839633  1162.964184304803  -37.99052254431493
-60.320190249169215  1157.6083630725725  -39.114599104919755
-83.1030105495964  1151.840415215397  -28.707424770071263
-119.71978354515144  1146.2714631342624  -11.838187466939461
-140.72677344967897  1140.6822128481244  2.9316144308345695
-159.07574596524904  1136.085611071895  14.899726693073642
-151.18254096985564  1132.8667644177815  10.158177597747219
-132.90211587244147  1130.7410083359325  -4.905655439419409
-106.46651230654709  1132.0392199759995  -29.433478648087924
-94.81362997359653  1135.1932770812164  -38.99451535823148
-86.92269613752373  1139.860060110353  -46.00590658186474
-79.22474614030807  1143.9981037401603  -50.07931986623204
-74.06848958973961  1149.1478461554577  -52.552726736729454
-71.77374339346439  1155.0887883828984  -50.30300577389321
-73.87143702932904  1161.2458344337606  -44.02892783961887
-77.67484103629562  1167.2592666028288  -34.0897881497923
-82.9871006486421  1172.7001424143882  -21.063068345783236
-84.98741877468385  1177.5528097486667  -10.205994543227128
-85.06124901655188  1181.992742697818  0.4874421997106584
-83.76520457881281  1185.8675057371827  9.49046982141114
-85.21043383499828  1189.0671115251107  22.39728546653989
-88.06784709108611  1191.3687671403957  37.12062694983142
-91.29488053701662  1192.6412764811469  53.63013111178324
-95.24340313230823  1193.0530629477068  70.02601319365954
-99.25957864677777  1192.6441654789428  86.22764081790315
-103.45190665527338  1191.923122946663  101.84344969246465
-107.24774075780776  1191.2729118743569  116.09600272070523
-110.51029559114797  1190.877092466102  128.06127094206445
-113.12952122291438  1190.7601194642216  137.68013842084963
-115.01494348424016  1191.0370265287856  144.5965815742484
-115.91329471392295  1191.880259160016  148.76701791879154
-115.63641822125416  1193.438426186685  149.3506651970824
-114.09950290418494  1195.4889029757262  146.30826800662956
-111.51169594331458  1197.7767792894292  139.9630351397002
-107.59683278336459  1200.1250492675802  130.2848408545565
-102.58980019575515  1202.1490833599296  117.93202651459502
-100.46035063098417  1203.5229832599189  106.69516415157045
-99.84302780720043  1204.209140394073  97.64342652088146
-99.63161648257736  1204.3742513213665  88.01512958516295
-96.1658576749852  1204.0520134503586  74.1774659533458
-90.22044028643778  1202.928621473206  56.80750234069446
-83.22562423527312  1200.7841762373655  38.789202193956896
-74.85722256080923  1197.601687859546  21.47792657425519
-65.78879840501033  1193.4814312927303  3.2043372059269153
-56.02317940781446  1188.5776037891508  -13.949128716477592
-50.33703906816811  1182.9903150814998  -31.091326300205516
-39.5180135752594  1175.0976392825364  -49.970533630318016
-22.72226798025769  1166.7034971631829  -72.51486310835239
-25.38800196393875  1158.0659233261376  -73.60568681867831
-60.1578123744298  1151.6627598303135  -47.551844821753974
-107.67750424525673  1145.8047543354587  -15.330627647413516
-146.9582650173928  1139.6889404922038  1.19376565293547
-165.34833644765945  1134.7578312684122  5.483614797717161
-184.4378262560847  1131.3086355315659  -1.784328784336644
-177.95256673010294  1130.9343183072444  -13.059507690200185
-165.5599336183121  1131.8102162418606  -37.443166033130964
-144.92777003994402  1134.0244614801609  -47.80874394853314
-133.41839891776291  1139.1968516036554  -54.481955707310476
-122.39046922652585  1145.7360728955612  -55.63215839543892
-112.99413451970598  1153.5768150660604  -55.8275852218267
-106.63200630590636  1160.3198521609124  -53.58984253828002
-98.98885617310565  1167.3955566507939  -50.083142226423654
-96.34545845537585  1174.479918547123  -41.47330788615997
-98.18643314757747  1181.0640269150563  -28.442135783516164
-101.2737289502089  1186.8681836674932  -13.700273269525812
-100.9507583477718  1192.0356047426721  -0.8297868067382019
-97.65538386862997  1196.5026613153925  9.631255409704522
-98.12683614307049  1200.3656868984672  25.18305317672055
-100.81873407278233  1202.881632942385  42.74236834083061
-104.13152517280794  1204.1784336958015  62.292525856373956
-107.76494970063281  1204.1629649493398  81.06332199711143
-111.50629361974045  1203.1275099751733  100.27544184759263
-115.88945983862925  1201.221191057646  119.65895765232865
-120.32355405057409  1198.7173665775433  133.80796133677967
-124.32013279779807  1195.727383281938  147.66382014877328
-127.55082812592183  1193.052251980205  159.59576115407322
-130.136985116583  1190.7941691090632  173.62722128306842
-132.2932090536883  1189.2506765007995  184.0148215250029
-133.52895208057066  1188.2045746811937  190.49765779033714
-133.90085089682023  1187.8110694441498  193.93820898765685
-133.197790659198  1188.3087552144264  193.60657509251732
-131.73107097585753  1189.466180618704  190.63853183482283
-129.54830795826683  1191.116544557409  184.56820065379213
-126.55081282133915  1193.0371280644854  175.62322679489077
-122.55649341393521  1195.0996097373968  163.97895679546
-117.78725747857459  1197.0567647740527  150.3834660214354
-116.32138833099665  1198.335222219006  138.72439913755017
-116.96287750038906  1198.8863524190438  128.13413136289105
-118.57801681815434  1198.9421034017482  118.91625557652841
-117.57032481775622  1198.8414565689059  106.26301842423312
-114.67112874323384  1198.3642999228443  92.15103525282977
-110.76978890131626  1197.1630418164434  76.42982290675407
-105.60268434760623  1195.144806766123  61.37168612790455
-99.84273432850836  1192.3664135595081  45.83720253603125
-93.60022514230262  1188.827539829228  30.5767235309691
-86.93412655787091  1184.5686502367682  14.732884669311092
-80.13910340970055  1179.636656526009  0.2633197213712606
-73.21741009824858  1174.1571333647046  -13.857672676801593
-85.58789987957888  1168.3192616895271  -10.514256402389863
-110.2817197297127  1157.6577302057794  3.2834555428075003
-148.84419617813896  1144.7531665028487  21.687017888037296
-170.22617031817248  1133.1534872861084  30.085450087253072
-187.97421890048145  1123.745219256121  34.9772383204883
-200.59398656326056  1116.4188253050481  46.09994572639954
-218.00586567997078  1105.650837163238  60.664310070623216
-214.57790312687803  1095.5152224079206  88.33769913660016
-187.02748505797044  1085.6396465835546  115.00369666767054
-152.31640618169519  1077.9123188394854  124.49254363397273
-128.35720601372188  1074.8306750374059  104.55147908565829
-117.89523382002953  1074.7824562539506  79.6441119743156
-104.68457265003688  1077.0092336402897  59.17356855290217
-90.96545727793173  1078.0943662943357  52.252984953377414
-78.9293085554269  1077.9655125081833  36.07781477580952
-69.58938285214336  1077.7701992167706  24.359863186898494
-61.70137030069605  1077.8862272391914  6.985757189983211
-53.759606548279365  1077.8704673623465  -7.717664663527085
-46.54341036055967  1077.4855090776034  -22.518515818315123
-40.465546677138164  1076.980226925512  -38.263420041143874
-28.27543162985208  1075.1570162276778  -53.91356064326305
-19.63303535206566  1073.0398808540413  -70.28880862203324
-12.734788108486867  1069.0055500558974  -86.94670997353529
-14.987932028512805  1065.7726103925913  -102.1828343872863
-14.666174112006948  1062.393885556965  -118.86650045840771
-9.557537178865545  1061.2147053858964  -128.00611301056568
-1.7035217599922285  1060.6527352806738  -132.84340705647853
6.856984645266952  1060.671492084003  -132.7499543607842
12.21062690511118  1060.3881910875161  -134.4574974091903
16.716707354626678  1060.1046230493819  -136.26958403692828
21.047943141862127  1059.800766798434  -137.95304698424337
24.932018546406212  1059.593268225001  -138.63919873095307
28.26335289193258  1059.411419218042  -138.85084144026237
30.889576388879064  1059.129221047297  -139.21029732519716
33.20635236990669  1058.8532247922697  -139.41293168969804
35.215249019595014  1058.5254750101303  -139.31639764629423
36.95570757820079  1058.2891510365926  -138.99497522905062
38.42554123154034  1058.0225488880415  -138.64320416631278
39.63735772367393  1057.7883525967914  -138.45920388206912
40.6129574903646  1057.579600290478  -138.05639876417808
41.27266063042183  1057.4095691027542  -137.6284610547381
41.678170581775184  1057.2591058643322  -137.0670458557936
41.90609945722199  1057.0973564677997  -136.42818562163646
41.97555111043219  1057.5009417902693  -135.75931439730192
41.78468915877697  1057.7161748144542  -134.619666961706
41.260627117328525  1058.3414013174513  -133.226612986397
40.57850111569186  1058.2021576880384  -131.50294385285434
58.20054627618144  1058.0207422910016  -129.84005985248697
