-12.63511791339189  783.3441998772128  34.15250937048993
-12.70829761753462  783.5436903698745  33.81339602308896
-12.728103681067868  783.5255212021034  33.59503361690214
-12.674881031821604  783.2722420621722  33.24124585903909
-12.612612664150127  782.7075959180007  32.75326054258068
-12.427227863495762  781.8788686786705  32.137582551512594
-12.179209107258748  780.8365522788527  31.38748107414043
-11.813617668474263  779.5982600174749  30.473375455521868
-11.428707916900064  778.1983023693964  29.544526935349335
-11.000724652534872  776.6373849077995  28.557770819888113
-10.513493026082964  774.9532585315244  27.582557104551544
-10.019482796406363  773.2033197631309  26.337056423681414
-9.485440882549817  771.3914031986658  24.921563342374036
-8.91521103430926  769.5149960963147  23.295805578230553
-8.265036423985409  767.4943953121794  21.59027540859071
-7.5794373954167265  765.298084112727  19.881509357178533
-6.906239816583446  762.8939873103772  18.187070138756905
-6.283114194105582  760.3103457537829  16.48439147814134
-5.6302698580500525  757.5504760731726  14.803573120112254
-5.001343461017653  754.6088735702799  13.091651687847467
-4.3482181031466824  751.4968708525424  11.197617097754563
-3.784542604112927  748.1964941950193  9.328781690326567
-3.2969128338041123  744.6780825555995  7.515167946772774
-2.9361937856414286  740.8603871558267  5.926181505351702
-2.6602406265903507  736.7277510411585  4.438768928506635
-2.3999097472869377  732.2747107250182  3.0781778960890303
-2.12115114342947  727.5773407090777  1.4867841208808392
-1.8440251733440376  722.6331590233351  -0.12337757529987758
-1.5512522845365282  717.438468581802  -1.950090515558959
-1.1908616468984157  711.9216412600489  -3.4006613931727916
-0.7648989244369236  706.1778775374103  -4.91539593338272
-0.34218639658067196  700.3271983889592  -6.347013912066688
0.054915321775427794  694.4879180989444  -8.02309616618513
0.5076172586653611  688.6204754833955  -9.562915990045786
0.9410085765655973  682.6943013460948  -10.81735542435664
1.3247908544985987  676.6188963568504  -11.682538428254622
1.612401076865539  670.4506737092805  -12.37840749011361
1.8918643860463153  664.2015518743207  -13.010679812369474
2.2079607690801764  657.9538810962426  -13.540847768142518
2.544680707882028  651.6426817978486  -13.97161549040461
2.8995409742965825  645.2508356043179  -16.168856748660605
3.20105036427133  638.0561655102513  -17.566910601211355
3.4707959001970536  631.4884394853726  -18.08909349009857
3.713187964465896  624.9713754367541  -16.751332074814705
4.061213363889111  619.2872497293181  -16.040416675648732
4.374310820889996  613.0821207207517  -16.047128073804245
4.629690551714174  607.030581360306  -15.660300739447202
4.685992325144529  601.2513083415628  -14.959803881726682
4.628556003262963  595.7073919485866  -14.104982180680196
4.550112758112596  590.3488065125657  -13.221168068913382
6.4374423073905325  585.0577761104717  -14.156909930571462
10.585565618203098  579.2276455341866  -16.138889006417365
15.200478876514214  573.4229910559217  -18.898040211663638
18.404930070435423  567.9535888952165  -18.854571776343256
16.215042703831983  563.4847260135452  -16.499437257051138
13.776786572046905  559.1462534511677  -13.398131483693358
10.770239230128954  554.6316756187547  -11.263219066896095
10.719714431619684  549.9785418793258  -9.983235824455937
10.102254063507868  545.5144982322513  -8.324246401054973
9.044001656391924  541.1805993993805  -6.440553004143938
8.126802572336919  536.90057107261  -4.708579972530537
9.163761970810668  532.6324357752903  -4.644701096135184
9.775102137614631  528.4079057948572  -3.843428756040071
11.729639075473376  524.2250512842986  -4.0385643881130875
12.800606439273754  519.6137829158046  -3.2543380193078515
15.351780530786325  514.9982683553576  -3.645643837609591
17.16125889741867  510.3615430157011  -3.3935461801194733
18.51099844915776  506.1512814207524  -2.5223149953050092
19.61836420605719  501.9356533739893  -1.4251239275568763
20.464119829069624  497.7333036352006  0.2980345050126496
21.229217743638834  493.6593687251251  1.9473796955527123
21.822575515667758  489.73189377134605  3.8790105121980005
22.315437592948896  485.9822876158017  5.541716973737684
22.620522485922788  482.35898839018284  7.435948469868022
22.74561539590599  478.888117767207  9.366685019546132
22.608432341760533  475.5545570337078  11.65323633386282
22.454235416525744  472.3183930722806  13.703860913651582
22.356659154132995  469.14230548489746  15.323255338833278
20.773391974281008  466.00257021853446  17.79413419697023
19.855603847825787  463.1672054470784  19.362141944108004
19.14896274806576  460.1693539070623  20.60792632530324
20.36708392385391  457.2527285162317  20.009596011733294
19.38070479976993  454.14322044672554  21.128815242743507
18.81337791172455  451.58674731695396  21.593433277607286
16.91076924765499  449.1383444542565  23.042296756436915
15.897745594508642  446.7811243301537  23.551615404853028
15.255282536251501  444.34002063304024  23.72990806323425
16.781531769051202  441.6980196476413  21.939203475921875
19.25234271833636  439.27080704775574  19.22842158319417
20.80480773322534  437.023895764106  17.31557866045503
21.605978793921633  435.36523655283713  15.852450273457297
22.54009544384826  433.9402755806726  14.346556257032828
23.74644705729785  432.8582636991266  12.558413343757652
24.77468021832868  432.18182233056234  11.023801202237124
25.56462553082772  432.02693674091313  9.740599779617492
26.136050255528023  432.33316686301407  10.043857732012798
26.670782313228816  433.5461581517861  9.976235039332238
25.545242609401384  434.85606847317536  11.112261699619662
22.517867803414326  437.1165565699314  12.257464119102414
20.600157876550032  439.4926608498525  13.001491577460575
19.082133794765326  442.3587013634699  13.772916599065958
20.167979455919987  445.6551056760269  12.468334199635105
20.943928098756384  448.880036616557  11.353843000922966
22.89240434742576  452.81295763447974  9.041442716710876
24.26106544667719  456.5672702675482  7.254276299224435
23.08090783044308  460.92149644476024  7.614162264444918
22.839463428652802  465.95907082992153  7.083784872617288
21.0481976596194  470.7890664741583  7.89040861299006
19.30993854222728  476.3618702063585  8.127564267623447
16.14680697282747  481.7226092778434  9.90146825055002
13.801373804221253  487.7871391541303  11.047177888996966
12.694453675943524  493.6176069928015  11.587162664331597
11.510176206854865  499.5916615131615  11.839673286733387
10.3062727752593  505.2408108930369  11.852994945170053
9.125451179388302  511.46746597887164  11.842852754472753
8.203120142708405  517.8420230665002  11.585702067463094
7.537622310019299  524.8282710555465  10.96749758977136
6.934954076778771  531.5279915633896  10.092347705451331
6.38548024801926  538.4378578196681  8.872790132791074
5.912188682114254  545.609226185497  7.516257643743701
5.660932682454998  552.9935712113252  5.790736004902571
5.680382624923324  560.5609522294283  3.8314521220825055
5.724497539286326  568.2843248761636  1.965409826121397
5.6687978470997695  576.2141790402603  0.38068334120515646
5.4331182969848335  584.3804316928342  -0.8670090077430832
5.270406373843656  592.7663573812514  -2.204731964178932
5.161585210267239  601.3554681524922  -3.6037247103141192
5.031707158435228  610.0917201428753  -4.896907814363697
4.898329798328842  618.9198445512143  -5.988356269424334
4.773935917232476  627.7532777400834  -6.881908720753021
4.79461336976343  636.5470459959895  -7.752202434879262
4.913589181753402  645.2207570728318  -8.567613743716803
5.091510428189172  653.8177556878743  -9.31608799789214
5.340499586908415  662.2943726309991  -9.998938020833195
5.613095310480862  670.6678386409721  -10.610089489759304
6.04213298463691  678.8660087535833  -11.162852710885087
6.4554735614960945  686.8781665982825  -11.633743370385817
6.952768358963931  694.6585677889639  -11.944106761219443
7.395818600310776  702.2203443016001  -12.082244106635356
7.915785226986072  709.5672907604252  -12.147357367360627
8.424458591549223  716.7236722753569  -12.255787727060792
9.029233042413262  723.6345802155786  -12.420248354082753
9.674560477527908  730.2554069177406  -12.524388352044872
10.340258242348407  736.5733618088376  -12.67767886339805
11.01339069760311  742.6512764972424  -12.858912895493388
11.73087888143024  748.4716622143445  -13.120866086509983
12.542300167665367  753.9878234567179  -13.326924006441132
13.40516605832188  759.1113413618605  -13.511975025485928
14.305709255921126  763.9022456673755  -13.71585210966606
15.266699382617716  768.4130936496927  -14.047750015449559
16.33292921824454  772.6998207937489  -14.525564030444084
17.438823010346326  776.6990906161744  -15.122525023435843
18.554844615681446  780.3515740111065  -15.653480775560187
19.549708185351395  783.5917280922622  -16.090726181819466
20.53154055153018  786.4607008953732  -16.340605597088643
21.39645569764424  789.0074268010833  -16.52859637291853
22.303985257569202  791.268815052  -16.645417603227834
23.08922678847206  793.2119118564782  -16.56543276945183
23.898499560070885  794.8509290871497  -16.208794815563287
24.56284848191082  796.1943292115105  -15.482493394781265
25.258018223208403  797.2999515010276  -14.562795994492841
25.872529788903925  798.2210920885207  -13.682808697189634
26.546019105320767  799.0007142180858  -12.952476896434858
27.156630644926853  799.6624645132867  -12.397489162307735
27.80340203053385  800.154118941554  -11.85913595565079
28.36230372411173  800.5015301578094  -11.239869963259482
28.933779411724643  800.7134024899073  -10.667721834355312
29.41614936457723  800.8231912900804  -10.009431476501023
29.83704314698429  800.8254884240798  -9.394039924009293
30.150963459741465  800.7055289129289  -8.524133269221988
30.367727388392417  800.4749176593508  -7.363543633418386
30.470816596427504  800.1689160970435  -5.812648217188249
30.437229994515366  799.8306927979354  -3.930798140042367
30.25324507325763  799.4812304864173  -1.909994147985036
29.9346478140418  799.1296232442095  0.19483532401799697
29.43854585832934  798.7829350356196  2.352631023172995
28.831763167071454  798.4504372076532  4.528320730246918
28.085241488401945  798.1275398464794  6.8671980986763135
27.28150417513777  797.8215707275474  9.134698878516149
26.35925281287279  797.5027632576887  11.557475506828798
25.348247187726667  797.1642557593735  13.803925529680146
24.231282353901328  796.7453708498427  16.16062234299354
23.055559752255064  796.2185250551165  18.37095629458687
21.8548307852367  795.5622732061962  20.684726069075687
20.669634111499064  794.8405235160271  22.92556321789563
19.46669802382735  794.1377560483195  25.070984181778982
18.380800628339937  793.4844685844378  26.90351276329134
17.432132912644764  792.8571808012622  28.407294690828564
