-13.035744179349965  771.8009251000395  82.39940496006871
-13.182859606647517  771.955353439769  82.46178820814217
-13.352318214017343  772.0828347320966  82.53988698009886
-13.571747694143667  772.2000091075283  82.58150629521448
-13.771843091811558  772.3230972740271  82.44885919678869
-14.021940348246257  772.4651649566825  82.27655195503911
-14.262743619358295  772.6403324387629  82.00079157941042
-14.538380370947142  772.8025048136373  81.76417575081895
-14.802646890563365  772.9371635738298  81.40318059715895
-15.123701790115827  773.0366703821174  81.061703634902
-15.420655377403861  773.1281670206288  80.66495543966619
-15.765546006048561  773.2333297786221  80.34411712524455
-16.045561304384844  773.3285981961044  79.96791156847382
-16.350546421064557  773.4026692439128  79.66313479568069
-16.603742612377207  773.4453699526732  79.30138532049591
-16.85402896515988  773.4585761489926  78.89870678119514
-17.077108163629383  773.4548429150382  78.35221069888627
-17.257503433326985  773.4246945570901  77.79089239559148
-17.41936244944475  773.3624941022133  77.21219874898118
-17.553191327992277  773.2661847095009  76.69646174314374
-17.679986479944162  773.1430490541045  76.12478004597472
-17.778544450542192  773.0068956672433  75.55500920407218
-17.852792111406295  772.8804710112689  74.86469276722042
-17.88077288366621  772.7710899430413  74.02836531367403
-17.833178406693893  772.6856894231448  72.94323488426063
-17.759470541531595  772.5953962623504  71.82706527690024
-17.65902604923002  772.4972552883811  70.65457093076593
-17.578562499066003  772.3820127410233  69.51234489660266
-17.462105672523467  772.2692929572426  68.14510016277544
-17.32148852113062  772.1240308340178  66.72913326891312
-17.168434160435215  771.9426110103769  65.26344556699468
-17.029963050298164  771.6616628538803  64.00825435325648
-16.911240175431683  771.2971887995676  62.811041031067795
-16.762463009977395  770.8190108068857  61.70597429787594
-16.595589864659136  770.2800880380911  60.28917606476351
-16.326512532600198  769.6322014386002  58.6084370392448
-15.988487329120824  768.894575242128  56.58544847327607
-15.469960363973657  768.019651790659  54.52686148827851
-14.892992262541402  766.9706721645454  52.30305467042986
-14.254034669111903  765.740092334253  49.88185721699909
-13.634336019668499  764.1996428712731  47.49067111102854
-13.005470330552034  762.3532793003573  45.19590162000151
-12.307960330730937  760.1319173076361  43.01405201334219
-11.496123201575596  757.6448629972581  40.48232332897514
-10.47196856895487  754.9137868513474  37.64294066129331
-9.40462893143524  751.9307236659839  34.67160484183009
-8.259831420406085  748.6594712653228  31.550407808180278
-7.142800181637842  745.0667077609436  28.468849081702622
-5.989691338001204  741.1819190676069  25.219086340247678
-4.8690762300544055  736.9911010764006  22.078375091656746
-3.779912687691847  732.4634903545323  18.859217995452177
-2.809157482223923  727.5412861906009  15.776892639654937
-1.856994239951153  722.1854880562605  12.629963618589269
-1.0232676222403168  716.4265230931751  9.6777388357001
-0.12337290777020549  710.3054110963711  6.657311022631652
0.7130141325153194  703.8594373488675  3.745461764003517
1.6134316100412152  697.0763682231593  0.6763372350724337
2.5738942465743575  689.9318284772291  -2.227532190500379
3.562997307390046  682.5038085298502  -5.197582916636584
4.592754298593841  674.8833442094345  -8.09470438567867
5.587444449389347  667.1384483485676  -11.22680131171746
6.4996977389986  659.2475497235301  -14.087675446182581
7.373501005118273  651.1666724110764  -16.594950156339458
8.146020599936262  642.9010029028075  -18.611619902069343
8.956296011504541  634.513852199427  -20.513958275248438
9.758167475618379  626.089165698176  -22.39564313644466
10.591071603897007  617.6868678668772  -24.52458336453556
11.379777087009307  609.3048076347955  -26.62534435432968
12.144229097245688  600.9400870377605  -25.32125112907846
12.893886409409365  591.9470475546295  -25.1928544074546
13.648951459147469  583.4994969740297  -22.322674986480372
14.452973207088604  574.5660508835116  -24.644148248984838
15.413404657487554  566.8734737605909  -22.972855731415994
16.370236853797337  558.3226945263153  -25.45926108948928
17.177387823366292  550.8644954623846  -23.68831945875938
17.745480500110908  542.647201450854  -25.939280796031863
18.22880100523134  535.550289510457  -28.686987773788296
18.71894354249918  528.3348818388253  -30.598031746419977
19.197209653125633  521.3205328486046  -32.458985139311096
19.75395062804167  514.4680251388908  -29.878646379913828
20.291653166126093  507.343153848454  -29.401680299745635
20.94994349937799  500.87956039815396  -26.655249265053605
21.70507631114632  494.169719259116  -25.346560527633642
22.578591657227214  487.9172239366524  -24.539524038371287
23.286007532739912  481.6914228226584  -23.482283857296782
23.76095589582719  475.38016003312936  -25.470025395241137
24.02772873703983  469.4648358062138  -26.152751958813816
24.29665376674756  463.2407702322212  -26.650585258851713
24.560691573697714  457.1823641038594  -23.801640936435614
24.775796250756525  450.86114412476024  -22.255603716784474
24.893831090508602  444.971246787523  -21.243234658265845
24.901983614843775  439.2032451318222  -20.404399566143937
24.86048078706927  433.5926712975233  -19.072550517060197
24.810661664609484  428.2284589306861  -17.611948674336258
24.748272925973456  423.13140828403937  -16.229003641573836
24.668016260375573  418.38160380394925  -15.07804350717251
24.562575656608946  414.2165484310025  -16.298787050785844
24.48405216182959  410.6525363434  -16.560846205116082
24.41604358367463  407.03428197413456  -15.630135291123064
24.330305073557774  403.6635223545657  -12.202604730721418
25.536932842005815  400.53779911338154  -13.531928798114865
26.13715741470959  398.5030797770605  -14.39930853448266
26.058326384472174  396.9573336953178  -16.64052258244476
24.527109412302497  396.1510021143075  -13.455562810860846
23.46083139088098  395.9606108818291  -10.099661425828069
22.95294343054638  396.6101094477371  -7.882172975216401
22.216766004113953  398.8204669895315  -8.351063853604092
21.262865827789497  401.9389778910904  -8.501188737244272
20.09605200820416  405.09123341556193  -3.6282013815942094
19.017683582691873  408.20561232821876  -0.13267776543588017
17.891362606668235  412.8716250090175  2.7808969108631434
18.355965628683464  418.1008894541775  -0.018284353376914364
19.77129776925465  424.1625172622582  -2.050068165848517
22.012466605687795  429.8840471836542  -7.646126844424048
23.273853977248255  437.0788239046658  -11.027491902277777
24.102330550005302  444.6367628517217  -13.616441169383013
24.837325449172432  452.6414050820597  -15.338424679413784
25.425410504858554  460.19201953554494  -16.72560034516839
25.86907713587154  468.7327573197058  -17.832041867583378
22.32699407714451  478.17925858671225  -14.956394120478295
20.08563377713154  488.82420042196804  -13.045633960253358
18.33211152427232  498.6122051182488  -11.375537215362153
20.375105955534806  508.0572051227725  -12.709277235480698
20.94364097280684  517.6598033211759  -12.593687034269736
20.7585942453925  527.8926715713598  -11.638513648855529
20.682691287907875  538.2379856944407  -10.554654386777685
20.766010737497105  548.5362463534997  -9.263877190093224
18.7783030195213  558.7850390079061  -7.707042436934609
17.361073217705155  569.3571307435478  -5.9017392746163475
13.892290030910218  579.7496591713442  -3.939610804659674
13.707867145396321  590.4017576213423  -2.195352636635192
10.673773573230568  600.4627666122051  -0.4666379803673806
7.27761611092479  610.7980816445432  5.70157942084835
2.152985088963997  620.7413119741228  12.704705965571218
0.8301496186782362  630.7771346279447  18.376631120594666
0.18946862964923805  640.3521440600198  21.354746673751457
1.4517583464308537  649.8218298648545  22.80654549379979
-0.9492212912941107  658.9544502714357  27.761617881195686
-3.574811279071473  667.9904838497972  32.7966861262391
-7.821714106325907  676.5905178342564  39.097404740072584
-8.134121212576426  684.9299657350454  41.615610739382326
-5.445104317854633  692.8455684444236  41.35665781008619
-4.561855588390318  700.4362732668698  42.48027263087199
-7.961886125527345  707.6836511412989  46.103141740206524
-10.019784231334327  714.5825595527367  48.58340169976495
-11.09520799696038  721.0794897675468  50.07435657363274
-10.855566188758374  727.1567677716095  51.93713066228904
-14.304784547621344  732.7738926875077  56.06887207350191
-16.895544105025223  737.9854451150874  59.277325968674404
-18.686721508712456  742.7778318618109  61.09274399723289
-19.65663991838472  747.2530909004453  60.29919553441638
-20.552983908562762  751.3749035420576  60.28021884201432
-21.530939873538312  755.2053580133637  58.100313458229984
-22.210204289277932  758.6478661790957  59.048500428196
-22.631638687309522  761.7882313120966  60.04520629813619
-22.905122084634154  764.5768437433824  62.85501986699911
-23.087262355415337  767.0759253487496  64.67187298669695
-23.16909591127191  769.1791093245861  65.23864787978228
-23.08130291598861  770.9475907384889  66.16129061997631
-22.972471494327444  772.299081308413  67.09327314394886
-22.91274247020468  773.2310438079526  68.07733337467543
-22.931167518400997  773.6126563160237  69.16795975063498
-22.991400663774208  773.502360186933  70.55520684612723
-23.077406882836993  773.0208290447264  72.36040296692036
-23.34689987869304  772.331083833006  74.21683701028837
-23.652749676738743  771.5423841485801  76.0874449935808
-23.938727452555497  770.6797266911586  78.08400644594397
-24.05929119432481  769.7740229880504  80.22826728285757
-24.141760010643637  768.9049558381902  82.2501960874489
-24.11363477661947  768.1509029373732  83.90679335251495
-24.03206038886027  767.5356678254192  85.23257258279327
-23.75466922787546  767.013565785024  86.38963775019484
-23.459004449790456  766.5371269217571  87.58590252260119
-23.05564360672366  766.0659399134705  88.66905735725666
-22.663355306233665  765.6291004228806  89.6761307972326
-22.18132287243544  765.174237608569  90.59421899344731
-21.718065682882333  764.7210713314626  91.47342967759157
-21.295081489758196  764.1987845247675  92.52605866851616
-20.845436119754158  763.6624542251437  93.45425568675553
-20.372156433882974  763.155481014103  94.25325547794289
-19.81920657483914  762.7371598380057  94.72035231303168
-19.3469107876396  762.3985782416853  94.93324897797973
-18.81328517573426  762.1158541054632  94.98325139052825
-18.21860938648127  761.8795315530501  94.71185048077976
-17.512633544822155  761.7093380940385  94.2640848300328
-16.781198183689554  761.6092827290304  93.59022599904404
-16.048885884795855  761.5756605904085  92.83592145979557
-15.365346521940385  761.5674458839989  92.05972052002255
-14.671276690216152  761.5898198563158  91.24487791120934
-14.037632603183011  761.628843394224  90.41306259001303
-13.383212485478118  761.7214315567471  89.46907231001056
-12.797586773201692  761.8486876602117  88.48101059888138
-12.27810782175242  762.0015785439371  87.58292424126711
-11.866552359228926  762.1312076264295  86.88414220642268
-11.558314067855523  762.2415810976937  86.38798149332433
-11.347043313439586  762.3592108106274  85.97193010623825
-11.241077791934769  762.5158957173624  85.62051483076671
-11.215675669276404  762.7048092245061  85.34314410975237
-11.256855400216903  762.8972505595773  85.14495659331304
-11.370188280340399  763.0665934262208  85.08636214167433
-11.542078806901008  763.2145887172868  85.0806597227181
-11.768196993583686  763.3430359556191  85.17358092477808
-12.0173231437898  763.4588409854013  85.27711918652949
