-11.615507982179015  800.3974280074276  75.0758457347864
-11.320584895245647  800.3869021100389  74.07669535181861
-11.10310979937221  800.2399436481173  73.26259868063741
-10.984036856946332  799.8817422281331  72.51631098606421
-10.90263908044868  799.2986062367412  71.94116897734065
-10.937525076773985  798.4302152788073  71.42478965383091
-11.068189463598356  797.2271761877297  70.95911967496147
-11.270101284642445  795.633722947441  70.59845584035433
-11.521331470301224  793.6362203598566  70.36622642281895
-11.829180796970585  791.2340926263221  70.24860007116328
-12.184268511535823  788.3996159250197  70.24528020789111
-12.509240190881053  785.153778505796  70.25613777714865
-12.793516531791392  781.4818412955544  70.27660628992204
-13.14036593768501  777.3931810890684  70.358012596118
-13.538215246107983  772.8759386802201  70.55266086778039
-14.027870802250158  767.9356944369573  70.85326596735752
-14.591214838589448  762.5889667509497  71.30887293729083
-15.237919169552999  756.9029652815938  71.80749233230861
-15.938005749273199  750.9086682798487  72.49909808760691
-16.604653225721723  744.6654291786962  73.23456752404303
-17.266192973173442  738.1812279910058  74.24561210607587
-17.868473244538855  731.5205071852617  75.40868787341566
-18.469404295282526  724.7324747395508  76.70724974043127
-16.65660993599872  717.7792509217953  76.00361066644659
-15.802479209339408  710.7366487520387  76.13376098880155
-12.99610683229162  703.4113011987065  74.62355579689637
-11.37907387718139  696.0515228496691  74.09928469574893
-10.141511612511707  688.5081748077201  73.89652101729058
-11.337990730290354  680.8102373162412  76.673094301898
-14.59307176707681  672.921185615547  80.45398631882944
-16.394564430543987  664.9342902234855  82.92485151633292
-17.88481530220053  656.962651351583  84.23103098126248
-18.876251730327922  648.8743674143221  86.01902176695168
-18.164091057554952  640.6836664901473  86.50686936065932
-16.190288379713024  632.7522576368857  85.92341124300448
-13.117937721917551  624.9223541395529  84.32695123352636
-11.286315259901746  617.2381496290614  83.78420776067554
-10.037097192895649  609.4803119137462  83.70465860810218
-8.927311360091615  601.9113549761742  83.92823133824598
-8.096707708846198  594.5312035369276  84.60134627294433
-7.441060280456595  587.3751217744327  85.6374794016868
-7.209931725273976  579.9787802287927  87.10608292270685
-7.170071658445504  573.2527090537592  88.75589106796076
-7.277350216639236  566.7545836962609  90.85788637544309
-7.5481599487076885  560.8993372862717  93.36585450509273
-7.876301853690376  554.7814040049396  96.14494928411128
-8.277349675344597  548.8239267837531  98.84837051941435
-8.654367044103425  543.0430451031231  101.41469396900278
-9.072184217310665  537.4091496092935  103.66060683163303
-9.558794717394594  531.8529828484226  105.84008438865678
-10.042667188480458  526.3327510436915  107.8358881241023
-10.505732855329219  520.8556819235355  109.67224922910117
-10.987934502827295  515.4709513160083  111.24671219281201
-11.54974418516778  510.21613959261896  112.45820197078817
-12.092025431149919  505.1125008405346  113.46083261318255
-12.574924270369333  500.16136558954867  114.43819176624827
-13.074053905605442  495.3858924077807  115.41007972151652
-13.67325028688997  490.8220437183114  116.69843353306844
-14.474187259897807  486.52959276859934  118.1934924506005
-15.246821394239056  482.5271869155969  119.74944126057704
-15.986982139625201  478.9147226749796  121.06375484150136
-16.555835623282185  475.64441731065847  122.079506475908
-17.04434958799178  472.7785204235182  122.97708482020693
-17.484535750629504  470.2872237616691  123.85112873109922
-17.884858061970967  468.2491557608028  124.62062076616157
-18.240483895437453  466.60620186645355  125.26488070435964
-18.484958489913986  465.4764805153877  125.63590893721693
-18.66253103574296  464.88608529097894  125.92907799488054
-18.778268716711857  464.9481933994114  126.01265214171474
-18.726699712472154  465.57406460412926  125.89676756804168
-18.5047714812848  466.8080907095451  125.4126609182767
-18.13913992951572  468.6361393149316  124.75433344501633
-17.701735109465936  471.10314666487454  123.87294900849125
-17.27893436868131  474.11312933661145  123.0217078851926
-16.81616445017749  477.6695213287615  121.99836485312733
-16.405906292390657  481.6905909193405  121.10225201376304
-15.848388143778887  486.244440945565  119.98071340069883
-15.226357295561787  491.24954114939413  118.93782339515913
-14.590441318823768  496.70562795995903  117.93290769349261
-14.079862187591575  502.4652402878775  117.18480766953012
-13.525714154768334  508.542205157767  116.45172552158047
-12.813016637565545  514.8914444375703  115.54030971005764
-11.875816449288877  521.5736323740709  114.4401092487275
-10.848679218504765  528.5585687771556  113.31361998042352
-9.913281955964889  535.8547863793052  112.3722777662899
-9.089138302011552  543.4310171407336  111.49185215338488
-8.250477570416953  551.3460061386045  110.68026329486044
-7.39263181202338  559.5159388512337  109.81810124296078
-6.496563982365192  567.9948646608791  108.88045961723994
-5.568094015347746  576.6866016463445  107.86931925934199
-6.945084179020602  585.6425660547245  108.7882431959735
-7.326504554271735  594.3225721689732  108.94180707629707
-9.786910247566084  603.5234304227694  110.86749504897665
-11.25893308716517  612.3563418692113  111.92754177472862
-14.742998742843293  621.6728015202527  115.12603704441472
-17.234790967569296  630.5361015044914  117.3095067675488
-19.018370133032416  639.7441809357123  118.93952346399573
-20.630467547174376  648.8079070315547  120.07807551245806
-21.86661494302385  657.7465166076529  120.97412307039325
-22.920009041705402  666.557213449958  121.90561448235133
-23.61437032906317  675.1977399411711  122.5741741620934
-24.049122749249904  683.6536447457562  123.32759508641148
-24.407783076277088  691.8547777220117  123.84183528921344
-24.506216267414928  699.8637365583187  124.14843026130785
-24.339373932963813  707.7303515521519  123.78210616017219
-23.775737044371112  715.4479938149261  123.1143051198998
-22.992306633784604  722.9856755491454  122.02602148962559
-22.108045869351443  730.2522043995692  121.04011229002735
-21.150739968485738  737.227057734264  120.00072191512908
-20.07357168111959  743.8838478812571  118.90219587185675
-18.833258899639063  750.2198724223953  117.66706958581732
-17.541600756547556  756.2157322483289  116.36160264405702
-16.205686896892924  761.7880268357269  115.27835028836095
-14.833821025335608  766.8940546402465  114.39591753815264
-13.507242782441843  771.4969167534942  113.6740357410306
-12.239846170107123  775.5849253625239  113.0304907246773
-11.00498245391563  779.08678823004  112.48169336703482
-9.76907529108664  782.0607702277539  112.22881095740703
-8.507213715360855  784.4747381517573  112.31273104103781
-7.37120198911401  786.4153923406961  112.86013272889845
-6.2517472024480325  787.9172392890964  113.44905735238194
-5.213856081490645  789.1105910299179  114.081978180845
-4.168312847437522  790.0800663799027  114.55417628257128
-3.2000761044813837  790.8360033989213  115.2530719482168
-2.1637120281214495  791.458586554817  116.08458956161418
-1.210771157997379  792.001754581582  117.18102166570365
-0.20024490244104698  792.5073189931426  118.28595470486886
0.7569808699401525  792.9934474885457  119.48558927037185
1.8377937096123618  793.4497763771261  120.80445339384691
2.9585150613740803  793.9141104994017  122.42268857455068
4.129290947561021  794.3734759924747  124.27560095116775
5.273450335755821  794.8538661688364  126.30098586185073
6.525307615530429  795.336809565798  128.2951522564735
7.814038458729215  795.8021298254545  130.2698101297362
9.249674052368821  796.2733615064956  132.07950472172234
10.541638926243165  796.7995178823824  133.8218817401188
11.75211617357843  797.3978856186209  135.4435543387377
12.788118153306257  798.034888049844  137.03031289834857
13.792111970528236  798.6098853603497  138.56910797858296
14.694192409503113  799.1844173022116  140.04655770968878
15.463257204144902  799.7703117766761  141.31303933318463
16.09173386388262  800.3480047634628  142.32598403231785
16.627168575170643  800.746091531568  143.19606274401534
16.951811127903692  800.9373794667835  144.0693564747237
17.100230397575622  800.8037474800878  144.91308753674127
16.763831396084687  800.3039793773223  145.55511626512282
16.15017442007716  799.3579128274031  145.9966008816151
15.054430989601476  798.0198888353956  146.25916548777727
13.979043541405328  796.3883134983741  146.10924083074752
12.585615968093036  794.4965802523228  145.77337637525048
11.234755789407712  792.5216468488522  145.06816248006416
9.63781863857309  790.5508552827936  144.34869325693182
8.05149591588508  788.8793543397173  142.8940173038464
6.425475156670531  787.4965625277575  140.47452378085504
4.933346808578682  786.5298811564305  136.8660216496185
3.537845538639388  785.785262519444  132.6674898089145
2.195489132293347  785.2091269782679  128.37249322502078
0.8062494440083783  784.6627671902022  124.21059197103189
-0.49034836497620926  784.1409687965129  120.00254880443009
-1.7445183051820516  783.6700695801072  115.70660693237697
-2.8796655694021434  783.1959118830667  111.3787688427218
-3.969246207907335  782.6770930535197  107.27071497194768
-4.98959275043242  782.1288513129261  103.39560519031355
-5.91202077473752  781.5969118282666  99.71609809272377
-6.721681075957684  781.1399672072358  96.06829800376046
-7.404608297304637  780.7515294106269  92.53071688768341
-8.00290176329245  780.4107441015719  89.15430164330361
-8.530532457715589  780.0530379825784  86.11083372722311
-9.002866796125986  779.666998816285  83.5176479193368
-9.483808798799544  779.2432471897873  81.35649414766343
-9.952699764154778  778.8069196876062  79.5147967906513
-10.431828697511044  778.3769934722286  77.86023990352228
-10.847778314288368  777.9704496435606  76.39099843604961
-11.211789046359964  777.5951886011835  75.15712339965292
-11.540275577639212  777.251112324296  74.13175033469246
-11.836166424994172  776.9389829661095  73.39324360807107
-12.083741632599097  776.6564783759223  72.75957758524855
-12.264294499485102  776.395901488884  72.22046479546432
-12.369589022634695  776.1686204695494  71.50240184039117
-12.431800894669035  775.9615619530952  70.76091227048344
-12.478817809297764  775.7574181566949  70.07086688745733
-12.524340482335713  775.5151975555183  69.56376229738059
-12.601187838552788  775.1993249529677  69.21342913639711
-12.663705755936249  774.7802778859782  69.0028840540137
-12.733995347598942  774.2684225630318  68.99857933071652
-12.922085904215184  773.7122551392739  69.26989271324565
-13.136714416079858  773.1673597620962  69.6907009414692
-13.412969282797878  772.6576300379185  70.22070577198026
-13.608731963328514  772.1834681735372  70.71328660142817
-13.766043364252546  771.7086169594822  71.33430691985498
