-41.85302896961319  909.1826262799015  68.95350309700532
-38.6528308895046  909.5118011861053  65.94587853566969
-33.6413796577878  909.6253879401145  66.94683248344606
-26.52777754987691  908.9320818271065  70.02271122670018
-21.879238170058134  907.8072557206006  77.41555703221543
-18.25609752960508  906.2656097442285  81.90184650781708
-15.660068974604066  905.8750389272694  79.6240550786998
-13.166922735241497  905.7028592699149  76.59543309384419
-10.693100119923209  905.80331818614  72.77919031858146
-12.057200378678997  904.7199977310192  73.83843002928538
-15.601179748506604  903.4005154823216  74.41250000352849
-20.899642635244298  901.8521661995832  74.27010669049243
-24.192659397511825  900.7523071086223  73.86067126696649
-26.63494400763937  899.7679630884606  72.71154603860678
-28.967785132275765  898.9170874512508  70.87589300360995
-31.13737823428786  898.1963205412798  67.68890712540052
-33.27967304891676  897.6044961736495  63.91306301563452
-35.06470247757895  897.1405499204079  60.25523005627728
-36.66386411258734  896.681911521881  56.814289904941134
-37.93321537570583  896.2148050760586  53.575477888232925
-38.99494040613459  895.6077385291596  50.5534872488108
-39.79494192761543  894.7830501526446  47.78445976423708
-40.418419287452764  893.708794400019  44.917016857812406
-40.86577888868699  892.4120749599704  41.9875064580043
-41.17976948569945  890.8677703897315  39.15707727713719
-41.27408499944865  889.0073035539405  36.678513450750216
-41.272115573612915  886.9078991820381  34.39421047599265
-41.2381197793626  884.6683178107123  32.2351080649621
-41.22959359085132  882.2935082370492  30.233426965855806
-41.155741678621865  879.702612396684  28.495435779337246
-41.028888202737164  876.896042647553  27.038136842112255
-40.94054735314823  873.9559100342545  25.836019766032514
-40.920852575590146  870.9998488907817  24.862054677287492
-41.01505917511859  868.0184027757903  24.155818003828166
-41.147732373152  864.9370770931329  23.77206688357471
-41.29885995996827  861.7459101801891  23.700319521604392
-41.450552679622156  858.4983436217685  23.95744360654091
-41.62051084543139  855.2392978202079  24.500079086604458
-41.870483129161556  851.9300414363861  25.26907338776908
-42.16955362341692  848.5685087689607  26.215024060761696
-42.504372529700035  845.2342752284391  27.11721620791007
-42.86821660091651  841.9845458594704  27.97182891869828
-43.2233333410783  838.8783961391831  28.684334582717945
-43.64448740303416  835.899320929055  29.383407144732136
-44.127706687268244  833.1124683656386  30.041739489352512
-44.69569957024966  830.4971383152233  30.528940792926367
-45.28837295031836  828.1354087010712  30.861089491053406
-45.86361374399359  825.9835040562713  31.061853312597794
-46.446358794358005  824.0500050459074  31.086185028832777
-47.02328771827348  822.222315560514  31.040429764345358
-47.566374097149136  820.4914714598734  30.73491979871946
-48.07974216301157  818.8166756029547  30.463892174443597
-48.53364331459822  817.2247714656901  30.04717375986737
-48.95297451092381  815.6729173918674  29.64911756577607
-49.32280022549453  814.1525939351123  29.075546632893982
-49.625469913897156  812.6422037319372  28.43456124146256
-49.86382939099066  811.1649202659452  27.62197142180545
-50.03863716948805  809.714207098819  26.78510070272568
-50.18364077634928  808.28546155296  25.89499157058297
-50.290867809527455  806.8645420730966  25.077973321183826
-50.37675688253157  805.4661043403446  24.28634603222006
-50.41289775361088  804.0899294163956  23.560660381064746
-50.4292300489384  802.747068060202  22.93217525097216
-50.418222908869694  801.4376256803748  22.384582069502972
-50.42032692543475  800.2024086963016  21.913827756867974
-50.41807431492316  799.0503170242023  21.49448706132849
-50.407123993972114  798.0106686096846  21.087579689967043
-50.39251539901726  797.0754735088457  20.69557147857983
-50.385997630277124  796.2521991899262  20.332004132030786
-50.39140697045305  795.54227087862  20.032554389846766
-50.41274760108034  794.9413286514099  19.764115218969113
-50.44710269934999  794.4406426048108  19.51755686367419
-50.48614253752223  794.0685643542015  19.199850260387585
-50.51545280483535  793.853300709871  18.850417608113553
-50.53845438915512  793.852313399864  18.3577542926239
-50.51866266024288  794.0553937150197  17.864168030471042
-50.454128917638194  794.4862518479708  17.280308381908785
-50.37244250742422  795.1588780033659  16.64159857168811
-50.31612265991197  796.1245922095115  15.656451485600673
-50.22723014179655  797.4112286469666  14.363467720286561
-50.01232836087672  798.7192055528543  12.712146817494396
-49.661015323455956  800.5752820325837  10.877420128372318
-49.13843112418317  802.6646608056603  8.801926471680257
-48.50535220127804  805.2632961559472  6.589929915429278
-47.6983183939488  807.8151966492514  4.278405756657852
-46.84796942546784  810.5919551495372  1.8838161362042631
-45.959262058541725  813.6311738491224  -0.5681325739570047
-45.03875790042744  816.9036478261897  -2.9836567867481696
-44.03650624745798  820.4201837037559  -5.261994694051722
-42.95468550323047  824.0708321472321  -7.341649020236848
-41.79438139189068  827.8008865844797  -9.535247117348685
-40.52988788769353  831.5106530138476  -11.809712524042803
-39.04034861633751  834.8376504094382  -14.459356267803528
-37.36249558082627  837.7425882323442  -17.168854952935447
-35.50911799749731  840.4391387984177  -20.03911873529591
-33.52849705928067  843.262264629816  -22.867239949678297
-31.41653464270441  846.246774385483  -25.739339053719497
-29.24699423708077  849.1695395569374  -28.524455494929082
-27.069611189673676  852.0690257003748  -31.20015664831978
-24.934809265779602  854.9661678838787  -33.59235248524282
-22.79269417431489  858.0371652695612  -30.135902641486183
-20.702499063694166  861.2895903495294  -28.58155188421217
-18.653916491317887  864.8456548450353  -22.116794191148752
-16.863832648097528  868.6005880060475  -23.598459379738713
-15.250996455400509  873.3880082942567  -23.498851771947333
-13.901180604103121  878.4857883455537  -27.968397083176022
-12.64407590782665  883.8361787300527  -29.977822213582563
-11.551142888343211  888.6026647776181  -30.906852042351517
-10.622776000471376  892.913347269191  -32.11929379523624
-9.827652888268108  896.7612046770839  -21.179812857915614
-9.164213317376559  900.3810917249374  -14.743881624032744
-8.454227094035739  904.1152046473603  -3.9149812541398354
-7.704578398561874  907.9462453870237  -0.43665988420949375
-6.968075524839207  911.4184929631996  3.8914697605582598
-6.338940340385186  915.4952549249507  3.4783592675325714
-5.77512864689982  919.3458112059341  -2.1888660917864056
-5.190057875590228  923.2085261410585  -3.8306150877556133
-4.624920723284539  926.2667288277709  -4.467609785707586
-4.107436888874872  929.3727267578643  -4.654204148394847
-3.6554305968793304  932.3620309821974  -4.890196699513985
-3.075585766441099  934.9157217393531  -5.248733539144804
-2.206483781383758  937.0117386810306  -5.198388126314605
-1.12417748210795  938.727140248527  -5.326906209259478
-0.16384737696087637  940.2101604261215  -5.303445699703466
0.5145004370283731  941.4455365096537  -4.968198862367043
1.0634176912668363  942.4430622005857  -4.159194792098674
1.6097453734803282  943.2465297582398  -3.066410323717908
2.161678299088339  943.8953536428911  -1.3482153483933208
2.636715146737875  944.3643553171866  0.46295112171494845
3.137138774700219  944.6672796785697  2.3626144743922506
3.8385537856591996  944.751847574684  3.6731190789871624
4.8169536724582445  944.6480082464464  4.579312062872892
5.872946709830485  944.3534055574721  5.310887986196741
7.123376011173253  943.8399995467948  9.1191443405205
15.592948619227675  942.946492575496  14.759836617871196
21.293854224793606  941.4858441876116  18.873712198306066
23.565181779685407  939.1432812642275  20.100634619470927
17.979977793088803  935.4896653914502  20.392947204670683
14.657254803496093  930.6615728706976  23.178803044479924
13.938301777536449  925.1084445361854  26.96748960122485
12.326345172325045  919.6111885312716  30.498303333519054
10.031695915766475  914.487431574229  33.50680097542068
7.11724230777661  910.0423691129791  35.6481830199144
4.622478122112584  906.1993195781703  37.44242374681986
2.587108974439645  902.8094629166045  38.62702383461236
0.8321149053025447  899.1928089641568  39.59462686378579
-0.7727308780752677  895.1394615182675  40.350342305069134
-2.7890677898054856  890.4331027612723  42.231754971275194
-5.077388333253248  885.3499694673089  45.05827771519529
-7.655602890173977  880.0786007034512  48.92910446124222
-9.87817437325068  874.9532304268071  52.43645453957095
-11.745021783069832  869.9904581096383  55.785785499044096
-13.280083146194153  865.1358576835597  58.956220898290965
-14.806610065742737  860.3153020488458  62.257201639167945
-16.152002782303924  855.6587061215378  65.22296087966453
-17.276296518820164  851.1396442987985  67.7884016819673
-18.04825053701635  846.6392085327975  70.23808007476686
-18.711762256259664  842.1021023356924  72.8049481467322
-19.294749645017855  837.694132917209  75.44700530278735
-20.017767092427246  833.6115117757545  77.76738826073978
-20.70905950619266  829.9023999825315  79.63432480837417
-21.343465504614223  826.675281942998  81.10278894917504
-21.739435813063956  823.8913536192731  82.19957630847607
-21.98216125766449  821.5818787797207  82.82791170369406
-22.04599833424532  819.5905845125346  82.96499375380739
-21.84430380197258  817.9220561046321  82.64043319044083
-21.46929683894507  816.5650318698948  81.94171298819919
-21.075034505736433  815.4740881107568  81.0190934930772
-20.806661842320487  814.5354361721924  80.10326814115233
-20.573786915402486  813.6965808462513  79.30256269583462
-20.32724923804713  812.9082928879659  78.43179756358803
-20.04056741755645  812.1548662358827  77.49948436023143
-19.710602489882874  811.4616267816311  76.46168328173545
-19.27585473790118  810.8488816154904  75.20154825531773
-18.747572599848766  810.3371622959027  73.94888201958841
-18.23233456040455  809.8606037271092  72.79325506005763
-17.745908975699226  809.367430082002  71.95580349711634
-17.361212920467075  808.829475562767  71.25535338922694
-16.970722974290098  808.195756660409  70.63711902766337
-16.594331503838713  807.4820910410238  70.1656353742066
-16.25313386683746  806.6693946341638  69.87710704353385
-15.976465030141572  805.8094934975458  69.82197854146838
-15.776583911946863  804.9412514244887  70.0266116720124
-15.570677473381838  804.1581234072039  70.29017645736059
-15.358716785768305  803.5313755005533  70.52210988607273
