3.0190367500231785  844.0129199203772  75.41708622109215
2.8402573070037898  843.9784104547908  75.04990812300659
2.6973254335931873  843.6287693938651  74.75103963318358
2.589462403859112  842.9274862261321  74.43863992982887
2.5555711559265335  841.8829740151793  74.11226117197776
2.595832818800725  840.497957501293  73.71239407238612
2.791988014897919  838.8035746989076  73.21472286629786
3.022491728384685  836.7812327294222  72.70950720920928
3.225667952733622  834.4400906463667  72.34916565621249
3.2699271463429356  831.7826286988961  72.22241012201044
3.244006395144986  828.8582230343608  72.18551999076452
3.2056959046880187  825.6647437259941  72.39695573056183
3.133960265911781  822.27655235438  72.61271108859484
3.0700484581026677  818.6260298074997  72.97239032351803
3.028512333773799  814.7307347026414  73.20387090693121
2.968784263452657  810.4563104531095  73.55596725504631
2.9191925126161156  805.8707338804529  73.96345191308153
2.8198214714196275  800.8643201497604  74.42744581089649
2.7833225010143585  795.591591124183  74.9477076511842
2.7168379458314447  789.9620987887685  75.43097669214248
2.6799892420652127  784.0777942995343  75.86341554029389
2.5660424117550633  777.7800047803372  76.38864907594983
2.4497417353290727  771.1283136428228  76.98701559630837
2.3240586864085735  764.1752003294557  77.52812806948485
2.241207502063319  757.0774139801148  77.86809874677243
2.161418280332538  749.8641658790331  78.10190431610118
2.074170076986071  742.4960873264704  78.46329556932709
1.8507418976399466  734.9247601447371  78.85882083412423
1.510878955428806  727.2185034574763  79.27475117635123
0.7691601140563351  719.3491663484789  80.04896265845952
0.04574995305546187  711.3762603945245  80.8414505692954
-0.7850766253541726  703.2064847089609  82.00970510094467
-1.4938292131467028  694.9485218817723  82.92402254239687
-2.5435412269950337  686.5898170989016  84.03035838093095
-3.690167249798014  678.2473313040798  85.00822928150343
-2.648043420279807  669.84388942353  84.06642073438391
-2.280608779446716  661.4388805521556  83.83218419251997
-2.829681548708284  652.903555032555  83.7367973602169
-3.401057465653481  644.4952716764028  83.6480052280694
-3.8720929329857867  636.2647909985903  83.22196471677421
-4.218131143384259  628.2854109604043  82.54842471258931
-6.774181483772315  620.4320261525135  83.6336836180681
-8.523236196813016  612.6648943525582  84.05072460094912
-9.234776777826108  605.0021242675587  84.0798716583844
-9.948757316847685  597.4674558414531  84.01061741334564
-10.706385364830423  590.065501446811  83.86388650041707
-9.589145267511192  582.8492627576119  83.77407547389554
-7.139979802978553  575.7994673332491  82.00150195587398
-3.801014784999244  568.8743389558355  79.4480422502396
-1.7647511765208872  562.02826579187  76.06457232422149
-0.14016884648003702  555.2812795356722  73.79122168808097
1.4797921245637613  548.7018642967798  71.63109796153894
3.07955531419813  542.3970269891759  69.50641077249438
4.598029703845215  536.3081344461666  67.07893937457192
5.862642139950773  530.4136588824581  64.56447651511345
7.23823380450973  524.6459580187816  62.069529538974955
8.694360385883451  519.0594178291702  59.3984967703367
10.244735168548413  513.641862020719  56.83365287143643
11.578223900342199  508.417703899662  54.59679188380419
12.665729424904322  503.40646258134893  52.87439844745822
11.914070835523514  498.6639130437103  53.00247993900131
10.067213401900238  494.2712699218263  54.226294364004595
7.400141435152335  490.15702643340825  56.70481906321309
5.763498734102827  486.21269698499447  58.19012608718516
4.542719533635404  482.46009612066104  59.37985348760779
3.4236017698830397  478.87891281307503  60.11300661762649
2.4091189960529804  475.58620028424565  60.94361120245463
1.5221581875095733  472.454666579548  61.72595455726089
0.8561682776479781  469.5942590978155  62.38564274401686
0.3040224705911221  467.08160436191815  62.97560170112084
-0.1848571622894134  465.0178678920753  63.52406272780997
-0.6201569038109699  463.35493727695035  64.05025911658291
-1.0023141412939638  462.1982294010384  64.53449198084893
-1.3986836823944058  461.55492475372466  65.10155915879744
-1.8312295523997038  461.59627046071336  65.64233433564502
-2.291356180273557  462.2172287230627  66.16722028996053
-2.722362432521575  463.5382738269362  66.55540748522935
-1.4059368736104005  465.42180339568444  65.49074790631016
0.942466597350045  467.82740014501513  63.559189584492806
4.457990632318101  470.7044720689265  60.64201588770473
6.759822030407827  474.17907226995317  58.740991706712194
8.599588744243  478.27324021331447  57.217840321306156
9.790358266338572  482.9718985116117  56.38826005081575
10.839886408832195  488.0934854011026  55.839441568878954
11.675753885267461  493.6839835581136  55.60755931692722
12.250897416886133  499.68552249426193  55.66995662058004
12.70945309019592  506.2301162723005  55.807458484813516
13.020372383440035  513.2754257796738  56.08950200525194
13.160951648077717  520.7471416881815  56.48984599955646
13.102538552983408  528.6903487240664  57.11712405339115
10.851294761447901  536.9029943698106  61.56917339544914
6.251080679518122  545.4484908542541  66.72654424230777
1.055434128183399  554.2037001769983  72.47203246199456
-2.8774962787236817  563.1830844766638  75.54022126908738
-3.0247685195738563  572.3501398252242  76.90042255277875
-0.9208869036435141  581.8517762128688  77.3791495527022
2.0158253882200587  591.5961614432512  76.61950329110884
1.286515976807801  601.4688577668758  78.75718528158397
-3.4926387921141493  611.0793524656104  83.20844969653265
-8.557210356287959  620.8355109642289  88.24117278121331
-11.78652058587722  630.8696698566043  91.81565757539262
-13.257404796156433  641.2951065620714  93.87912107822893
-15.240102319203494  651.8395372019238  96.23386080161895
-17.543648356204905  662.2514721313049  98.8512702416233
-19.65007205171625  672.7233620895167  101.45567280975965
-21.50546601364479  683.1869559801777  104.07144781332792
-23.122475442115736  693.8081792456243  106.40347159306985
-24.71810302286065  704.3220508310684  108.89721540742497
-26.21711373581779  714.7578150347115  111.16148473315073
-27.6261919082694  725.0152578976374  113.74758654459166
-29.049414390338544  735.1679698736524  116.29992576144565
-30.313418562425266  745.1476966103368  119.15243550496035
-31.400701452463956  755.0161612809259  121.63724349394667
-32.201167506164374  764.7040625871581  123.77175950476189
-32.848681727457695  774.1860685312139  125.47761885121326
-33.35574045485623  783.2875573604109  127.06725413954098
-33.69980996292094  791.9757557962557  128.5521576868029
-33.82140513798289  800.1913256944956  129.7411479595332
-33.74447684867276  807.9740837461918  130.62759226773153
-33.474194266486315  815.563698891071  131.1229776131027
-33.10275583386489  822.2409276860532  131.37257245833894
-32.60657275624098  828.1998864767585  131.33919974818866
-31.999501855405985  833.1971778118212  131.09506125586188
-31.28520769508387  837.9049843264869  130.60075041790296
-30.48232030088526  842.1381468990238  129.75899518667438
-29.641666055185123  845.7804904000179  128.82179738337084
-28.728877332850153  848.9746982392636  127.74007549899984
-27.789231654926297  851.7919997095767  126.57738496785126
-26.680271629866333  854.407352446796  125.02445043184993
-25.449097121714146  856.8187484618347  123.0615629335933
-23.996159224317758  858.9692361571861  120.82997140195816
-22.523002120459335  860.8446168768321  118.51205565428157
-21.019216468910482  862.4810567065282  116.19527817369179
-19.615095820658507  863.993488831147  113.87260482442184
-18.23685046950753  865.445218379191  111.53615287349334
-17.0019183879817  866.8496396188606  109.35309786598084
-15.891986033439693  868.2520025515698  107.24363242398367
-14.92330414756224  869.6781507609121  105.26691827019643
-14.084592107393709  871.1286375177102  103.42618578225951
-13.368104893235609  872.5742561035306  101.78893590198922
-12.80349619620162  874.0320983190729  100.28690003055121
-12.35383142222911  875.5706806565995  98.70415405112252
-12.055708595827786  877.1514029197282  97.12748550451487
-11.838669151860978  878.6870969395801  95.59003890880467
-11.676566282419389  880.1259918673138  94.22138804962282
-11.57537645606736  881.4884713377868  92.94071081807701
-11.597397738550578  882.8739429651262  91.67712216651773
-11.75443977809076  884.2914757536919  90.51582818094215
-11.933536175873634  885.8537723579374  89.05735101549554
-12.107774553875215  887.482131785232  87.6725137788319
-12.365633087807195  889.1958242749718  86.25829511998303
-12.781080166774673  890.8091058921199  85.3314165952213
-13.542215470302683  892.3380262579941  84.54087964880925
-14.525471181829175  893.7274825710319  84.02756545729262
-15.613045557573619  895.0018963476687  83.78198757501727
-16.633416933035917  896.1768169179733  83.84607554954043
