15.815571670727213  836.5035136564184  33.07148257395073
15.278749086160552  835.9861123052192  33.50766753635178
14.74733119249585  835.3234801181344  33.986900011805645
14.251221783091859  834.598001374029  34.40324106500151
13.891896711354642  833.7929888757585  34.62950061400618
13.612648180478764  832.921837041195  34.83246491263948
13.411651494197708  831.9402524642921  34.93986848622557
13.238582420202352  830.8432324841762  40.12611212058479
13.085286323665667  829.6169952799314  43.24789476699469
12.993903141237393  828.2866195181691  50.64133829615008
12.877215194972736  826.8162608484704  50.810539539621196
12.733019821784483  825.2178450743799  57.242837134595476
12.419673362732828  823.4291004006408  57.475664223942495
11.950575355549137  821.493821390199  58.777102491012606
11.414626234534573  819.3784621539825  55.65114495859004
10.81494449619672  817.0663612334591  54.194157167432635
10.219223283849718  814.4691862815827  54.00290130892786
9.50591059160787  811.553753932483  53.62520061673015
8.826038495217253  808.2790043739633  53.54111893383397
8.170242012675768  804.6995772469338  53.46441912318933
7.573539859943416  800.7673103835529  53.80612401876424
6.980414905411752  796.5549977773145  54.229341125180696
6.320885733107008  792.0008367142809  54.8025936022123
5.5951770007944  787.1832158120058  52.935614600397564
4.8270019827415425  781.785067241761  52.33228280871802
4.078318191499765  776.4808284911145  49.5975045194091
3.3150455266943086  770.6882057545596  50.87579458198971
2.5042093106046277  765.3103442517153  52.61298751409083
1.7358542952918308  759.4822326938945  56.48892425307565
0.9144041633540096  753.7954598041306  59.296017959660404
0.16687443593056817  747.7051963744268  60.61499360352821
-0.5594679085155817  741.441629859841  62.1466378640431
-1.102563587916818  735.071920373001  63.508264524299776
-1.561905450231999  728.5614798881617  64.6755679005759
-1.8152775434224777  721.9975107874451  65.23128523151343
0.42602786823046124  715.1010171603594  61.226503640495054
5.464605422267947  708.048594758601  56.589778645115906
8.730066588615887  700.7946903709459  53.47782749275
8.913375110682477  693.8030491206891  55.05389411380629
5.618792680796787  686.7672077747551  57.68907239046008
4.242576833824195  679.7028198981689  58.59276016032841
3.533990704523412  672.476195240395  59.29903441280758
3.028138239805345  665.2942828006193  59.79454497751904
2.064471446204027  658.2205818543284  60.799097788115176
0.9309591131442208  651.1738859460334  61.764667309903786
0.17958141718764986  644.1544082174431  62.63325933108425
-0.5548067598919182  637.1367317573524  63.674146727428734
-1.3475153179438344  630.1638113219722  64.76490076675637
-2.1309271376624817  623.2554898871413  65.90360399041104
-0.8057607106457954  616.3955158912428  65.21763476569802
1.8842752488804528  609.4705821343939  63.3910613226723
5.525956321592053  602.5533663740127  60.75665688412081
5.873280316152549  595.6587457010953  60.906200184957314
6.435175950102097  588.9537249984858  60.87260612785744
5.11945567591642  582.2535918874038  62.40204502785075
3.745881239861697  575.6731138869239  63.95371177936983
0.7715693715468521  569.1762928559903  66.90092769583202
-1.5616684308025481  562.9442711662373  69.24441385198342
-2.717235774171935  556.8989993493801  70.66219306036169
-4.2389497397061895  551.0834961432419  72.31449017692472
-5.791499166659015  545.4601716752217  74.15561957055897
-5.511492342474104  540.101603898759  74.40197616945761
-5.705366619226724  535.059417779105  75.10318066616081
-4.204292799029746  530.2073861057135  74.31627511168298
-5.440393130261972  525.6600969502551  75.81515591497313
-4.342779530643946  521.1998470511318  75.34382753066669
-5.505785064423312  517.2242939731206  76.6888645998989
-4.370117273807587  513.6397802324158  76.08966994081344
-5.539361415200507  510.59740053907956  77.3515038686997
-4.53247227200701  508.04523984325033  76.84256884760414
-5.729703554617718  505.93987020487475  78.10735740632168
-4.705314815060728  504.3348230990926  77.54570461184791
-5.955288662613549  503.3400017398392  78.76380009887619
-4.991199400575866  502.84520442826704  78.16211286140137
-6.357404368428572  503.1545674144155  79.44792035687274
-5.46587299032166  503.82704586081115  78.92403373122316
-6.92033722470485  505.3326178178032  80.38858298968175
-8.713892450150478  507.160067157642  82.1921258399658
-11.849675260712651  509.6611253348674  85.13424308412941
-14.440831536789776  512.5675404481924  87.56530700023411
-16.020244932834927  516.0786120774145  89.24411283065427
-18.045092675649087  520.06342035449  91.29755896808317
-20.072923357017117  524.4013456715758  93.57376846538334
-22.003048470375447  529.1525804858175  95.74423629356055
-23.871156371583297  534.2199373796863  98.02577294473943
-25.501168225932485  539.641011996123  100.12429368780259
-27.30483738756968  545.2996119859615  102.49686629494613
-28.834820476559752  551.2521484398953  104.641779710804
-30.235089491502585  557.4700487859354  106.7851686164816
-31.35302211914348  564.0437823234502  108.58514765684673
-32.413537212588494  570.9105879414207  110.41333199586013
-33.4163539609205  578.0847474345828  112.04299928436733
-34.276553532589354  585.4446893656606  113.77817840804497
-34.997030789593055  593.0107819813811  115.37964074520009
-35.54857845185436  600.7685736308118  116.6994997612899
-35.794595493443225  608.909035044232  117.7443687743453
-35.81957777855007  617.2359784320836  118.46812337165593
-35.66266325575376  625.8347448067711  119.324582632567
-35.6118225961493  634.42272673691  120.06371128563225
-35.582270321968835  643.279332331351  120.79175760318628
-35.38240680573315  652.2196396689185  121.23308358342334
-35.05325259476938  661.4273152470042  121.5020323095581
-34.493551946796806  670.6834948488694  121.51824592679586
-33.87499678317719  680.0638386041317  121.04361633857448
-32.96838105655567  689.4113525875343  120.18835447019225
-31.909934898379024  698.8074301195575  118.73524157856801
-30.654662159959756  708.1252164258871  117.17897382796109
-29.349123355608555  717.3235415732474  115.40400401776145
-28.099049781710022  726.2493974137948  113.78048627913216
-26.873841406526626  734.9000672650026  112.15333252170187
-25.819262700272997  743.3117940996863  110.43107477814057
-24.578347425509744  751.4954770972023  108.59881267808714
-23.46833183370349  759.4229596811167  106.60706878435289
-22.16898789346536  766.9824494446003  104.54079813017684
-21.004656407434776  774.1269184484511  102.51524711155741
-19.582739532548295  780.8609373463821  100.49522143528937
-18.220064136582707  787.2331802522192  98.53326476743295
-16.688102975466826  793.2912306465962  96.45287627860118
-15.253267493187243  799.0054770172811  94.36277096538223
-13.635994318152479  804.3758179638663  92.1560675697829
-12.016686681992192  809.3500554032931  90.08749387706108
-10.21352841317268  813.9741451604069  88.11996980728253
-8.432195072746428  818.1621532739305  86.36222543726373
-6.617967084906379  822.0404811023471  84.65918283209656
-5.00092219637127  825.4967066129805  83.04697619043586
-3.3590366811486185  828.6690926941197  81.56615226801748
-1.7844921810431718  831.3886848554732  80.17341456688703
-0.1401367770269839  833.7121523173564  79.02717766183758
1.3455395099379468  835.6132521977846  78.11741418990931
2.786421959293488  837.1721235847142  77.4329856096359
4.031281978751583  838.445538206181  76.8960505370359
5.235295561239108  839.4300563951887  76.5086228206632
6.238382779024393  840.1245528376531  76.25362260238524
7.156290223530815  840.5300654026902  76.0514094699537
7.902652187729924  840.6332795533034  75.93241137995923
8.567505966284477  840.512161549377  75.93748085124966
9.12688646472609  840.2063769672766  76.14712464052637
9.567408452661962  839.7983670387875  76.37768986800927
9.91251791186666  839.2923688139293  76.81091577621228
10.093658872908637  838.7801692403341  77.23756031449462
