24.07580067436219  809.0038145221653  28.77080269582066
23.640435198531314  808.8790609110478  29.14946330909225
23.130428538841933  808.6841273757443  29.56529788481937
22.635273221491353  808.4363453680432  30.007708235991913
22.080640055134754  808.1158124395893  30.443733412542556
21.564478461045194  807.7390700770738  30.864519442283346
20.975408184380566  807.3246520214373  31.24983528559118
20.408782307611723  806.8324759102359  31.627501782653546
19.73373902870795  806.2482944770474  32.08670851988281
19.082114754610025  805.528225615673  32.55471105536918
18.38623784204443  804.7066147626834  33.04471951072251
17.789917764669337  803.7924703483845  33.4665970192774
17.218437712205432  802.7701601392531  33.80673098598818
16.727322137779645  801.6441706678802  34.03424963640501
16.183594401413607  800.3489989417343  34.338386650970286
15.616979357264057  798.911470607492  34.835543600420415
15.04286079666651  797.239140088093  35.490426611632664
14.465614300666157  795.3066925555567  36.14013843567707
13.875961374223747  792.9960216075946  36.76235311688818
13.322084403779261  790.3009404750588  37.33685355194857
12.868994404074966  787.2430331667244  37.825724414570864
12.53698315992633  783.8017659866284  38.27160951633967
12.185090392833809  779.9656567239455  38.700048629428046
11.811221904354763  775.652689744994  39.27622240364692
11.31772159562114  770.9366107621689  40.03418856449176
10.690034932101375  765.8551070480576  41.151752941059655
9.804233748104677  760.4901787832243  42.63419150687076
8.80753857162697  754.8912553827987  44.49971050568714
7.703957593976116  749.0927802151555  46.62157949021953
6.706254767678785  743.1480290239257  48.8490853760411
5.615779964185991  737.0670188066453  51.07686122748478
4.573489468196567  730.8928577764686  50.766165388287924
3.472157033208055  724.3521926506241  51.43466181096506
2.4478932909056894  717.9207098091024  50.0682774428748
1.413638378021886  711.0749135083457  52.31377367133172
0.3716010168147741  704.5819365688983  54.776801270743036
-0.7851224766066284  697.7108512891799  59.108877057400306
-2.090887969707028  690.9836504782688  62.44277390666437
-3.5779098450714137  683.9738702067244  64.63975166862679
-5.190871612068552  676.9084902564272  67.27787969684577
-4.570803860829857  669.7354248499373  68.26997045003503
-2.5386144705354354  662.4944858850672  68.11861472244654
0.6002177802234636  655.2708027095531  66.8825378680773
2.347467873964775  648.1600967384636  66.57323945700392
1.319629776344299  641.1124500549311  66.60471355555107
-2.2881900501040944  633.9727450297441  70.60152685038923
-7.014903948763374  626.8536350522199  75.5171728066835
-10.635654821041866  619.809803698114  81.49270506721312
-10.990186586262531  613.2458288216842  82.97134971710511
-12.417959113822196  607.0692578320866  85.40509099961776
-12.252316522608632  600.8077713042312  86.7172906801261
-12.890309977867012  594.956512088542  88.74744178384321
-11.513039242102625  589.1841842180821  89.08175321848817
-10.844226800034047  583.9503442830782  89.83181376864755
-10.676937766904903  578.4538337157526  90.95809490009034
-10.561296367911332  573.0000307012108  92.06468507514943
-10.596981795759715  567.5239881258332  93.29470234327735
-10.541246996589077  562.0465476304946  94.35840116320661
-10.676098090899885  556.5090305570461  95.52632465629641
-10.846339502258113  550.9109163412921  96.56825101725252
-20.707450969177266  538.6680641694845  113.2013330318978
-26.92285404433551  528.8802496030189  124.03743277649134
-29.017919325407487  520.217060412667  132.26462720564308
-21.674295866509784  518.6326010729385  123.92064452344766
-18.211418088461024  514.8036356686752  121.13459778809154
-19.101700099236382  510.09724745959807  121.24033527507143
-18.885511240493773  505.6837313083622  120.74288399296813
-17.902290890013557  501.7658094902801  119.89757711377773
-16.504675460589315  498.14586562498175  118.26554546166957
-15.846930566099257  494.5224611939872  117.81984557894731
-15.491274000804035  491.0140393846512  117.42841405280426
-14.937883550999992  488.0849883752829  117.01315515002088
-14.274122433563269  485.65964550864794  116.58604685715247
-13.668440751506983  483.7496000109439  116.2573493250743
-13.248118287871693  482.27944180918917  116.1039966829999
-12.961414253093245  481.4147518860894  116.06005775850647
-12.754166159629397  481.1653909487692  116.16241322171925
-12.661022735708073  481.61445377045493  116.35945798068155
-12.596835898476176  482.5133173031809  116.5798031211227
-12.537578729347324  484.1022319647104  116.78407234562873
-12.373821753281778  486.16233073415066  116.86671305345735
-12.214082300180344  488.90792809015824  117.0086355903262
-12.097799747436712  492.0518452328319  117.10795557390206
-11.949242713746543  495.733281665629  117.22913652305462
-11.792772110577213  499.765677210935  117.15765632329612
-11.574912430691885  504.3079078667131  116.83107463300453
-11.430836839098617  509.27313000828343  116.39653233044793
-11.294603627166527  514.7388802480491  115.78729442296316
-11.071781597484318  520.6451596249512  115.17494927909581
-10.73901445062732  527.0640818698665  114.40992587360094
-10.329794368133582  533.8443199522329  113.63230956738906
-9.898366235313794  541.0841339629229  112.70751393418712
-9.530090409840692  548.6091969572528  111.85697413465451
-11.440385570174962  556.5411490459034  112.82325909861592
-14.702508285511293  564.2632977235223  115.00232907605593
-18.87023281174679  572.2817622052293  117.86965135136282
-21.539890265635943  580.5501799868538  119.53439251185955
-23.63296646864496  589.5203732398452  120.8043335840686
-25.549006325604864  598.6018702751693  121.87128164024536
-27.252733584096106  607.8419979288275  122.74974852044903
-23.699893578450453  617.5499854544906  119.21565095099815
-19.139457402804037  627.4612508606482  114.71339090095258
-13.632733919950054  637.4489597198726  109.55557319958922
-12.06774585136319  647.156008029876  107.5238456515293
-10.13990979208298  656.8874002492144  105.26210740293979
-7.57622931808134  666.5618880392628  102.20985726325112
-5.028825660535201  676.0389633623593  99.12143930228275
-2.410287942751596  685.2663149250731  96.00577910244903
-0.33519532060178814  694.2888218257232  93.5526935903065
-1.0797903792566133  703.2272110502041  93.61006395765364
-3.7104782651533172  711.8726374003278  95.28923758949287
-7.617978914787315  720.4287310704609  97.96398091152308
-9.84757596219383  728.8214895339737  99.28474025330314
-11.481452784936607  737.2268988600862  100.17356246747241
-12.90388787813471  745.4425084893816  101.08213654586814
-14.10761029986947  753.5007581692787  101.57364085376994
-14.887686921396492  761.4445607653976  101.56592012899209
-15.024095480816388  769.2086894772648  100.86296128117571
-14.741789170644209  776.736776970176  99.70750015965979
-14.111408718857659  783.9340117339373  98.16917237118321
-13.350755323948029  790.7758621395068  96.17386809934757
-12.294452951957847  797.2507501357853  93.8896340050448
-11.111527830778018  803.3476613070839  91.3126582395514
-9.62677544952322  809.0300327858113  88.36608910934834
-7.993706734383097  814.2071147627656  85.4424477280594
-6.015318861323777  818.9073151413692  82.03721714766893
-3.960283228495746  823.073684266602  78.71893577870911
-1.7402532630629826  826.6955947829539  75.06051850041715
0.3798413079013969  829.7466520924377  71.83582853302536
2.5455899025794744  832.3146045057659  68.582492210985
4.659253232199796  834.400084473641  65.71756777135069
6.821107243890243  836.062740015175  62.79023659931091
8.89655230293849  837.3083094837467  60.08965170188613
10.927606748688675  838.2932863213459  57.04303460206976
12.822356178787086  838.9922030999594  54.16913411070031
14.707153213313035  839.4552779242335  51.11761184816473
16.479168210952192  839.6597521055577  48.61513735776647
18.117299581834935  839.7098661168554  46.29725557757343
19.538037991696992  839.5932481959941  44.37766731203433
20.69799627207303  839.3659059303251  42.88459577577991
21.734817221233776  838.9822062841208  41.93683660891486
22.603955065973867  838.5732848291067  41.452502204008624
23.404540219726574  838.2153451695502  41.0937721847889
24.054150572900532  837.9672300511371  40.85327301069083
24.635925407269724  837.78825278303  40.71369934802289
25.114009430028688  837.6777898896182  40.673770732053256
25.595479271557736  837.6100378403052  40.502962341195555
26.02394520497056  837.6229944667051  40.39377978021893
26.439073025391686  837.6193631288494  40.09446381558518
26.830009430585896  837.6134735135636  39.914032334165725
27.23554392031682  837.5487136048803  39.61944129141795
27.642641981602836  837.4632290692881  39.52334002833072
28.012622945358476  837.3247717229109  39.36906282271872
28.297128912906963  837.1793938799365  39.471849119779236
28.514963398846373  836.9788602238224  39.60244024117752
