19.792286800304918  833.5707351310996  35.38905130551335
19.555663093128278  833.6737090942197  34.35738112140041
19.331356020933978  833.5300577627617  33.25966835061099
19.153284506659844  833.021935873697  32.06613910380457
19.02156206279892  832.2213279478465  30.701858628394397
19.000002810478243  831.0023644762031  29.240089813715468
19.14817981174991  829.4508743943411  27.886154627240728
19.518306901577613  827.5621575568563  26.52735381547077
20.110452011658065  825.398932531118  25.039394498578243
20.752977949782846  822.9058321132956  23.403181422924952
21.368583685655835  819.9610076339767  21.962669897241273
21.85394379505303  816.4905255286984  20.802436470181995
22.285700542965923  812.4822569204931  19.904165450549655
22.720490998139464  807.8924318409478  19.168040029934517
23.189765871449637  802.7270567546765  18.583996658854048
23.819150611657985  797.0024973348491  18.18957731334519
21.725385852408255  790.8071585474581  15.140897615358174
20.651415172077662  783.6884626748031  13.176468071005198
20.603800750716626  776.4519258940918  12.399074648562143
23.171643844788772  768.6787251507349  12.259442725890597
24.540713903956163  760.1742462002421  12.213217234270164
27.005464002993435  751.5316148084163  9.422794255635786
31.197957365566584  741.973146841036  8.193235351295488
36.6562313116277  732.8755198618151  5.375564019144273
38.24035446767908  722.8736816077806  5.904678444373288
36.38168595179037  713.8318261649111  9.246534518558626
33.550980660894645  704.677273660495  13.746989858782182
32.1626387196948  695.5218935170047  17.152566524019235
32.21691513896082  685.8796743515007  19.230817920609702
31.355288117377462  676.1986561627116  22.331625908292878
29.974849823589757  666.5724654820779  25.824206841282823
28.305792807564682  656.8235453967237  30.02304588162335
26.90896682589844  647.1373668637523  33.5436928844785
25.5925440891739  637.5303010320957  37.2039836795359
24.21678895795053  628.1288543671702  40.83229439940168
22.587370313022163  618.8780291427275  44.986989210790284
20.76792287420121  609.7331621003087  49.55506450697872
18.76818850753078  600.7550016882568  54.18069683514814
16.657010217734822  591.9681435413199  58.959906078981845
16.49430173380494  583.383011354973  62.20097700391259
15.53452195578674  575.0785059784482  66.30524389197645
16.212441536132314  566.9279030829133  69.16218713337472
13.9655330563737  559.1386082057389  74.57779628979924
14.191985593729065  551.3958465204241  77.85000251069312
4.696005375103344  544.2491593928122  88.94577333418827
0.37268400995314543  537.315952897542  95.57810226023837
-5.147931643432304  530.8351587624288  103.17882112365392
-2.4669093709560053  524.0937532223682  103.96094269665755
-3.9438245894112822  517.6914338494469  107.93238215962423
-6.014623944823356  511.7392822655748  112.2258276967953
-7.331125264111068  506.6996851246701  115.70819699212116
-8.348299625517534  502.34102040306107  118.77933383360651
-8.829187849352406  498.7596749831401  120.9806416723506
-9.655533284151957  495.8740777032366  123.17931341931221
-10.361409683494541  493.8425894349603  124.97952982677323
-10.864299307078438  492.7653059561335  126.38739884302046
-11.293047390574358  492.72070856006644  127.52705219938288
-11.694305275268963  493.6286070796921  128.39680449510493
-12.086954035539783  495.4471360917611  129.1295123479492
-12.443229676338259  498.2843808903266  129.70072471402884
-12.755666823881224  502.0431923222474  130.1596240749358
-13.082101025200323  506.65946561801167  130.55263972892521
-13.570983979528568  511.87806025025486  130.912713170118
-14.08015444256102  517.6665168965752  131.27356425449463
-14.552098868438673  524.062639497177  131.5368019928128
-14.933767829951226  531.1044968230332  131.76758977766082
-15.305691861959975  538.6841973856315  131.91063080300142
-15.726028841554932  546.583338856584  132.05608984351096
-16.11111538680823  553.3686736823751  135.81104825581008
-16.38245409858913  560.9405557806001  138.079745670037
-16.605790377357934  569.351245316028  139.63108208672128
-16.771325695783776  579.1902138776524  136.71960417222883
-16.98405992501175  588.4787784391549  135.30818111681975
-17.099510685443853  597.2341958869763  134.4800576627021
-17.15081009777331  606.3480861625516  133.84753383856363
-17.146470847671328  615.7049524602954  132.83203235962947
-17.0291334064605  625.0419033533287  131.63581364374298
-16.86955312029509  634.2298270377884  130.78240232768223
-16.55832226970551  643.4274706126175  129.96431122904005
-16.30914496773822  652.6005174533227  129.07639292483228
-16.048199326483832  660.2823776146691  132.5047065606159
-15.782832886335392  666.9357713839659  138.62941896073917
-15.401920321319755  672.5992298877954  146.73828056286368
-14.842198721447838  679.1851989940462  152.1129833110114
-14.33679702791563  685.937874416725  156.4528325556328
-13.757217285437807  692.7819065371502  160.57627012667035
-13.174568655307052  699.2406601524602  164.1241756310209
-12.236737501428511  705.6889337485222  166.8992206054311
-11.078644398942103  712.169640481113  168.58071955606457
-9.765988358628888  718.5980081669964  169.69168980935243
-8.521499649968046  724.6210373857803  170.4853594660674
-7.363821833034326  730.355422491859  171.05799563349206
-6.082197605250234  735.7370052842838  171.57202313380094
-4.77495636822795  740.8731892262541  171.78621094984715
-3.48040097688868  745.7292453193967  171.79977237407
-2.4126106791711543  750.3144999634468  171.49125769465968
-1.463872182821543  757.037295285655  161.26737497323373
-0.5108957265449448  763.8316793848796  149.75054239070144
0.5728503832932161  770.818013647454  136.728776047814
1.7642954772333617  775.590166700104  131.77945918505986
2.943361158998617  780.3345068726924  125.75040503643359
4.076671388769838  784.936370236348  119.22436595415532
5.2322332102187605  789.3013671051848  112.78089107677052
6.477653952314224  793.1741780702229  107.45121466252915
7.74448314844185  796.543748623069  102.75910698936855
8.992279107342911  799.4159213634396  98.67687546490714
10.204078850885947  801.889860674783  94.86219614346633
11.459868533650463  803.8826094795872  91.64401366713021
12.756820449079425  805.5373647763876  88.72442711592518
14.025296261175075  806.8331006146582  86.04787804759968
15.372706650266728  807.9417321136069  83.52101005487856
16.642670093132207  808.8076209573779  81.14452250362498
17.864993998412988  809.5281284927023  79.07464892364482
18.8316628065083  810.0646933693416  77.31919395570915
19.665376851186913  810.5028844434609  75.91174418568212
20.342163174938392  810.7851949220612  74.63472151544245
20.93532461552235  810.9225277731181  73.65114404176295
21.41878893082112  810.8090036250856  72.94728610903019
21.825950797372133  810.5232005166334  72.47135856970336
22.067264296230114  810.048876410045  72.48308180270263
22.19828647686051  809.634256655868  72.5745852548302
