8.654371658773005  812.3924292039019  -7.313970292196605
8.34626398150008  812.2947404688757  -7.381150866213654
8.046056266296656  812.1336787304391  -7.171689055614982
7.772721843081785  811.9168703879792  -6.754714664558225
7.569362686504719  811.6487019268384  -6.10604608977831
7.395227195144531  811.3015525897544  -5.297322758545222
7.188772043440971  810.8024055129858  -4.292082941838799
6.942277504308583  810.1275761434996  -3.0195495762919418
6.607598909060074  809.2663008201321  -1.5946288788765624
6.302635917307359  808.2056421241513  0.2144478443336455
5.938181071157689  806.9369721488154  2.20886046109764
5.563943055659334  805.402999593698  4.515307113552998
5.1659295571866295  803.6282863537871  6.822332120476972
4.830348563796386  801.651850130073  9.227251082573087
4.585722583138425  799.5276437938155  11.510858577754293
4.3769800413673075  797.2321440025236  13.857742419431874
4.22752303764351  794.738515484237  16.011283914223654
4.153221472891532  792.0048799705545  18.152841014307484
4.119446712354645  788.9951541726505  20.195372126036297
4.148687605924428  785.6845921779727  22.216476006469197
4.204068358772678  782.0259482259924  24.079745685058562
4.236342523448348  777.9525237539259  25.968928593261897
4.1985038341739545  773.4202872876369  27.994642928141676
4.007650754334256  768.4419257022723  30.257403167370953
3.676736634581708  763.0659221434752  32.60564329753778
3.2471126381638684  757.3410633891629  32.40635545892136
2.7425545480877673  750.9832527845592  33.29246918065421
2.214461426167694  744.7893814133884  32.163803629078245
1.5142643126669117  738.1147681791074  34.94267277919532
0.6627437574584936  731.9513109887116  38.14764523067337
-0.30780722718190834  725.2973220943661  43.30199984731531
-1.2828561478501301  718.8904919325166  47.36803383336455
-2.234861984842367  712.1615593260112  50.04328816495335
-3.1512934112186253  705.3898940650893  53.04163248193774
-4.022181626704317  698.632859800837  55.91066744478053
-4.812841174724668  691.8672034023525  58.406508346543944
-5.538774543167513  685.1600260658507  60.31994815894751
-6.157120467582186  678.4226178325176  61.709414949645385
-6.6861245279246635  671.667300145831  62.80967517273189
-7.112427292512918  664.8522009059235  63.636771759081164
-7.384847625738994  658.0547935440594  63.95197979836873
-3.072372432115784  651.1040173117727  60.084909979846834
1.9061807067656815  644.144316217513  55.382075207459245
7.536122353559165  637.1501785156375  50.26909398968598
9.544389463744643  630.3238883118632  48.46268759180524
9.715269308276838  623.6589992376057  48.38205832089575
7.792683175028818  617.363849949299  50.112761886211636
4.917295750921894  611.2682790289898  52.726048374507236
3.0749815064414205  605.3330618804243  54.81109127038824
2.313451025551702  599.4435473010227  56.091005930476015
1.2041833457775841  593.8488046746677  57.74837447280986
0.007025100465176903  588.5157928543005  59.44764524179912
-1.037582783855278  583.3766482174256  61.238536911247564
-1.9351263507024243  578.36708186598  63.07795797834011
-0.799753207845405  573.4940968641745  63.19338506683408
1.4799058879799567  568.7065780595685  62.317847458878845
4.698827393255254  564.0003372326812  60.62231220713747
6.6865707736040125  559.3107052799787  60.01485589030476
8.217282140161423  554.6533874127979  59.7081052939369
9.630903037456905  549.9997131061502  59.43390972401151
10.970288111088443  545.3165526363971  59.028995813971186
12.08370928546138  540.5979619585007  58.815652737263974
12.969674345229334  535.779040049228  58.69249636798292
11.865654703303592  530.9296943953842  58.67825685738019
8.650235330336988  526.0204952682076  60.22002414265435
4.906276207767311  521.1777305384647  62.771338239906584
2.421100046512326  516.4466902762231  66.0512116681485
1.3281380166436947  511.9348688159385  68.27604184700907
-0.01934377442951063  507.66379741177724  70.01460956313734
-1.4608080528961487  503.7195727888264  71.61603802635699
-2.6586696476752905  500.2327949789037  73.12163257431982
-3.574665903043116  497.24681553395857  74.52928858487148
-4.274515677987546  494.8141749411755  74.15362507446184
-4.935154655441451  492.8261632068302  74.35126954039343
-5.506619679630445  491.3423339312117  73.16853688130044
-6.030656195472232  490.45726032400995  74.30248228504338
-6.535104576446849  490.1805184921483  74.98225377232133
-7.064158410622316  490.608368861922  77.24945332700256
-7.611111064701662  491.5853056020152  78.82427568669515
-8.113702490859188  493.28474840141337  80.14048774404536
-8.620219092262781  495.5847002101886  81.24058660188848
-9.0642132043616  498.6281051959609  82.23873089149411
-9.509716782850944  502.29979103393754  83.1867092813907
-10.007444079379521  506.66044380543946  83.97754627568922
-10.567618206214254  511.6089610808675  84.77268884931348
-11.152738295633638  517.1738501657992  85.41715211247201
-9.480854133554994  523.3859939102506  85.91911530129495
-5.3167504997041695  530.2478549995368  82.43615835252005
-0.5051403393108216  537.7412629952366  78.20664761141121
0.6420985656977649  545.7803778939613  75.36868590337646
-2.3252743378132323  554.2361549955981  77.83848803513433
-5.653483843085681  561.9452493493229  80.83911752546713
-7.447298806777018  568.6772187792069  82.37682342848865
-7.807177345161124  577.6700392516657  82.67648281298472
-8.794221970892412  588.0226550337194  83.58577846318141
-9.979232662966183  599.7469896761891  85.13232753315704
-10.951515891110303  609.578531511263  86.69913997040987
-11.557890365863381  619.5515542815056  88.02197652602771
-12.046008920124175  628.5602274692928  89.2524731632201
-12.520714429494555  636.8096291214962  99.0324757069995
-12.996693643069824  644.0557383824682  105.57038223747676
-13.359445718707779  651.9247882207532  114.75064688801675
-13.621408197157464  660.1361421844394  112.80227728396761
-13.674664801069225  668.7100844223062  117.66522526933511
-13.604215848687357  677.2248665414329  117.44895072791199
-13.275083526086457  688.1364212189249  116.17353307427602
-12.967121011463536  698.1429753234821  115.65820716325095
-12.483754048058005  708.8505862113233  114.57587668984269
-12.012872529420571  716.4076542146837  120.23588599057709
-11.190385370464492  724.1066379387308  122.81126701823233
-10.274791810686633  731.0603968633932  129.02305764827238
-9.080784221261654  738.1610688189517  132.80640501689692
-7.809138322486418  745.6498930058854  130.4872256470402
-6.24813735678997  754.6503688552057  122.11931692293987
-4.5716132102111455  763.7025581852708  111.55089586761022
-2.6977852401794777  771.4677169660883  109.20075701284495
-0.865349793866083  777.2885788539253  108.0692809959165
1.084498884558363  783.189592608297  103.82791174329397
2.9778576604389606  789.7036113085984  94.4543656303257
4.998121037592577  795.2332572402725  87.30970515624892
6.916711568568043  799.5888946221477  83.36828006732875
8.949723669661482  803.367510579155  79.26903794913925
10.883995352602428  806.7475801698088  75.16577881829208
12.960379911107935  809.7150364274977  70.86128095266685
14.905867692441557  812.2051833173601  67.26614536795948
16.904619774297682  814.300020951996  63.8008478944233
18.753058300013887  816.074778930727  60.53677012281011
20.61144012880794  817.5545124746736  57.026514144518984
22.306953225833624  818.7445915127818  53.87585731029734
23.863599265174336  819.7012483984422  50.71679560500115
25.230034461765932  820.4446065335775  47.992885634631364
26.504586922699463  820.9587547312752  45.56937785215737
27.70030987553516  821.2341642063437  43.62325756832577
28.76450484387606  821.3144831728025  41.96345799630162
29.70818317113137  821.3092071303051  40.70183308205217
30.470881159376003  821.351383221788  39.72700901668354
31.137663246577258  821.4544178078141  38.97161131444006
31.64602278706198  821.7137381923816  38.2309542472254
32.139868776002835  822.0958536906363  37.51673633208785
32.53934958001868  822.6394000053656  36.845302999061126
32.9651767873796  823.2463491147481  36.20795548868725
33.32946194400505  823.8617073513682  35.42210004768771
33.68867146868352  824.4496685443124  34.599431139343665
34.07923864763621  824.9890098383039  33.50008200085845
34.48188355346538  825.5047793567624  32.45941145945477
35.00484280014622  826.0090142756869  31.12300001700398
35.50652980174205  826.5084974208041  29.80411433304357
36.00550703395918  826.9585149294837  28.431339243713055
36.39082710461863  827.3377238526301  27.20126025675923
36.67378222424143  827.6447756044209  26.133796913746828
36.874255808088435  827.8782563853782  25.18727947053333
37.00464680908122  828.0562960240896  24.4015794022245
37.040022372498605  828.1735833495004  23.670313160872116
37.042819289816045  828.2827169020023  22.990753025516998
36.93809581296571  828.377853533174  22.363739621611717
36.85956626155625  828.4671507742681  21.78525183509483
36.74349381823973  828.5353375728794  21.262505255665015
36.65758594438454  828.582042766478  20.745848487345082
36.56876826587028  828.5965376936003  20.219501028154205
36.48409563787706  828.5604652925501  19.663789528483854
36.38168249099098  828.4760292624719  19.10499201684287
36.24044014467033  828.3283765734975  18.58764391456138
36.047233435474155  828.1437939485747  18.121957496923425
35.827639996860356  827.9160503463369  17.73863362312072
35.59940333823411  827.696289427929  17.398192072491533
35.373899300778746  827.4688299448512  17.114898015492493
35.161062652002215  827.2717425301486  16.836737827823693
34.9466523404187  827.0963945247299  16.597272848231484
34.745381578536765  826.9497664717493  16.375300157769992
34.554815526246315  826.811605987426  16.24670616991365
34.34330892474785  826.6693518073631  16.179702150841415
34.09948825274398  826.5133951651771  16.20493665213503
33.8064495778367  826.3599267445557  16.393615997361447
