28.571323174557747  818.4242429431854  -13.501532173022152
28.759677060921398  817.0734332870577  -14.040266851746805
28.912291453404954  815.4174323847718  -14.39364721489358
29.01134046566939  813.4322034458634  -14.530574656228303
29.123800419868857  811.0682094713997  -14.360024301867352
29.249329384302793  808.2962526915347  -13.912536899719775
29.41589578552092  805.0552664100784  -13.186505115556976
29.47941468859586  801.336808050456  -12.088138398533248
29.431472592994723  797.1184175086665  -10.447374121488208
29.187742858910394  792.3871942665169  -8.263198804645697
28.832920663790585  787.1348923659066  -5.723444992492988
28.47961332372656  781.431084825203  -3.234619179089639
28.19852864100227  775.3557621270935  -0.6511385620312222
28.04974132255307  768.9440688866732  1.692229292531531
27.93559366374786  762.1673003089242  4.266474719283998
27.885563764352547  755.077401064225  6.44672765977521
27.80157852692279  747.6932146515148  8.778591741308736
27.67920417732232  740.0715808798038  10.69477935635853
27.319135494362325  732.1125707238925  13.156625346157249
26.84452445333848  723.9290459535449  15.309893602860466
26.21687330203731  715.4622391591226  17.779492213307524
25.735953869247904  706.8396189209848  19.677955282499063
25.330064849538545  698.0440944546685  21.667595725147855
25.033233683565573  689.2067961515268  23.420691521246518
24.54153783221598  680.319049329981  25.404593543132684
23.807984192075665  671.4073372520354  27.616393535666706
22.87106055333046  662.5615495136495  29.992194950961597
21.966262638840778  653.9025158377326  32.371677409519414
21.123608612503556  645.4738685106156  34.62496137006586
20.277765478620807  637.1703650555019  36.80133635116828
19.304926434421407  628.9325295211919  38.90720670217273
18.242456714714628  620.7583285548365  40.884007097985986
17.04101360988765  612.6607759349848  42.81102111636404
15.801820106268504  604.6298959471413  44.52890657971961
14.543912417989123  596.6233993767071  46.03798535592633
13.352110535410162  588.6741536668576  47.27190023152109
12.119233173033757  580.7724441850659  48.537679422689635
10.82067660532365  572.9067336388446  49.81487283827759
11.38661972975315  565.041178351827  49.420494303516776
13.17061924518873  556.9423761524129  47.840340268991426
15.850703129838681  548.865960749376  45.02524963312457
17.345484969767245  540.8690366346907  43.330085808324995
18.338994702171433  533.2229356908939  42.04900285652942
19.240710433027406  525.7325734474001  41.3198953588109
19.922333505311684  518.6257603343466  40.63363174072266
20.331602717514556  511.7236833570884  40.14378942468907
20.319023915974043  505.3001361830525  39.90558814863463
20.20801940924989  499.24757362659767  39.86319219117334
19.969793122634698  494.06260336856076  40.019171483003824
19.603355958835607  489.60913835870576  40.36546474852794
19.0902612655261  485.8857137367507  40.775819499503605
18.525372959027543  482.6848675342085  41.20383638385542
17.83973533940923  480.2356652031028  41.68218866325802
17.060513580679146  478.609573525166  42.408881347268604
16.129307387934702  477.98246979474175  43.3240863303017
15.251732566572091  478.1600612242462  44.373392778023415
14.21578935420284  479.1527171601832  45.51918443783839
13.069258028599751  480.82774836343003  46.95829669458627
11.766623489748566  483.244133758471  48.59597394850229
10.543755978382244  486.3547537876341  50.2926630236565
9.315357052188187  490.1395142867456  52.015622610325856
8.021664636640198  494.506708419558  53.85541133936367
6.5730452969448665  499.4525073269798  55.96822595205432
5.128240830488008  505.02265219742355  58.051495859237825
3.6916354743304387  511.1476670022926  60.30369109807977
2.2540456613239623  517.794781154125  62.43648960738268
0.9081427999659342  524.9671895125473  64.35724610701479
-0.27029564836834874  532.7150996491711  65.81122420297116
-1.1892504384075004  540.954261189445  66.60266648433577
-4.182501807956939  549.4966873134476  68.91476468747302
-8.434481698711611  558.0120648523421  71.98002513614719
-13.528429233950433  566.7654128146191  75.71749957724276
-17.35592933975248  575.7825407273781  75.67263001102123
-22.743664101956746  584.837795862154  72.36743073702749
-29.311154210291022  594.0536626962427  67.83396626861395
-36.28963716683278  603.4102596190919  64.46292021625658
-41.465880428472936  613.2933339649356  62.231514601270256
-45.644385616850755  623.1785866087253  59.41931147927369
-49.42904579601928  633.0187673438937  56.44558916280524
-52.82946405465209  642.9542887791112  56.24595271602745
-55.56080055863474  653.4894295394697  55.23237539695415
-57.57468643182873  663.777575779517  56.31632260704134
-53.1800284322482  674.4615435063396  56.03547376401273
-47.56888690917288  684.7150506185413  55.48680850273011
-40.605586423317085  695.1486485278724  54.65337939678322
-37.99582921940021  705.1630809964674  53.59203009515895
-34.76001905199588  714.7747624285921  54.86684061407517
-30.981212254516784  724.1619732597266  55.10863283077472
-27.463326357300353  732.9849269788999  55.02741644458871
-24.206744038316288  741.4870865239449  54.61841867755541
-21.42815474019119  749.5764662734539  54.06772983276912
-18.584377430290065  757.2088644330772  53.392077299970396
-15.809210615076834  764.3047771836378  52.665419385707295
-13.164180160146842  770.8281526741266  51.761666455073865
-10.602938385502652  776.7696058860301  50.60538145638451
-8.021349166400947  782.0623583062908  49.22189305373815
-5.407180469677169  786.6123885603954  47.697387206359274
-2.7430649746005553  790.4064384513101  46.11025469465788
-0.16191539454102033  793.5542586097692  44.624379108276706
