8.271442472398721  832.5531294898915  72.90624414288638
8.415645293098153  832.5434885713032  72.06069977607429
8.620056263885992  832.3048840084983  70.9864044420681
8.840580184978766  831.670883052673  69.94298910859143
9.050679850612127  830.7253069192818  68.6981661413211
9.276005195621721  829.363561505206  67.35936295136767
9.408777129774593  827.5001530071204  65.96001092742783
9.384929609359151  824.8211110615974  64.834723258847
9.249717465043295  821.4107894432348  64.04635186094438
9.134916031301358  817.464040242055  63.0561040799885
8.996601553887515  813.1110569074017  62.22836225982193
8.61873447367074  808.2159438326761  61.59518717337872
7.898284891657758  802.6779801858706  61.723690454122575
6.858272676945084  796.5196263264047  62.165755728532005
5.822987828432807  789.922205936801  62.918463711980465
4.923506028074239  782.8097641486443  63.69939866597946
4.138818474847579  775.1501275537996  64.77987446674915
3.256172224994683  766.8736005189401  66.21353037842046
2.185405291661799  758.1326780605737  67.81401286895769
1.012805981001388  749.0495345273447  69.3228537615109
-0.27942399992753886  739.6465131011628  70.8564212677022
0.8896591840722391  729.9463567202278  70.30210284291756
3.5458983039753216  719.9204603660312  67.4812376399386
5.067437954472901  709.7996178469176  65.80252104762837
2.763944974824289  699.7029853202106  64.39750831996221
-0.8924861821978485  689.4360666693187  66.3057832647686
-3.146998220606637  679.3596608653382  67.9950835144019
-4.100769146191497  669.228311383477  71.56884734833746
-3.418958202462349  659.4021677606577  72.62874168688731
-1.8398555345792549  649.5847864998753  71.72748614179469
0.6379229954953016  639.9568491473334  70.37117243202374
2.0913340645819454  630.6025719570852  70.09212123418064
1.142544311168018  621.3845108435536  71.858411652278
-2.1136538504120423  612.204873276063  74.39715066683304
-6.0477476032807544  603.1226614654888  77.5925735276075
-8.697512510305941  594.1871583361905  79.95613812270912
-8.043253448531097  585.6127344847976  80.32623379498229
-6.529471262670229  577.4403548007617  79.67266847055124
-4.334503896900009  569.5540352954127  78.19246932283541
-3.237267183961004  561.9555305478314  77.9124560298357
-2.4335395221710345  554.4915766831242  77.99340134261422
-1.4885862189666712  547.335228976491  78.22964924510237
-0.7160056629273681  540.4027032879526  78.65662930136736
-0.08941444733451076  533.6789343488515  79.48250440521937
0.11965661667367639  527.0785842305313  80.88268879051736
0.10557670815926146  520.6883909408689  82.66750163560259
-0.07302672554945153  514.5147427230869  84.83621792222614
-0.4130415201222991  508.6654444414113  87.2129515068666
-0.9231902397716654  503.0840620855937  89.929740532554
-19.87406300132631  491.4436155526864  107.44347754847082
-45.08266659732631  476.49999446795584  129.540336143215
-62.145448135512  465.5448824088417  145.26878420666657
-57.46208012425732  465.3420873695611  143.7444643672216
-42.6491189497742  469.1040427355798  136.687314412266
-37.09007453852452  469.8691528168281  136.01546661598
-33.980390918174294  468.07670747484576  136.67469298379365
-32.89299120828029  468.5664841007071  136.5381764560535
-29.52775871737633  470.9252718121902  135.2362636708206
-26.290524916516212  474.16463236751883  134.30603897439545
-24.41451941235896  477.7069185715112  134.23866723997415
-23.026953771588264  481.9789392908466  134.30549241562966
-21.852031628265006  487.30326826784676  134.23621734460917
-20.663547930763098  493.54547878873916  134.09862245567862
-19.635256582436444  500.47962966080775  133.9585298037859
-18.89278991567647  508.027454322469  133.6951036574597
-18.21722060359116  516.1613212913387  133.31804570964536
-17.609367707591524  524.9072190414001  132.53497737139736
-17.107724717507338  534.0702628880944  131.84402237474586
-16.593121815850367  543.4736109005138  131.1596098646293
-16.221159657527107  552.983333555477  130.5191573722347
-15.763985719008437  562.699780959603  129.83865158658156
-15.421229483435596  572.5751134181361  129.12728982119862
-15.052693142916105  582.5955377152279  128.35024137742374
-14.798188414842201  592.6117720686196  127.5262687527585
-14.613045645966181  602.7579297146328  126.54660111377464
-14.456895769521065  613.0570917345274  125.51938158146713
-13.939061713335143  623.490518081393  124.36168533082783
-13.354444335822588  633.8240436643001  123.16314726953148
-12.703222797435895  644.0966194079341  122.02966050604496
-12.301586220260111  654.3662378253484  120.88940947520575
-14.567788979546851  664.7983513391879  121.99602302038463
-18.486173037050072  674.3966712897704  124.49037195024933
-20.801761186889436  683.7103154408177  125.70594840267702
-18.632955355772793  693.0971244128823  123.2529985443202
-14.859794331814909  702.9055500385009  119.27899704910462
-12.582968986384259  711.0927640651449  121.29192987084198
-14.709721487238934  717.0185156558895  129.75930572714915
-15.159079493512543  723.4398024516545  134.32325119926162
-17.752119194340434  731.8827633280091  134.7227284238347
-16.226930630411385  740.6885056923999  130.895744658774
-18.457225445860942  748.4809813991372  131.87123435998268
-20.045348892358028  754.2981335658862  132.49023304612527
-23.87153513752917  760.5514858046358  131.75244896099727
-26.338419127796872  766.0613837237587  130.58154868121423
-27.87377451186174  771.5321612732272  128.95998871338668
-29.401725221261785  776.3215682208307  127.94618172021329
-30.48700655529626  780.6938665735424  126.23848764024211
-31.413248819218232  784.7586081994993  124.5606819645067
-31.83489677942936  788.5461734988572  122.44646108994539
-32.16758273588342  791.9272972207447  120.57468764103677
-32.22967376388613  794.8257079641843  118.46196250699303
-32.27647108171418  797.2194723071034  116.5837851053405
-32.14393539751642  799.2201355237987  114.64711603847779
-32.09574809480369  800.7796451893361  112.9289577977242
-31.96324450922548  801.9904697756458  111.07298613619655
-31.87646285589324  802.8766913450086  109.28841094809151
-31.82342992989413  803.6450892676116  107.48098200322882
-31.749512442166623  804.2300163876752  105.89747911546485
-31.673364025872896  804.7156639956597  104.14163950008823
-31.555995704756544  805.0946038464501  102.53946846288375
-31.277171947947927  805.4402456053007  100.49483000371964
-30.972911756329765  805.7385211378371  98.68533738567317
-30.44913573463422  805.9937157466154  96.42088180847871
-29.999249896192673  806.2233781664828  94.40978839510544
-29.365349379982643  806.4065986878358  91.82265825698258
-28.8000910893859  806.5595949180089  89.33662573124495
-28.247838482065646  806.6126635820975  86.4379714471856
-27.811323697782633  806.47459388763  83.72159695487466
-27.490960005676186  806.1374161552568  80.68493009817415
-27.244580019361624  805.6886959038536  77.55761906105775
-27.022908224284  805.3368393058558  74.07986541156714
-26.77812130364626  805.0871948543368  70.46148287160742
-26.39164790634384  804.9211112633666  66.62338054966014
-25.796307182413987  804.7272884353337  62.61151974900834
-24.973591829506216  804.5271474703434  58.4647272053626
-23.960673305774282  804.2601039161545  54.4233344734007
-22.87005644096057  803.8922807424418  50.604084356129896
-21.676634583124862  803.380153978455  47.21836829169521
-20.35862541772249  802.762071817841  44.16100550944959
-18.883617697136053  802.0158697406545  41.49818747950476
-17.213408805589783  801.1161600244434  39.18637126377252
-15.39585661806672  800.1035545379794  37.035942112568996
-13.46264426520499  799.0971637624217  34.93161308212388
-11.386735837965004  798.2529337354175  32.84066743092747
-9.18897726549532  797.5645914751145  35.657035796112204
-6.753540086540228  797.1430254419221  36.53711777318814
-4.194263259159032  796.283380494107  41.343855930615085
-1.5212305892955702  796.0336415511229  38.98320020474585
1.2345028701931056  795.4918989309605  42.585957368511096
4.072405208712869  796.1648309085283  40.0018706849278
