38.30076997702438  885.5832158810482  90.7034694773468
38.42408508956139  885.5908303448211  90.48005534649441
38.65583620146768  885.614683480042  90.13153959881708
38.965930138712146  885.6873289749407  89.56338950252584
39.37203701122958  885.831946374734  88.88814920949828
39.860672302249405  886.0643756319482  87.9638991418353
40.47082009290253  886.3849581008108  86.68226034989637
41.126824468320166  886.7299115703095  85.20289097532161
41.89400175167673  887.1002775815929  83.23081614738469
42.7031482032973  887.4084211574245  81.11661822799203
43.582530852305766  887.6493180052607  78.52152435530375
44.44085942106281  887.7965608019247  75.8897037569873
45.33992808708285  887.843361139564  72.84664793287368
46.26650853942818  887.7415548357209  69.77665755256768
47.23100688789712  887.4546894924869  66.41876897821555
48.16605172347209  886.9758605343695  63.171737821993496
49.04981433236788  886.3835283505082  59.769282005329714
49.906809946281015  885.6913617940812  56.57537678637252
50.70881767868078  884.9732118758958  53.37451289305987
51.458810071087356  884.2322065059177  50.44250481062139
52.114134218986145  883.5159086325966  47.56070803967212
52.695898280925405  882.820639644875  44.94815681688195
53.208828774495096  882.1705535566707  42.38678741832598
53.64180987802186  881.5535275269945  40.043694997320166
54.02084640293949  880.9933294833818  37.627752760352706
54.338259694421  880.4703573555649  35.39736125406911
54.61449725385035  880.0022259459358  33.04673915586874
54.851373375465975  879.5560242335685  30.821401948242087
55.03185645058733  879.1433080681805  28.5653187644816
55.16006164715802  878.727955635829  26.496150485376777
55.18023230268533  878.2946714048848  24.623086451004788
55.148567628718375  877.8036606610498  22.99673335062175
55.021316425576885  877.2383275004391  21.608578874965875
54.802424306840734  876.581927908798  20.32876849080635
54.45887153887242  875.8106928888751  19.176984706596944
54.03536402533672  874.9268100455058  18.200862109249464
53.55642299066815  873.9198273755835  17.45065906653005
52.95234741091187  872.8516732149002  16.841819781018586
52.24289503407874  871.7405539292077  16.425904269275176
51.36818262498349  870.620994681759  16.117039991583777
50.428627760747375  869.4450574058694  15.89939002720713
49.4420494776737  868.1798383259148  15.643738516951842
48.443539038549396  866.7702396947063  15.411575948254567
47.34532424200408  865.1915605046821  15.118663594159063
46.17323914299475  863.4007113266165  14.67514975976955
45.02377370774616  861.3707009072236  13.955585480792768
43.99413320112101  859.0689438448928  12.908590912490974
43.046968666551926  856.5053945347652  11.514152461933366
42.187041120052235  853.7201388897724  9.765578438643216
41.39985447980826  850.7510111879087  7.743990919203733
40.67944514690995  847.6244361705703  5.518670439133007
40.03603407680542  844.3511780784887  3.2084126464255363
39.42579793626598  840.9819198576881  0.806832488167357
38.868722844980226  837.5595855230536  -1.6543693835533937
38.316613060596225  834.1013788522135  -4.10607661132797
37.84914663319473  830.5903498102518  -6.536118802644433
37.461020568980324  827.020676515212  -8.864929957866613
37.16184263050219  823.4205638198023  -11.147125283403131
36.93909196728171  819.8262693150666  -13.160112504849442
36.8054293575694  816.2599422890682  -14.993705395011448
36.718400144691046  812.729762718675  -16.635306492971882
36.66682058362809  809.262626832228  -18.116243704262814
36.61653621045905  805.900233121855  -19.391851672562336
36.579675095453666  802.7090167846115  -20.36197372120724
36.536774705225156  799.6908227183047  -21.121420123251966
36.482900998682126  796.8712327719594  -21.70699821428203
36.42779016793101  794.2148290286199  -22.1882646794458
36.30545589721888  791.770491803169  -22.572263551343674
36.14012335806386  789.5182741383333  -22.776956911191338
35.93611064089013  787.5067563075482  -22.831143559939353
35.736348882848255  785.7085355062037  -22.773477114525274
35.502097368369014  784.1683733479842  -22.666537602055676
35.208634518423764  782.8793601379048  -22.523751092381914
34.864689346074385  781.8278436797467  -22.321662660011693
34.455715094575694  781.0181898724235  -21.87543337861424
34.003889401286386  780.4682503180329  -21.3369002309486
33.52955321609116  780.1884521695116  -20.58997187050152
33.03428394705642  780.1643870222025  -19.931518654057243
32.456672625635505  780.3616528827397  -18.99696209926666
31.79946303558065  780.8536165331138  -18.150484529173536
30.988159028206265  781.6168573657001  -17.108635922993447
30.13085898157125  782.6973832466584  -16.22094413449905
29.181653452256267  784.0591496313017  -15.261471292498742
28.243844640406245  785.7482449574392  -14.41824162230393
27.261288642252584  787.7445814667766  -13.622210250183588
26.30120934308658  790.0492145834845  -12.866776465309844
25.329530632446616  792.6457217357075  -12.241234658099394
24.435314588806037  795.5533515468387  -11.651217036049436
23.57906473087476  798.7698142862807  -11.159163128993272
22.85779849218332  802.280697952386  -10.643501379829441
22.26392909842466  805.9952625130873  -10.200062677285173
21.81748531784193  809.8208435042876  -9.78377382878209
21.519298403516338  813.6578212253601  -9.276635537617427
21.394257005355126  817.5155299351753  -8.758271319063425
21.344759789665172  821.4666443912871  -8.023325592822195
21.4332124518504  825.5689501961497  -7.289635369446288
21.51089537102862  829.7679486565324  -6.447243330966428
21.913172877676956  833.9120743005631  -5.6708748937394695
22.500958436947034  837.8883309349635  -5.133331188254726
23.528429865896022  841.6792185599371  -4.823895921903638
24.708576125424877  845.3261403310183  -4.707548338038818
26.18292908462169  848.8469640978768  -4.587280084112885
27.737627048820826  852.1807535280449  -4.476188803256193
29.524150070213803  855.3019134314801  -4.419908291945783
31.25372277437215  858.1853737435448  -4.385918304907165
33.18943688793167  860.9143681414956  -4.312093040282605
35.05441698324502  863.4650716178054  -4.238687534313079
37.05211922057293  865.8506225577964  -3.9800847249631026
38.860186992041946  868.0265686865154  -3.548386390176466
40.69442160727047  870.0398380933947  -2.991219533705302
42.36564896138276  871.9252836371259  -2.174536427930069
44.01250297056414  873.7157230740797  -1.3402744888860025
45.46324996897903  875.399654506114  -0.03338982070761776
46.91901381252979  876.9671334996535  1.0768507923243178
48.21396216509078  878.364454101296  2.6322518151369154
49.54470223481832  879.6055311022836  3.921718108742193
50.78720389399776  880.7298495354282  5.408417675826226
51.91127338442696  881.896427843097  6.696182946415254
52.87031162385795  883.1139995102199  8.038265792305614
53.70975635027397  884.3641827615407  9.340644542303275
54.51573499842186  885.5016863440711  10.56896738319907
55.382472531372315  886.5232432492945  11.815903542506177
56.20017611104413  887.3857174635278  13.207269275841174
56.94746645187128  888.0882474160817  14.543655067019413
57.47209830537295  888.6280284043145  16.26406497635864
57.72597104976033  889.0498966096612  18.052891280615558
57.79074680617762  889.43001664286  20.27393301779262
57.7094035905283  889.7592383170555  22.302540452203424
57.679577025463814  890.0359159237465  24.561264349248702
57.672957097162886  890.2755244872046  26.545464259527364
57.60881319613662  890.5121989975659  28.813044169923458
57.44906596443366  890.885774296054  30.852894531086946
56.98837835921567  891.3062190027034  33.78686722024873
56.285901455301584  891.8155040884094  36.953391816254396
55.21526700903131  892.2726901089923  41.34638774963011
53.93967199801486  892.8312733117157  45.79888068589296
52.60029184824963  893.4553576009844  50.53372275038914
51.24806508372663  894.1311555141007  54.992965027801915
50.1750834242905  894.7659350780253  59.24309350374607
49.174311170414114  895.3122889517273  63.41080746468252
48.36213544058697  895.8138013070692  67.28721492906408
47.48102837090848  896.2696548064882  71.22808795946047
46.491971686240845  896.7178044571763  75.13689986059438
45.41360501155512  897.1744105750608  79.02381546469344
44.162755209963194  897.68534501219  83.35904695981186
42.42711946490683  898.425064519748  87.77974564670302
40.31458371794681  899.3635349213329  92.4201244864079
38.0334856363266  900.3882449356886  96.33691655227632
35.97136238008732  901.3506624955025  99.67041863873656
34.06281080115385  902.3871814855578  102.25074403549196
32.18174025005268  903.5687610447288  104.28454366995197
30.494289098195907  904.7603856103515  106.0247434228581
28.814372270727045  905.6550169464788  107.46234578991437
27.207134350027097  906.2379134478275  109.06172444461912
25.419985846269572  906.3697573168681  110.80393767035443
23.534826476909036  906.2146792957817  113.23228687471224
21.63035225526608  905.7506940771634  115.67322977530728
19.94658383739985  905.191557635515  118.16504056936344
18.525335158233954  904.4931502216446  120.01617741679458
17.18895325925981  903.9023173183716  121.7417465383165
15.82259387338359  903.4701248185596  123.22915389681177
14.548463860442912  903.4053180089068  124.4552278995742
13.507074404840013  903.3660522503748  125.29350266510758
12.700006522645037  903.3038672022323  125.82784167707558
11.913559466633922  903.1289771373056  126.45390908461073
11.089668648805686  903.0323510209223  127.19886690289749
9.787115323858444  902.9844187493426  128.55346852865821
8.423062202097887  902.9049485293971  129.9882298572937
7.251570192380122  902.1835254080249  131.13629263131696
6.717417026097007  900.3969401056241  131.49403650059713
6.515555064779893  897.5013354766639  131.08147117759543
6.40136022615167  894.3194960336317  130.26828733693267
6.3033261514383225  891.4460306941678  129.579770937967
6.118248426355877  888.6332534647642  129.33290107305115
5.811176455602848  885.4838944718565  129.79245212826794
5.346916571791076  881.9152762676355  130.5853978317268
4.523646728917474  878.5539188665069  131.2354574134932
3.2206135417631994  875.7412217206163  131.54562867306328
1.528316715553809  873.4733955989225  131.1825983899503
-0.537655748296449  871.5154758656922  130.72757930456268
-2.7660708987838616  869.4816360399217  129.89490770159952
-5.005888707605729  867.4546685114575  127.91548393533363
-7.185363137171129  865.2570247170764  124.73188725056369
-9.41275897203792  863.0835000916338  120.13017207275124
-11.810387182986885  860.8363506532228  115.35903628310135
-14.259848612323191  858.656572501664  110.4775396554187
-17.18576457651561  856.5715145593817  106.09085239964608
-20.53241656012934  854.5589828153724  102.37462158268514
-24.15228448799912  852.3932900776593  99.32004962420032
-27.506755177494266  850.0878888259125  93.94800994313145
-30.627556176807687  847.6774248474987  90.1998500881352
-33.61764837236825  845.3301563907281  88.29235014222476
-36.47342009684983  842.7750241196463  90.26961048504711
-39.10981803893989  839.8012355326805  92.08716253534234
-41.324222232807486  836.3975287145581  93.87533289923512
