3.532530378045527  829.2917565113936  107.62804601489267
3.1216201828391  829.3079370808074  107.12540074768852
2.693782811901698  829.135967677853  111.52279449522328
2.248099089804199  828.638893227766  114.00416472019617
1.8508476067866406  827.8650518794127  114.31843537341955
1.5060786992971456  826.7153632971541  109.67814954392752
1.2277307769535977  825.2663141453742  106.82538686005688
1.2896811699679098  823.5658612784449  105.66395512410291
1.7145069303511866  821.6872604785189  103.44178895271287
2.51756402291956  819.623781384863  100.33899823177745
3.425382324936175  817.2084725730443  97.1352985890722
4.381878153141054  814.3894362325307  94.40627596971531
5.237098075164486  811.0996139934251  92.10788210842259
5.975251813314058  807.3425455827977  89.81086423146255
6.578881173684416  803.0964562208326  87.62928989130626
7.154858942530024  798.3743905753288  85.57569384874735
7.663280707229254  793.1883178256143  83.76151450620675
8.08961727649028  787.5614530247498  82.18726682326819
8.422840301656004  781.5570954036654  80.85775491262389
8.708704175198747  775.3051641312738  79.57698999776906
8.95810455038804  768.885265120079  78.3133175110769
9.19850150137029  762.3224119381728  76.9747467188681
9.41152722563792  755.5489112022426  75.74928824545077
9.596415344281375  748.5361059744292  74.64205904822359
9.741276287109548  741.2632947957746  73.73340487767356
9.865857957348396  733.8079111288372  72.93301923766163
9.96463033634344  726.240429379932  72.20753570348471
10.074576792277584  718.669244060152  71.55765026406178
10.141068163888793  711.1298231673907  70.99670739138816
10.206596729230345  703.6509003165107  70.52208405928373
10.202004078440757  696.2535135066028  70.180481456985
10.161675886546051  688.9293513038234  69.91192485940041
9.994761789305752  681.7234665443099  69.71618225388988
9.705415705926463  674.6162693548296  69.54523125261841
9.39858689868117  667.6316001282595  69.31668298527218
9.125190669862524  660.777787604728  69.16373722602073
8.872720118790244  654.0048093669938  68.9851345096502
8.57822183532077  647.3818791248901  68.91114587218142
8.259646591072645  640.8505431974626  68.73505140259286
8.009218514215918  634.5551399277917  68.52201235883967
7.792856028657762  628.3543574027333  68.34185649928563
7.650298823507167  622.286291127484  68.10563289281873
7.561141349096782  616.3126388475453  67.8722912844648
7.518514288318784  610.4905588128771  67.53866508600021
7.4183819379745515  604.749498264804  67.32220335892613
7.2450377409443805  598.9641430569304  67.17941864018694
6.961147204980208  593.114078763705  67.3182676577996
6.643954690164337  587.2658397182328  67.75036700342221
6.258680357797782  581.5020523270687  68.52712271829189
5.862065491482657  575.8635265163426  69.49363617232834
5.44955018567117  570.3283925477849  70.62829152400363
5.0430128662620195  564.9101737341417  71.98866938448072
6.537642386422244  559.5929231054463  71.86710210031586
10.158490598454485  554.327233528848  70.75006086242756
12.488995628536571  549.2000936790704  70.50334531794451
12.41961583316831  544.2867895744114  72.16905067989654
10.127269851605453  539.6809892027397  75.24402244938315
9.285448568523382  535.2317161363144  77.12599751999596
8.980993200661025  531.008627765173  78.60240772870597
8.649415205624344  526.9491645447135  79.69800733699077
8.196585309010313  523.250535902919  80.91241196437156
7.8203898841155635  519.7792791939825  81.97610024993092
7.656275020991828  516.6619154428878  82.8483509124994
7.5494352025503835  513.7475653562095  83.55847243031232
7.565730452786554  511.156182555089  84.18221364301313
7.645391608681831  508.90842855638596  84.63547724376592
7.8369476461407706  507.0315276380693  84.96378118494022
8.003403741393921  505.5315961935802  85.17034505181638
8.233141831444183  504.40448753741674  85.207781819231
8.539397660055908  503.7563528100676  85.19024861784584
8.836265435964577  503.5884365919399  85.06846798969993
9.11814203937492  503.96038759638424  84.97755933294167
9.414798838529189  504.9216700911736  84.74048410144185
9.729536975671097  506.56830432837273  84.35909148264503
10.05536324369946  508.9059814272422  83.78544894057178
10.300530191654905  511.94721000438904  83.24837773091252
10.504277661116198  515.6922941809452  82.77467207356412
10.735383051333855  520.1383825040153  82.36429491614192
10.995418577934439  525.3241840556205  81.60113001797943
11.290879403217357  531.1201815215265  80.85919295989622
11.535761110657093  537.4802440333121  80.16516846231178
11.733823725532368  544.2942982869275  79.80128042873669
11.984299483584387  551.6147113001753  79.43991022313325
12.262545287615707  559.4996773996952  78.90717838650717
12.561258001325864  567.9016640677046  78.19251880757314
12.807135326089428  576.7651743859768  77.47112578853275
13.05722960301847  585.9859281800599  76.90232857931038
13.424283462704231  595.5072944167015  76.50838834813209
13.886832710094215  605.3448798062673  75.94089311375694
14.379941137904027  615.4085926070888  75.37253057966316
14.805665279976298  625.7321961745117  74.6991308011744
15.219740274212155  636.2957238980787  74.04925017775463
15.864879108111365  647.108223362831  73.11711912756014
16.532153563787258  658.1181394810972  72.15042797498866
17.17334304549889  669.1484969404511  71.31285295764263
17.598822033948245  680.1573724821212  70.67624606739007
18.062552878194737  691.1302070205725  70.10083172566702
18.76484132869256  702.085304910884  69.45129254415608
19.504381606265213  713.0494401043907  68.76560328373054
20.302956361574957  723.8325026823024  68.0435651973233
20.900075526084464  734.4797909000338  67.25807235228338
21.48407346260149  744.8092057022728  66.42530001289504
22.041263535652334  754.9610305374855  65.26068354879854
22.57460756152231  764.7455462408107  64.16244429937885
23.258614555929448  774.2201345078632  62.99864130133488
23.881304330223756  783.1942634860583  62.036628314336326
24.60301293074117  791.7021225593114  60.60666655959295
25.15405536425863  799.6154371664412  59.192941752930196
25.793580592834413  806.9568379950606  57.52908777844665
26.409342221748428  813.6221494643418  56.051544463330124
27.024479429975802  819.5918638339016  54.363943608579525
27.530941317444807  824.814388877382  52.855689270359925
27.97615986578276  829.4336596671409  51.1768996092058
28.454264178473274  833.5953999797284  49.341345591240255
29.063107126678133  837.3882827278119  47.10321531783946
29.70723898979434  840.8224618857457  44.84397042465312
30.40728893477166  843.9362366422262  42.70844627666232
30.996983636937518  846.8629426128317  40.81520215245013
31.699665358331863  849.664577981043  38.977541220355654
32.40515550581419  852.4771252312073  37.24668004899508
33.1648940532062  855.2855805441317  35.68725189038953
33.828565936132684  858.1407203764298  34.55172957360659
34.45169306130281  860.9012933432053  33.73046811072462
35.00702548934847  863.7013996845021  33.10596385550894
35.49113050572555  866.5475648974344  32.5334960599031
35.93131988071446  869.5079448557129  32.006219311266605
36.347511234153  872.4566778946606  31.57904148887623
36.729548146405534  875.4423100844396  31.184593603284934
37.10378190704337  878.5548246770937  30.611695539854974
37.496113334255234  881.8955403011678  29.70937325039823
37.91502806282145  885.2999122266343  28.506974149210123
38.32860346058482  888.6278956479996  27.391382253953065
38.6974087388888  891.811835367167  26.599529224587666
38.98171193794921  894.8881635275078  26.09076117725051
39.228368191812436  897.9635808838095  25.76715938192495
39.43893879900709  901.2010984566398  25.44982889836579
39.69450514103029  904.7188842353903  25.27344167951025
39.94491660108598  908.3337953088142  24.968173326454895
40.443535083860624  911.3316840515203  24.6419582141883
43.90667797709955  913.6047116170216  28.001206906305523
49.08637607526044  915.2699279586732  28.400920940603093
55.30384479729211  916.7902128964273  33.08342172713276
59.55204616057483  918.401016479057  30.885126811210572
59.72337305863594  920.0499066253376  33.07018872336753
57.57152753204536  921.9109281970647  32.57609825576493
52.84412357016359  923.4875708945699  32.082198221322365
50.14281005390147  924.946121574057  32.260006529849775
47.91012910941515  926.1977789087607  32.65813838018939
46.45081822802019  927.4519835874737  37.29309370131175
44.73356574919321  928.1467728952407  34.21774626105478
42.3621083388367  928.1857034825127  26.37522444921601
40.35222830992084  928.1942263060057  21.95659382145271
38.48062434192326  928.2777675224991  23.04440965477808
37.18439562098678  928.4715660992164  35.848460400039166
35.6631796701076  928.5453451631843  43.757572780348845
33.80952016022189  928.7690885716773  52.871181241744985
31.846483512895045  929.1183242078229  55.22389216405329
30.045775413266824  929.26281144555  59.35780136849946
28.58012054718477  929.1632169359314  64.10100588935525
27.452526162959522  928.8007732905207  67.65709622884008
26.40279822456601  928.2545143064378  70.51169086156165
25.28509673260902  927.6596675232828  72.42654081403872
24.202577135073266  927.0775229377155  73.9442943952869
23.004283600299072  926.420099374236  75.19980102363533
21.75763773193836  925.6498346790241  75.75105041542034
20.32237667806072  924.678742352587  76.11399843874287
19.035176484747556  923.5025583583557  75.91023438589052
17.87894395376487  922.2288822127398  75.607856082372
16.775704431101325  921.0828271221178  75.14903754325762
15.601690159951604  920.102930590603  74.74094710821042
14.362927963453258  919.2318675795505  74.23380544480918
13.281547124127327  918.3760957329208  73.64160507056746
12.340832266549798  917.6172129047413  72.8242626561521
11.592474805647916  916.9660854912416  72.06175847787459
10.994212227466237  916.4369552873821  71.15612609470172
10.590062048405565  915.9573708744796  70.41413971801313
10.374359184024604  915.5204900363457  69.64250025216363
10.400854691511764  915.0944393242738  68.98242089986314
10.57596099463201  914.7009301267153  68.34419255532703
10.976129893255022  914.2628232061496  67.80978306500859
11.502055851478621  913.7780316959954  67.45291143629694
12.174322576862753  913.150264298685  67.27639477608241
12.876148000967522  912.4310485814775  67.31224284157227
13.60260591464949  911.6096122386278  67.5922105842859
