-9.957432523122394  841.7767340615144  101.85493036916012
-10.507629164493293  841.3455902542928  101.49239572038341
-11.18430017883081  840.6323624710615  101.19586665117038
-11.808535422070014  839.6041953470634  100.99846580089547
-12.428716212584403  838.1828287040364  100.77930936306697
-12.953914187637615  836.4463638547461  100.61720286308454
-13.401725645702019  834.2898550789001  100.3877609873251
-13.782010205853107  831.747263181976  100.11714789569282
-14.096498334230894  828.7433132708403  99.80165492625811
-14.404451510751006  825.2716655113124  99.52291825442843
-14.62601607927183  821.3297951122219  99.17849186584863
-14.778690690726108  816.9597365194064  98.63395049119414
-14.837134758854118  812.2860466994696  97.67854542917776
-14.984645796729245  807.2401321391563  96.72601762086337
-15.240581729541539  801.8995719976958  95.98091795768903
-15.780851756890355  796.1641228084936  95.65873167059661
-13.566961841592672  790.1377762705276  93.0450616461901
-9.725392610450992  783.7931437394178  89.01641554056461
-3.892456091900601  777.1280558694114  83.44727930448798
-0.0754605037970193  770.1663213356932  79.67362201494105
2.9492940244210453  762.858015002943  76.62500502209754
5.1030897470849705  755.2922890272491  74.32253919103515
7.251540570669675  747.4615906218394  72.07007013414078
9.22797909330976  739.477858982142  70.05071945833781
10.777212241461054  731.3420718712334  68.52975947756903
9.562193209618313  722.976940688176  69.40160353539754
5.29895998276797  714.45544389883  72.87472209956005
0.07444751222834611  705.7151757577776  77.13434433812564
-3.41221099507682  696.92526139977  79.98134705112378
-5.009897256125143  688.0780367019735  81.24930003147202
-6.788180943323416  679.3205948058159  82.69826822570988
-6.539387712441132  670.7964390705208  82.37961974949891
-4.72237367434227  662.3910384669822  80.76628929949128
-3.7512794476635967  654.1604713056327  79.88371085716199
-5.268113941736944  645.9125475438656  81.87885008291676
-8.63910727743842  637.8584113991021  84.88811071434736
-10.543922444202796  630.0741759732629  86.68378133792703
-11.987549598173004  622.6016680861056  87.47051778648056
-10.994892838651845  615.4116717884962  86.85503572235422
-11.098678262525377  608.6263093488541  87.32030539300324
-12.05615505262393  601.9679795744777  88.50630355676405
-14.790439774522119  595.5839630963995  91.11840453706614
-14.511850815812032  589.1562364867916  91.29003024945852
-11.979652468016914  583.2587075368773  89.83698711983078
-8.834182109187545  577.427374505425  88.20024432576534
-6.912982840020318  571.7854576499964  87.7882845829856
-5.4857698134448665  566.0972424094361  87.66936564876329
-3.9164208183102103  560.6204023235657  87.35870000647543
-2.563778068622482  555.3901980531625  87.13608396047755
-1.438467768698178  550.3182343676982  87.39706106555839
-0.5973966636370072  545.4526168504824  88.10750690803253
0.07693923341090692  540.6931617505431  89.1091796986634
0.6895176142678785  536.1290016681816  90.1136127049009
1.2316198558401397  531.6731640862585  91.20664929220409
1.7215247213979674  527.3975973403956  92.3107074586699
2.1342775326599854  523.2724552119827  93.64667825780886
2.46718293219711  519.4064975071701  94.98383092653089
2.836122488295385  515.8187144767486  96.46258483001434
1.2364225819238235  512.5598535778194  97.71203134565353
0.42163191487178375  509.6121397642646  99.0068416023347
-2.063505814850239  506.9379825672481  100.2415833702928
-3.6688842977421423  504.4109859866563  104.80224650935328
-7.225293881172048  502.1378032965921  109.70161095720609
-7.928569704699228  500.4647050240726  113.36129547310505
-8.815181254198984  499.2758005173542  114.8769191140365
-7.55156300970783  498.42185186149044  115.19736786549922
-7.0421517762525285  498.2984948982707  116.41053545865
-4.598130617316328  498.86901944972254  115.7829559523121
-4.812635474959363  500.27895896886383  117.30802251420036
-6.62493970405438  501.41174071196275  120.78301261308725
-9.679755416536304  503.0413957362888  125.08091180046863
-11.776930342389862  505.17408872063857  128.2275797923398
-13.215893100657029  508.1922754484346  130.05097283405104
-14.697945504824617  511.70535744827356  132.1381124442684
-15.896158008557775  515.6595447581998  134.22742993552689
-16.9030052966207  520.2312077639795  135.95914147583184
-17.632921531631247  525.3544217674407  137.32226237275222
-18.16888293028642  530.9677258982911  138.4497289453038
-18.742911658990096  537.023644704523  139.5483015842104
-16.94635617826078  543.4811681115543  138.68847678920315
-15.890522199473654  550.9512085307236  138.5372232709127
-15.041599937330272  558.3966836265666  138.5622225577978
-16.441065050542655  566.3298913589574  140.4588933621785
-17.02417406557468  574.1827995415407  141.5786107892878
-17.14655436639776  582.9281813961678  142.2954103774225
-17.37064132741488  592.1343205567446  143.04918254469993
-17.766909968407532  601.6350345599972  144.01937745392334
-18.233221222292187  611.3561909266759  145.124253065939
-18.497281993760883  621.3001783726409  146.0951199039091
-18.526264234784154  631.5388632265283  146.69591948073673
-18.616647343332453  642.0933359553233  147.20403858740102
-18.715138720322148  652.7845628801457  147.79737332711363
-18.760468564311477  663.4911414201642  148.51254937376243
-18.73839573206389  674.1427602318504  149.21016219349036
-18.714030574351764  684.7191954642515  149.74864912031302
-18.65742761679772  695.186724493967  150.06419970026005
-18.523407650980875  705.4953855612973  150.39749327686744
-18.417860017313213  715.4226008964414  150.69466373933665
-18.328284573938433  725.023970830976  151.13566826940843
-18.36386849167275  734.1384846558666  151.48592664608572
-18.333658387587874  742.9598958048185  151.8129996180573
-18.315207858936642  751.3106797186749  151.95768749840693
-18.216775072431115  759.3393539883472  152.12174947141187
-18.09330304807085  766.7955981248354  152.14052581292128
-17.952819107337405  773.8312890365678  152.1769470683604
-17.708371684295486  780.2137020841554  152.12696837114473
-17.38064834638394  786.1499028690725  151.95304884028064
-16.91346215731485  791.4294182628723  151.53806744551486
-16.354729292925317  796.1684512971879  150.90404469227772
-15.795947573532125  800.1940329437319  150.3471845521973
-15.107236131806465  803.6242321821276  149.7827767376769
-14.409029187745336  806.5067984443741  149.07289028349342
-13.55602754291551  808.9298603912869  148.185307963895
-12.681726966115596  810.9431969073385  147.25762552869256
-11.786029550264379  812.6050651086073  146.3566981332444
-10.907577797355911  813.9840941292168  145.4015623308753
-9.978481255549593  815.125751872603  143.8970855300251
-9.051114014025124  815.9967210511315  142.39222243584155
-8.052619822913824  816.7160286336122  140.62606174483486
-7.215188367513604  817.2527700993963  139.27857877185264
-6.407260719669757  817.647770723245  137.94032010167865
-5.687425209958987  817.7634677974985  136.9022898230291
-5.030086766760162  817.6877447881105  136.0338778596546
-4.415651079602041  817.3869602552328  135.26406603763124
-3.9034832991880686  817.0035642079354  134.7316665742308
-3.4257106156473767  816.5617634715028  134.42156504952803
-3.0070636463945792  816.176875065035  134.3512206680092
