33.01233762659845  832.0343242155736  47.12351834242202
32.991427650025706  831.5284930269756  46.86539056643742
32.93262437888627  830.8411571273936  46.88338544405523
32.80198489703777  830.0515620803741  47.093116509059726
32.59786944807455  829.1864268921147  47.27331249375355
32.329825500077845  828.3436079178039  47.401846044465984
32.01887648426277  827.4753183805827  47.78191200722148
31.6903400885424  826.5377715497837  48.17404031231949
31.327442052249417  825.4892358525825  48.714199045852524
31.007505446650875  824.4073825741084  49.26717186295163
30.632203696472914  823.3229270343578  49.85048553410139
30.286274721022295  822.2723669239268  50.425195470305816
29.878813250617238  821.1402854918449  50.95878465319136
29.444393645876588  819.8477747346025  51.766602695800344
28.88933009507999  818.386029594855  52.894990027043825
28.40667192613363  816.8228104724483  54.027409797555336
27.82256670484122  815.1093584022099  55.24836033048709
27.261181952818582  813.1292698369953  56.265305938009746
26.535446790593753  810.725330380139  57.58981609861205
25.851195933683396  807.8945873358309  58.7690052739635
25.122896663508822  804.6542445534529  59.96587905482846
24.307383505680722  801.1357738135785  61.005220211987606
23.467519355785658  797.2902632399996  62.06030207217517
22.527649031156542  793.1628874153752  63.09168221394585
21.58488806122689  788.6023070447798  64.11350672836258
20.532918327169828  783.6646345083983  65.10859128516245
19.514421035127455  778.3168707527665  66.15188031395421
18.491631976308295  772.6260078701649  67.12576532670003
17.500724803873627  766.6324759489356  68.05031823351564
16.53959302546326  760.4299245156307  68.84183773596186
15.738389895992807  754.070089199487  69.58262036191178
15.049416967095679  747.6129585358732  70.30328899650544
14.415591458591708  741.0273195087614  71.22535008182435
13.840198268877135  734.316483463586  72.27697067621489
13.368844327002574  727.4761969029173  73.58338723155228
13.059046989694988  720.5879434513281  74.72030466850109
12.84346475140776  713.6281627328083  75.84592958182475
12.81361697444677  706.6321007574252  76.85677590498968
12.813803913928652  699.5202859135081  77.90236413288534
12.888884619560093  692.3908112197485  78.89351268996914
12.941444656129782  685.1818880093523  79.75372212227126
13.160356864434132  677.9992435791053  80.54149805399251
13.417884628562428  670.7430411848924  81.3106434880135
13.856881835326888  663.4976837383258  82.11102193589147
14.379067825501664  656.174358466428  82.85171541126724
14.95526822624436  648.9077518722629  83.4505388764295
15.482852422508683  641.6734598551268  83.90612597069928
16.034334367268002  634.5484618896295  84.18573321028762
16.669120584606198  627.5155894777217  84.36058067557188
17.350576678266112  620.5904526951462  84.52196051803193
17.905437784861668  613.757589473736  84.63212615637752
18.529837729688833  607.03920667392  84.75764581637102
19.166760893086355  600.4004625262692  84.73763767207998
19.817689833813645  593.9149501058492  84.85132166730403
20.328007239964577  587.494482684365  84.95471663502056
20.721317935176884  581.2791989330175  85.12063427464413
21.08113139146629  575.1082626154276  85.52232185192746
21.394568099188472  569.077307108116  86.01062151262202
21.664106499951234  563.0670126808469  86.89014824268978
21.816264208218435  557.1737580027217  87.824291564613
21.898799298000164  551.4252799175163  89.10815468081205
21.907881343353075  545.8338400405785  90.50730348158305
21.886657274838925  540.4276497187224  92.26708243529
21.792281703045226  535.2180050450481  94.10852005062348
21.644806728431977  530.2593915905734  96.04943152661521
21.483586418458668  525.5985457890549  97.68868652186546
21.369751683515982  521.1952790229972  99.40744050199714
21.20821766353635  517.0759838957995  101.05447012954892
21.055017243373527  513.2551256679342  103.01013109133129
20.866189810914562  509.83762824579486  104.88213247141977
20.758398008724885  506.97085782769756  106.64463883952033
20.685282426258166  504.61692183252796  108.12585787922718
20.639182519100935  502.8327521837192  109.34187880138093
20.64609250104651  501.5899357197093  110.39217676035993
20.711596908255633  500.9638494761811  111.2174574689885
20.809512170423265  500.9304646299794  112.0173793436846
20.889107690635566  501.4505529802646  112.67567503170515
21.00607834868274  502.64055687373167  113.20980217576489
21.214127202380464  504.4711699599833  113.58201759756288
21.47579904004721  507.0271742400175  113.86157270221325
21.660574306521156  510.18582733549704  114.06501210636634
21.74641457353339  513.9692351736867  114.22777245170158
21.801039808895617  518.2780579478645  114.32848775420112
21.883454991422226  523.2119205821311  114.37492345150565
21.94986721505245  528.7570144098995  114.3382116832485
21.955990111928102  534.8321069311348  114.3293978058779
21.940726462603973  541.3524293805896  114.19676633081686
21.9496516987378  548.4207661564524  113.91609681570625
22.03610505996807  556.1206296825259  113.26093232339439
22.1355366310363  564.3975808200753  112.67381936988049
22.201299526784283  573.0059266213473  112.17365783070949
22.235600313016302  581.9688790826237  111.87689033381344
22.271119856817844  591.3130852953781  111.506562084188
22.34058290782785  601.0549001877438  111.13531399274822
22.393248654435325  611.0278090008961  110.86288670141745
22.4423364073602  621.1152750234986  110.69468261785957
22.506281017432187  631.3380810737675  110.48599821625334
22.630084855484178  641.6921813226605  110.4070398265583
22.76090548031747  652.0161558260708  110.31910735685463
23.014385801878667  662.3148502808617  110.30472527736792
23.310421695309085  672.7362679408575  109.98368322436173
23.723255481302697  683.2765795555272  109.4671754876745
24.146621039286515  693.7621668657472  109.10500389660213
24.619366812261806  704.008677558633  108.96203378035761
25.158120103754847  714.1686802752033  108.94403239579547
25.658854391489363  724.3796965244961  108.68825203559892
26.100112853511906  734.489425097451  108.39643876200358
26.358842837538056  744.3173807901914  108.21127635879472
26.553473843569495  753.6793575307469  108.1319166665688
26.73280448810796  762.7001550272612  108.01753015234519
26.9511134736521  771.4561768712683  107.8481173719139
27.191231952672442  779.9645619146149  107.50721928895327
27.39499051194251  788.0855790167603  107.20584497982198
27.580660221243065  795.7359537950815  106.8201348074504
27.77636039345226  802.9454908281233  106.46051207506059
28.035929569120295  809.751195303231  105.86988481540001
28.39325908105382  816.1337976072264  105.14497449583578
28.741481847101493  821.9400145688028  104.4357313966961
29.063373263996368  827.0915440128081  103.82405469880536
29.306624894340533  831.643517790024  103.15429343522473
29.645904831951565  835.6778461602617  102.27232735524525
30.04382548980547  839.1849587673904  101.08672642272592
30.53391129089943  842.175241412411  99.97760291358719
30.943417471374172  844.596769767862  98.95582810319856
31.301044247296396  846.6139417372437  98.02471352874771
31.68345416641588  848.2507572306462  96.88137354043808
32.06502408322392  849.6453586144441  95.59525681358718
32.40804640740123  850.7875210953259  94.29434936244485
32.60494829696395  851.7469435556902  93.12144141855204
32.73610840016267  852.5685277791689  91.97279933297123
32.71944891927095  853.2648635344095  90.96019005849917
32.64443326337784  853.8087768223799  90.11179649825682
32.386104410897076  854.1988790983719  89.46003427134052
32.120126661334055  854.5334300987524  88.89257738495247
31.687370206880324  854.8511409166354  88.33998625575252
31.238375432720034  855.1686363088188  87.88492930860019
30.621488746901164  855.4407016556199  87.50973671486281
