24.582357292413096  795.870820488342  110.8926061670308
24.220511537548028  796.1115222586722  110.75516097892066
23.88820425524872  796.4370145940229  110.51473696270068
23.46005796678559  796.7700061932507  110.22825330989575
23.095371294142172  797.1547269816974  109.9320370174858
22.597997793267197  797.4862613144982  109.6453493045042
22.127212855873964  797.7786726677678  109.41534219668837
21.511848020664704  798.0125539689046  109.14398359890934
20.945404741341704  798.2517588907648  108.90621755343543
20.336593088161216  798.4711467279542  108.66842558387789
19.775480812413598  798.7035991962363  108.43530540467691
19.186602439806897  798.9095914314535  108.1390092921985
18.63619988779851  799.167431276914  107.59258017913724
18.09661012119024  799.4158409404154  107.05254225166576
17.623094543671307  799.7283761966218  106.26083283894454
17.186827225610067  800.0220798802052  105.61707124582787
16.789365527259626  800.3446649657012  104.73985447597174
16.44505966319122  800.6297116574822  104.02811762394339
16.156995885115307  800.9439592050533  103.02907730454417
15.94251723060594  801.263536488133  102.01910043615398
15.76234756647277  801.6259065245719  100.76206513580514
15.608426359080608  801.9823973551178  99.59278437205231
15.47725458805823  802.3515264037948  98.35635185906236
15.38775520366661  802.7312907470839  97.10251863845225
15.326096993485521  803.1374696898376  95.72997005519076
15.28656196384547  803.5891863400507  94.18190875757035
15.217878763517056  804.0515713169857  92.57652546029101
15.132825939071612  804.5426180622192  90.84611684632085
15.038604857948283  805.0259670195221  89.14078996972816
14.926364814733494  805.5455765535768  87.39211763613766
14.820957667389491  806.0930399115441  85.590323583756
14.719273692832493  806.653371607981  83.7856729370292
14.652845715246922  807.1938716443553  81.85770262162148
14.597542562268835  807.6968783421224  79.89160209353405
14.567210712808903  808.1453735074474  77.64482360900979
14.561306918818332  808.4875012516814  75.29296060561883
14.582030575246936  808.7148839191985  73.04081023335166
14.626345185548741  808.6873417081006  71.05539864539197
14.672442619336469  808.4152723410688  69.31624064836329
14.719155126469921  807.771684090937  67.62788046771695
14.805804428177549  806.9202229138733  65.96706570005534
15.002510991847451  805.7933381216473  64.3279450868599
15.226999793922516  804.4860698969534  62.617743193548435
15.471961619969239  802.8680734205599  61.025923137068
15.744207745048335  801.0281360554962  59.31834594815608
16.178224322370635  798.9258050510663  57.55099163321097
16.844514309144774  796.5508403182154  55.44062362485541
17.56984222380694  793.7731280927865  53.43608469210486
18.36147877754249  790.5599103672656  51.401994879424414
19.060950922239144  786.9158024856038  49.717846347218966
19.824561319387996  782.8329732893673  48.18440389710184
20.568258444015168  778.2869568191549  46.99169543008819
21.36512396087397  773.3532463817722  45.80954940574229
22.06883167800735  768.0546986678955  44.60722874494697
22.695557040565458  762.4206097054742  43.469829853137284
23.200685305356245  756.417010607958  42.48469904137707
23.634677678602273  750.1232777727819  41.68954343441148
24.05327914542566  743.5887678919853  40.98159380995189
24.40342807474462  736.8767455807618  40.34698186047809
24.77667426496178  729.96438894487  39.75988474991947
25.117306105511325  722.8650113497947  39.002712862017255
25.511129174280708  715.5884364425242  38.288383339597274
26.017182095615517  708.228906276242  37.418782077745504
26.56835996438925  700.727898574274  36.579013111219695
27.085308950594822  693.1306176984631  35.5710976425624
27.449285786298947  685.3562587926623  34.547800504142764
27.728303246397402  677.5573272230208  33.56198458440846
27.911168755411992  669.6962510705827  32.57575911500985
28.03967458788655  661.8326441698753  31.710151869667897
28.007518915823717  653.8948873693254  30.942984839473922
27.934731411477323  645.9793960781833  30.17321261408786
27.818907114624626  638.0937882388733  29.300762252831
27.759152598153026  630.3055708658551  28.458725711383817
27.678490578495655  622.5062608402641  27.786768410930563
27.586350077321793  614.7847504240626  27.408899228588396
27.493118972509052  607.1126958059048  27.133831027227703
27.361318667638017  599.57593327187  26.973295828870185
27.148337611764692  592.1132514009946  27.123060025875084
26.815790738466152  584.7741489678871  27.512629315186487
26.305273258462464  577.5551224838398  28.55335192821848
25.823533031105047  570.581068991312  29.654689765672238
25.384752600929545  563.9017281394879  31.22711335797781
25.105071842590984  557.6081524979402  32.747405549116266
24.75957674644427  551.6381276350584  34.66901748952141
24.428609684941538  546.0215624684548  36.58222851131328
24.19342736325142  540.6819299665317  38.62138808420013
24.10084290476972  535.6174750884342  40.35183287401611
24.137407942749743  530.7127434570524  41.8845709385209
24.337593080269592  525.9255548269415  43.14976536219648
24.57824012199775  521.1624207259268  44.543765096280865
24.849713301629777  516.4301155081109  45.918940294401814
25.048484043927076  511.70302620080815  47.41970182067702
25.285292936321742  507.03077008985497  48.75897543900963
25.53294793551824  502.4182234189552  50.05033912657073
25.817648542424322  497.942494492957  51.15873959711751
26.153152094977642  493.61975371383585  52.178468909722085
26.506175069146128  489.4634209895514  53.13282061163712
26.842698947298512  485.4620453381443  54.18077421050714
27.097310948670607  481.65422974418044  55.314241556944324
27.340060075314653  478.12700553483364  56.580666860741026
27.538310579425946  475.0570819150682  57.63556151869396
27.738745389981986  472.5175104402223  58.670055594815445
27.817934805086466  470.46032162155615  59.67022871771273
27.78930772480996  468.94196865698257  60.875814281113435
27.57711232182738  468.02557352108283  62.19990212163457
27.262683852641466  467.836482019364  63.66468777924627
26.852519261793404  468.32751953240097  65.1770448118153
26.45130099576983  469.4686831689233  66.67377096394029
25.903146769605254  471.2700908623442  68.23224249471873
25.147565400204666  473.6436561380144  70.0072660214194
24.192064535001826  476.58445396513093  72.10181900889249
23.212920870296873  480.1112629583518  74.22282541259828
22.310969821359805  484.2795933865956  76.22588673769614
21.337909674558553  489.0493446638046  78.10464495941564
20.337205037677712  494.34165138898715  80.12148901750275
19.290286242361844  500.15265079535874  82.26414689201317
18.248760205781846  506.56550039913725  84.29614162740326
17.13603762271747  513.4627675792354  86.46380740425387
15.785703972887177  520.8218643533154  88.74626998757358
14.543875760178254  528.5534918145044  91.32911436609332
13.387282475490823  536.8190968676939  93.90366003466714
12.411708004631945  545.5545401267359  96.5263616774989
11.080226104488208  554.6827200926856  99.42815168376086
9.76898441470955  564.1984141568669  102.36495721869922
8.602378532437346  574.2067203823109  105.12681812258992
7.722243810219734  584.6321989532867  107.71876859215199
6.785040027060847  595.3253492139858  110.34800716183761
5.70731316736446  606.1098253498919  113.22688784737996
4.718372843973992  617.1339635070428  115.96100486783234
3.9674877351320483  628.5171071758147  118.28736082397398
3.4874834854688856  640.3160180250028  120.19650366164697
3.1452451198750295  652.2104204089674  122.29849554533386
2.8244266189768017  664.0762668083399  124.67920659327088
2.701036750428344  675.863246990646  127.08224643650726
2.659079088735138  687.6834574260963  129.1235141325916
2.7447130704355245  699.4117887073814  130.86790829616882
2.7842616435563547  710.805685042679  132.85624637548406
2.88094783401652  721.8301181218928  134.64457772925283
2.9734990483964854  732.4797245360869  136.13013662125056
3.1396529606425028  742.8914592292671  137.00653539434347
3.3519226946309235  752.9822219546634  137.49092555206244
3.561378210155348  762.6310636105736  137.77187770904916
3.6704952809802225  771.6914859315605  137.7632191257448
3.7795525243506853  780.119756907769  137.7290993003063
3.9278048963449606  788.0121734542291  137.24836963518825
4.182621263307767  795.3186627323494  136.5949239152939
4.536966896892373  802.0730928295602  135.3273737106978
4.894032357734501  808.0659714819335  134.14158571090388
5.171294054828786  813.3848821757301  132.59505653404875
5.399845027388548  817.9140978342252  131.20566368826658
5.678299418768996  821.8195758817249  129.55637544490136
6.09248675070165  825.0215150253968  128.0073193861023
6.53610532617781  827.6830552998763  126.22711259552787
6.956230947233224  829.7876782771192  124.56871595610588
7.315274621283778  831.412190289793  123.241048383863
