5.51175472267076  781.7496168676865  69.85135738490261
5.452493913605764  781.148885149711  70.02802969230524
5.384137497822823  780.3408574183964  70.01609185094092
5.37347739279324  779.4537744551026  69.96903643337002
5.370670848949925  778.3824564753597  69.73864193120468
5.388268031355314  777.164923795782  69.24081563815294
5.398513398065884  775.6073871617939  68.72500444324673
5.4256270523733985  773.7780874133043  67.94178003711441
5.48088962169222  771.6550661626678  67.31670356038609
5.617070712804593  769.3602526261135  66.23883945126312
5.853945477036427  766.7705396449578  65.19715789127041
6.183048782746565  763.8482541261045  63.9103819229101
6.52862170583165  760.5076999966435  62.75937285786803
6.945714412513931  756.8333515695609  61.23397696046222
7.4711688863666454  752.8111747454225  59.63938738547174
8.072195158061902  748.4778025103361  57.72278212724782
8.683314868190086  743.8386728685084  55.84143140674499
9.482693128870526  739.0225877113088  53.54933759222435
10.397265806750386  734.0137736756421  51.145055684018885
11.464852231029942  728.7582014389023  48.57812427446347
12.404758899112855  723.1496672755873  46.339711385587435
13.517861866744225  717.2433003712435  43.944753792879894
14.626541491563492  711.1239663090855  41.52798534114675
15.797055036900112  704.8415261338076  38.915673809762055
16.77921369066883  698.3828451910783  36.75079732547995
17.81422762312369  691.7974756601003  34.77325770685701
18.792868713625044  685.0180392081644  32.99475599701571
19.757515819485146  678.0369315627795  31.315666897532687
20.55897011047535  670.7376022194912  29.73373990458093
21.343220744672262  663.2772992302017  28.45242144768328
22.112840376422685  655.7082434850921  27.185581728583703
22.83137322058506  648.1581644632162  26.24381148911204
23.451738783955065  640.5379301200976  25.39692617953033
23.921139154513803  632.9029174397624  24.755641949155038
24.26912278501861  625.1983818422962  24.619307634414298
24.4142705400619  617.513292168808  24.85639862259943
24.317973060516806  609.8417982542726  25.880025734351392
23.918445540508273  602.3127649781545  27.00479376500631
23.132347635077426  594.8997193354116  28.906844713190807
22.13626744514788  587.7025570723679  30.728446308695283
20.979781777664034  580.6841039761268  33.13713989298041
19.8858006823643  573.9863929520416  35.15959380177803
18.71885913509524  567.4846672892628  37.60964106020636
17.53458708441861  561.2343050781514  39.785438222106364
16.22358789058626  555.1854657959939  42.18222366072081
14.985641446266058  549.4136293864472  44.45404457972399
13.831062029841307  543.9255200627371  46.82493266556695
12.879044073275933  538.7386234515741  48.963698773540564
12.07221412804852  533.829605471863  50.79361473770734
11.400251258502259  529.181643021077  52.27587930215746
10.93513192949176  524.6604901742123  53.73718375733704
10.538657302394972  520.243785272683  55.18375365453868
10.22293339896418  515.8316309239262  56.79050752816014
9.835683908425212  511.4697193579701  58.420437372487584
9.469596755972297  507.1122960937335  60.26524895183511
9.136831380656051  502.7917027278157  62.07609265804482
8.74723234330159  498.4663667970161  64.1594162706333
8.285353348414915  494.1546519875577  66.35652159764513
7.613676342096259  489.86701712051166  68.87563335633074
6.930725146305139  485.68726684082935  71.48414410431113
6.033218657596745  481.64161318421634  74.26509224837064
5.127465417214331  477.74735199126644  77.09057844716136
4.031360926453424  473.97350014054774  80.11792246922737
3.0486237862082373  470.4194936596715  83.01764757817516
1.899593616722235  467.0793282270664  86.04101560590571
0.7563971755243714  464.04123590034607  88.96039454360503
-0.5494687597346749  461.3153512398623  92.02649483050935
-1.7440149068533009  459.04930739593675  94.86573437842783
-2.9662888860166414  457.1909208028604  97.49876086707789
-4.054436845044751  455.796524195759  99.74891252819071
-3.4094990277656247  454.79014244184555  100.34785089347636
-3.522723553176874  454.51993075953305  101.54338356221028
-4.571475402357149  454.4620156994919  103.5446696536729
-7.2429804642951305  454.99061673743626  106.80176656307853
-7.1686312865799415  455.89736622925824  107.50638852507859
-6.80980777927184  458.01173398344565  107.75929021218958
-7.485082623210117  460.44573292614564  108.18199122077876
-10.01398313196427  463.52505819697217  110.1159027249748
-11.723425660665164  466.9937760091572  111.15436838232503
-12.330067560211415  471.47550841812233  111.58952876598084
-13.064208344415352  476.54170119173034  111.93137637421862
-14.15425091505829  482.1300220927659  112.23969593353476
-15.339614451539312  488.18499573859344  112.58000902262926
-14.209968991486193  494.8907879312962  112.40920980983607
-13.62442534533882  502.37130192156354  112.04065873827496
-11.243535537229747  510.1703511094937  111.43411248481172
-8.997044561331546  518.5533573492141  107.31725074863584
-5.129797829615702  527.2673367562701  102.3961913505235
-2.1632709081252517  536.7387668834797  96.47991414151026
-0.5274945852051336  546.4513267525026  93.14252343296953
1.1001469160615778  556.3513548563701  89.63894401980636
2.6148641758479934  566.3683178247296  86.17052921168069
1.7949931195579356  576.556137884169  84.7923365195613
-0.5919922110141094  586.8875630251564  84.67512591569101
-4.185547598484591  597.373950042866  85.5381098874636
-6.397793712449211  607.8979654541613  85.48414694427537
-8.24239474804431  618.3259042788852  85.303806684834
-9.860706342046473  628.7491150856547  85.43382761897816
-11.252562451504836  639.2171372358406  85.55158713140526
-12.245538731566178  649.960871512176  85.59857790836955
-12.852120748201376  660.7504616958398  85.44328391098279
-13.284429127670396  671.5078112260496  85.31707915682122
-13.448609675123656  682.1989245944451  85.27816884081963
-13.400413841758304  692.871050783044  85.2988152435498
-13.20749901553999  703.4347774764442  85.53238000756787
-12.959194051036715  713.7274657219778  85.85581401996768
-12.753141963891132  723.6893287252451  86.18756934609077
-12.375854818418723  733.3362184126446  86.33876436974947
-11.789542461330607  742.6058551399195  86.3386369358657
-11.069058288777144  751.357068184529  86.11950433490517
-10.32837632293179  759.4333045230395  85.81960987582234
-9.595763606918673  766.7894218731722  85.48852810780417
-8.762716687297116  773.3701585166632  85.28071045301834
-7.819374420906916  779.2395135296655  84.78679246342696
-6.762897978353956  784.2664770783837  84.21051940437212
-5.648282602051057  788.5505906901155  83.6379787880555
