-32.323422944575235  784.6786509463188  59.9150029886663
-31.2146305359433  784.145725921332  60.16865888522042
-30.138041478232676  783.5557862688311  60.571851452592774
-29.067713248644978  782.8366191032153  61.19238568857707
-27.950161508937626  781.9757009147759  61.875613853394796
-26.622409839541724  781.0583691443092  62.44342588980642
-24.828465451412537  780.097367669058  62.70214062744893
-22.643651440846195  779.1588216375237  62.8312454077275
-20.60433868617288  778.0706023086104  63.48442818336933
-18.96309595336387  776.6407289592848  64.70003099521837
-17.73624005891715  774.4344349648482  66.8587716379463
-16.38896483633908  771.0419419424155  68.5419373564638
-14.7141405344549  766.0915799765853  69.72871844759067
-12.884942118655987  759.6302747689681  73.98587676507356
-11.048935680216374  751.9641457015127  76.2166548690366
-11.844437787322935  743.4342652942912  76.09745272826386
-11.569075995248658  733.8576178354716  71.76575948955356
-10.104044732612357  723.8096229471037  69.16551884993977
-6.294431422382039  713.2536408184184  68.92981040023342
-3.6807128334727963  702.8268953245997  68.4870935421284
-2.084069252629849  692.2989240274857  67.98237775126486
-0.29828664204321265  682.1309388691349  67.15450850414
-0.4281281103925314  672.3871564983428  68.5316068184633
0.1496484673849463  662.9897881922477  69.25497597077876
1.6694593286058192  654.1926853639764  69.13988554209692
5.186773348865646  645.9627866188985  66.93128985459299
7.6492054240525835  638.5520469428251  65.601817773759
8.827064557314557  631.9914810770364  65.30175393246137
10.005551890777944  626.4713432118731  65.35182907171112
11.057035818702069  621.9176400893261  66.06529789682767
12.024304379964102  618.557735054995  67.38651619116902
12.461694758851406  616.328667047007  69.55604735824102
12.562736300701259  616.1896020600296  72.15599980630128
12.427959081124598  617.5152171829038  75.01862066553126
12.21325522991793  621.4490351792828  77.89655436475879
11.190929506319913  627.3288645655273  81.20861067325018
9.62863921586439  636.0890995043437  84.97958485851032
7.356761010491012  647.4619573115109  89.48726629604398
4.907326124214731  661.765470467946  94.61498835726181
2.301468248350998  678.7550596285763  100.46303181872815
-0.30201211184486887  697.9223276847381  106.00181525047432
-3.1983921891154674  718.9949705746393  111.42814082262733
-6.724252614737949  741.8079557084262  117.20539531814195
-9.95411056789157  766.2668480080406  124.1058826959042
-12.826246841904858  792.0505627005525  131.3171607382345
-15.365095103186839  818.0982918345495  140.8858731031728
-18.150543289604585  843.3839986032759  152.6272478347601
-20.021730583415724  867.3212283568555  164.1041418362767
-24.773614751375447  889.9012599379092  175.51502671354353
-30.996987672748432  908.3280489291427  187.20007346574846
-39.52667743285388  925.7320690827165  199.9471406816877
-41.796356364687256  942.3809537387375  207.79413944150207
-40.90778506938509  961.3707168806702  209.8569783923448
-36.58046488013126  977.494912321147  209.6468842118533
-34.47597683372574  990.5649938690517  209.198358274142
-32.7292161975979  999.8908619865404  207.9524238751912
-34.772459668190905  1006.8288423495183  207.20945739937915
-38.37484501862886  1009.5955409258659  207.0733118316138
-43.14264366853433  1008.8010064315154  207.9168571052724
-45.47148609520972  1004.6157069453114  206.5837743419498
-46.72260394039522  998.0379360798439  203.63021916292578
-47.30592662699488  988.1931465915069  200.1890899801426
-40.308065831220375  975.6067171217555  190.44938280273806
-31.72090793279431  959.8556203962418  180.30383167412856
-24.701376840826814  941.2050646418325  171.6343991202356
-24.77992314652895  918.9858181038976  168.91675940502134
-22.744122234795665  895.0777446069043  164.04414352903325
-19.060046592020765  870.794035608829  157.63847976951962
-13.081552577745814  847.3106316697132  149.52369628880479
-7.820472845864751  825.6446193288971  143.77792356485807
-3.9760864402444924  805.7729286647801  139.84389434504527
-0.12035864883393588  787.8628562348905  136.04547538735295
3.48383479941128  771.6479376883887  131.31434095167418
7.382838048340286  756.9352616983336  125.6953631404591
7.390505964101048  743.9813904519112  122.2575388299237
5.054685577846773  732.362903092288  120.9773858630569
6.010516948858181  722.5137905207265  117.52393967780837
9.521320220444695  714.267203556456  113.22056915161528
13.416886809011373  707.7500505399644  108.53241169223293
15.214467109564008  702.9430122701682  105.79961958151715
16.28494840587188  700.1153712474504  104.01414564421633
16.978668710937516  699.1080785168457  103.03675422623625
17.273917406978686  699.7470445163606  102.44166447447725
17.045873555295433  701.8361783863487  102.196739671085
16.53956377358094  705.1551706171466  101.9270017934415
10.652683856583057  709.2357216605191  106.14128700743204
3.8276026629219535  714.2570842121527  111.12277839658401
-4.064602968079993  720.0584824240659  117.08965141787748
-7.754710514962326  726.799687162529  119.52784103580251
-11.685584648744546  733.8489682595516  122.41919370639219
-15.978228201535233  741.0257317148523  125.71971644551101
-17.04244837130002  748.1743617216439  126.4788951252709
-16.099523901202765  755.7751901603303  125.54546721635676
-13.17031053065561  763.0380261273634  123.11092294116668
-14.95290206402352  769.2644747479678  124.81777255433718
-20.498945215308392  773.8476693090197  128.48910334783034
-24.02086564171754  777.7489177582905  130.79948842937023
-23.80976801286348  781.2342391378716  130.25458282675766
-20.28754872994607  784.1951177600642  128.28820552024524
-18.842203817357372  785.9038454641517  127.93486371372383
-18.222865255274108  786.5282999286748  127.79964424927216
