-44.64624415852549  811.9157557811155  135.51077633277012
-45.02212267492898  811.171777834105  137.2097831681176
-45.33408708534299  809.6220448096715  138.75437379099043
-45.56811057328557  807.4025360975685  140.15335977541392
-45.71746222072004  804.2713568056943  141.51028333664993
-45.774452464100385  800.3335964160193  142.83540705049273
-45.80476562729725  795.5419752453822  144.30196339020804
-45.85941049634329  790.102477421792  145.90421091796935
-43.06846219271832  784.026762748307  145.52711243384175
-37.01078306014742  778.1539173296493  143.89916370364523
-30.12243139857583  771.7448498951437  140.79461874951966
-27.714291674635263  764.8778028300343  140.821435211898
-26.309722098927516  756.0510837781158  139.68331606460924
-24.028159388688046  747.1426833226562  137.21768295793922
-18.64964092143426  737.6668071444499  132.2672823984514
-15.086383133220114  728.5173071213  128.7147031728022
-12.789753714613148  718.7155767745695  126.91924747571251
-16.084840032110385  708.5044360176363  129.45212400868934
-19.790246711258245  698.6544800475764  132.40700187669933
-24.190476376579518  689.5892708881915  136.00257049154436
-25.032716058472673  682.3262888561592  136.64021400318097
-26.568623174129247  676.2855290730167  138.14983848197832
-28.749675544068754  671.8463781103226  140.64495485776155
-30.921388608063552  669.2161696219083  143.81403121389556
-30.465863338914215  669.3363870686998  145.0073048810451
-28.16337289358105  673.3026578412633  144.8873535547327
-24.839828390157102  680.7498302144014  143.95758631117667
-23.280517682004334  691.7534728570744  144.41235353982646
-22.283109639871284  705.5875184504183  146.08176400008455
-22.28646487665975  722.8381120539822  149.25300903585818
-22.895153935284192  743.1864264271425  154.9962608052098
-24.548738065497087  766.0732962503773  162.80101421151946
-26.592976149914584  790.5503020048744  172.41399644906232
-28.928261770903365  814.0903231483494  181.95933743771678
-31.38771416228237  839.0096737355907  191.27888911742082
-33.4470181979852  863.1573764457918  199.84001412761614
-35.06602016832282  887.3982289481229  207.54992329291696
-36.05907043117604  908.5689880353411  214.0445269280916
-36.403858216333724  928.3990112891494  218.7620494879703
-36.53196602201252  947.4506223067494  223.14332974425201
-36.59578856697878  964.9647283781444  226.9542001351059
-36.792709581852975  980.2252286196883  230.35746479229206
-36.88313663354425  992.6389504536342  232.723905604714
-36.79391809634028  1002.7716707559207  233.66748137679178
-36.603489612591105  1010.0970344392672  233.7713039566445
-36.24577418641343  1014.3173015808318  232.83365073319354
-39.250901638842755  1014.7198107311679  234.4360014329545
-40.63231364596648  1010.4702684951028  234.2679888255373
-44.80847583501926  1004.4306845002864  236.2939356343902
-47.01093514610413  993.851714968332  236.938610619715
-48.33896607216826  981.3095075344651  237.16476930416133
-44.17656837038761  965.4155770286693  233.1330502192823
-37.57214886808071  947.809982815857  227.02591373944827
-32.795619423969995  927.5976783559512  222.17466118962466
-29.586137110088835  903.7755088379093  218.23134438402894
-28.59921491183692  878.7720618216064  219.4946198545682
-30.01059237929551  849.3745936074992  226.68586367336906
-13.19564295540899  820.3267694298528  214.7543305426299
-8.862386941325035  792.7470490066024  208.75848711177758
-3.550528771619409  773.2500528379337  197.51889821142169
-17.889883112123233  757.423065212937  206.0078143070333
-18.241404016065275  744.1573390743531  202.8220703948414
-17.206423097614618  731.6330727264599  197.0349583756505
-20.340423678866884  720.7565625135358  192.56589605009054
-23.243174552797896  711.9131632644026  189.41529529237968
-26.804282916314346  704.4767765989611  188.89422242749944
-26.465894962272806  698.4266167722142  187.84361344255774
-27.159109888654218  693.6253352344468  187.46604069852225
-28.630989829086904  690.5103405479451  187.70182348888122
-30.380103018640774  688.9478940522463  188.96480566873004
-32.27063545187113  689.1188866507266  190.26644196577385
-33.88678901881573  690.7954591571973  191.37022378305815
-35.3931107758836  693.9720832053202  191.79658507562067
-36.80469138678727  698.4635567016794  191.40706812275798
-38.374204206499805  704.1774099708962  190.60710932699257
-36.97871809873219  710.9977694607276  189.2680760342754
-36.54889717646483  719.4509610619778  187.92348529283808
-33.489901213358465  727.7986388000752  186.3949142315606
-34.58385515788657  737.1459082494194  184.6312885010531
-32.232825392945855  745.001380942887  182.63421729834
-33.78620759183755  753.1358104393859  180.55070079475843
-31.962118178768687  760.1114680617181  178.49899951481876
-31.10997031045316  767.0901139366857  171.76056879256637
-27.946157888288234  773.321617078762  164.32062561269208
-25.933532512437566  778.3097603699298  156.03553400164697
-24.763934418798588  782.3129702983101  151.46429358956033
-23.603554967881003  785.1267109056757  146.44648643891057
-22.50165703937618  786.9469740736704  140.89164980442203
-24.172116054419625  787.6268215907935  137.698999930904
-27.62505053715008  787.0006346547975  135.82163922068048
-32.44727220872117  785.9498764404059  135.21298799805967
