-29.330478880288318  775.9339133158708  92.11911579878466
-26.901162437544826  774.4722881062469  92.37191932995621
-24.39038600591138  771.9450474096037  91.04829584792665
-21.329260323947693  768.0085540970805  88.53240495017454
-18.520940612536602  762.7253753464311  85.16672575620039
-15.795359813778603  756.3064360344041  81.8015322103803
-13.529345930464888  749.0415226242208  79.16304319932976
-11.265614142079896  741.0247169389675  76.79420218300146
-11.48984790910096  732.4018093801379  74.7999102248858
-10.866004735370119  723.1119362905201  73.29072894672471
-9.238281650724307  713.9453026585313  72.43352072054026
-5.372968636592522  704.8707947365473  72.64721890931024
-2.780128384233477  696.3502775005882  73.18142399805781
-1.6185347270026733  688.0018663207907  74.37863222493985
-0.4492844042403872  680.2996959383722  75.83562659994662
0.6787005121508293  673.6741202693536  78.03841705659936
1.6544719450102212  668.2491602832065  80.41310734860674
-2.733874557289436  663.8911622265389  87.4001766535188
-8.080181641421431  661.2989721922827  94.75513523545143
-14.431323393223776  661.0331776137192  102.81860286176537
-16.6746172668467  663.9303253231376  106.70746801949271
-19.76693586422139  669.9035647048606  110.95098782735438
-20.760270127875344  679.0652452575673  113.07252460594782
-23.262897405448584  692.006946886446  116.59795958437644
-25.713756479076977  707.0189412232163  121.0412479404921
-30.929542702308627  724.7719329244034  127.60731310658295
-35.921148925491366  744.2686838745616  134.8424516330942
-37.30991664252511  766.3525800207743  139.6441571088117
-36.58646223810633  790.7270531161752  144.47336992166967
-33.87201660781355  815.8981813948913  147.63091496383134
-33.165518811405626  841.1005376663509  153.03039334174875
-35.941755606292745  864.2096770090942  158.63306212114446
-39.75479914451792  884.8445649009108  164.83729593215074
-40.78680931664202  904.5078392609279  167.07920828506812
-37.71509275614648  924.4549500290219  167.67192620549292
-32.98148505203184  943.9786961082882  166.54818792320066
-34.597096908282  960.3858409135303  169.7451405271321
-38.87417492161659  972.8311989015848  173.46953071850558
-44.2151571940469  982.9241531516691  176.5072902621124
-46.626821953869  991.1317298880118  176.58371347799294
-48.00140086615755  996.6838398703856  175.24203962143045
-49.44599079653655  998.8745703406478  173.78884432589666
-50.254454071875  998.0463477690372  171.23108105074223
-43.44051219781063  994.8536176274688  162.71270984227183
-38.33075955453109  988.785441936944  156.03551353979176
-33.81728768273885  979.0654134430605  150.4991979225166
-36.12423878637401  965.8013326396449  150.8606792726524
-35.231019973384946  949.6126766770196  148.43273067224686
-32.82725340794869  931.3649552905174  144.74437249993494
-30.763142095153448  910.9072124983983  140.98082751964282
-28.522011868199996  889.1694513185801  136.7434072358742
-33.07466751638264  867.18572105302  138.1959484000439
-14.859839170133718  844.1627608546919  119.61835141596784
-9.761583538477312  823.334602001901  113.99131307143296
7.227864273331611  805.873450028324  99.08705773662021
0.09762792095474282  793.6010884695646  105.68983281061739
5.023330051630336  784.0851799884377  100.18317059339778
5.378874388647583  775.7894089178649  97.12404478553577
5.969242419432745  769.2116024257616  93.23437790985676
7.166758850890252  764.2567824787441  88.76052836622222
6.774542328944458  761.4483327850467  85.88645943320374
7.665541879943171  760.3096545744818  82.25523138602703
8.066446170982275  760.5752438977373  79.46172254760569
8.460283675024112  762.1772307702215  77.03112142411445
8.760112956973032  764.9576668132789  75.00212519152164
8.93839028273338  768.6084011050958  73.02953658374656
9.188589808206995  772.7465358951019  70.95325119631443
9.419654267989975  776.9750385601794  68.65988109447535
9.623548951990937  781.1442266429847  65.79866306127154
9.864722010049292  785.1340936270801  62.146765015916195
10.099229797933823  788.8762669788053  58.08662761896551
10.335259940458878  792.198131463019  54.277287248367884
10.514079246052862  794.9726490340086  50.847074504874556
10.480333993310724  797.2591353432372  47.860060931174466
13.166924498475696  799.1045076807688  45.11043453991233
14.724724803278999  800.47522256248  42.74918185541185
15.947786363322145  801.3429095104391  40.52894638496764
14.333595883367556  801.6517317663668  38.31455240204261
