-48.833220771572286  789.943038911409  63.849419619985504
-48.706245651487116  789.3428490495207  66.07010347071449
-48.52316898138216  788.5875067006041  68.41881331701329
-48.26197719813477  787.6225878488879  71.1313587977539
-47.71143714896136  786.5219182125452  73.55134310164047
-47.05644659394221  785.1050475903709  76.41663878838845
-46.27481819673845  783.3100199252411  79.42460505943882
-45.70459626489487  781.1319000347061  82.94389813302936
-45.16180636283396  778.827522951469  86.36224211003137
-44.727751633421356  776.3326223392916  89.83850089906606
-44.08299106897885  773.3604778551348  93.17752187374425
-43.295873815858435  769.5135328882303  95.88994975941372
-42.09036364324843  764.718973258604  98.02400534691057
-40.77241831554263  758.8829399115912  99.49500249864573
-39.27006705963121  752.0487307816065  100.96458379722255
-37.93286123790744  743.9964880868959  102.42533290949211
-36.72600225902352  734.981046865866  103.96035803896059
-35.66207756441916  725.0254561130704  105.75469907390395
-37.10862017956549  714.5175589698788  107.39863203977811
-37.74514128756835  702.7973451021646  109.16202385741965
-38.1190326285605  691.7644556422343  110.6992113649443
-36.16036508364213  681.1556465866516  112.27973992187582
-37.62533682734445  671.9707015517499  111.77347978224022
-38.861451680522606  662.981360981585  112.29856249578225
-39.73241090329851  655.1199437330482  114.22042505278277
-38.0590533103429  648.8323610619087  118.14226745220316
-37.0223670127532  643.932915489368  121.09530183811053
-36.70170581248583  640.8927153522076  122.94345207763986
-36.46518983992537  639.9287945772647  125.64220486456482
-36.48858560985072  641.8749200267247  129.25169516066265
-36.400645198169755  646.5864845634343  133.92344392414762
-36.69462680914811  654.2777987511249  139.08908348314068
-37.20204553369748  665.1086416588445  144.26818743876947
-38.39582762384894  678.8450374471741  149.83473310891065
-39.91210609683938  695.1897490559128  155.2405953894539
-41.38698553271296  713.6545001845614  160.8878679180528
-42.536416324530855  734.1716583872022  167.1191384172909
-43.5219857639537  756.828832091712  173.4387340340597
-46.46706841773573  780.5813121458204  182.021508608471
-49.97490776697158  804.9222764831512  190.57119429591603
-53.32669316323811  828.406511161556  198.70415040922381
-54.85265514830375  851.3345212836803  204.05279447062017
-55.82022112627536  873.24361164574  207.16758022728635
-56.462151359065565  894.6327953399934  209.8451585014397
-56.83035557048179  915.1088144892651  211.96328661306077
-56.92521879592057  934.1367192400294  214.13331565270386
-57.011499875005875  951.1094952498386  214.36372505813887
-56.46851959084365  965.2073857456082  212.23636575657872
-55.40534364891468  976.881545008092  207.74381019774026
-53.89836806014583  985.471638716604  202.49160290977784
-52.236509621353825  991.1893354950215  196.76997869686744
-50.033039474532984  993.3412375268955  190.9032903273879
-47.53765204947387  992.2687390615276  184.744074736044
-44.77367048180265  987.8663782260177  179.19246585847716
-42.218481335913644  980.1768223782582  174.0388978160693
-39.49153674538462  969.135904085965  169.6029509293557
-36.980191135888475  954.962435159833  165.34499120841673
-34.51182634355791  937.5573648639502  161.48898756854535
-31.626093255318416  917.500378089253  156.786895422608
-28.273072939507884  895.4907818221573  150.79463411812438
-24.73983027745716  872.8305942526448  143.82266740588128
-21.889449912716223  850.3530842734798  137.95886384044698
-19.5667043191947  828.9006916626857  133.62106916945075
-17.4606004036493  808.9537262625277  130.1075793695639
-15.165622285940659  790.7027660341869  126.4219442379334
-14.980707648619756  773.9598590606906  123.49974050290955
-16.00200664064008  758.4976271616963  121.20738401503807
-18.24913732194306  744.6813337727235  119.48508528686196
-19.283891054942856  732.8479871614782  117.39254667653836
-17.721872627682675  722.9837060238469  115.45264696491016
-14.895964909814492  715.1800772725544  112.39063799328225
-11.172085743420865  709.0880464240374  108.97579271082884
-9.07924169424698  705.11289508183  105.58207025092769
-7.557531484774225  702.9006202454684  103.28647653549841
-6.166597222997776  702.6748481309671  101.29257211161841
-4.826060995909478  704.1828196443571  98.68287817683195
-3.577955787955532  707.1876461908325  95.47579559821315
-2.585971809164454  711.4003411616819  92.03370970913619
-1.7295509251001828  716.6796944216634  88.63116876641226
-3.7658129551409285  722.8772961936878  88.26472517027649
-4.939030865408823  729.6972222015279  87.42580230260876
-5.7785304147212395  737.4707575211742  86.26506544333085
-3.844273437129454  745.7160676874669  82.96807054897056
-6.0943267251563285  754.26250350319  83.16757827894986
-12.365166734538345  762.0040871383809  87.29570834301707
-19.673178750400524  769.1577497564674  92.38105123960963
-25.093132632743234  775.600799450835  96.06929298173473
-28.285286784995986  781.1666734420426  98.25985642403523
-29.0249924909793  785.7929072863645  98.40885715841833
-27.89942148045718  789.5700352592613  95.94406826835188
-25.046936708072028  792.4818062743714  92.26960188401873
-23.430868044968467  794.3568852141094  89.81456033956985
-22.21052064259037  795.2614121845186  88.96821357179927
-23.984426397836543  795.7175995273282  87.86311084026975
