-31.32149187550427  781.5234692119163  69.87018631446963
-32.164541337792016  780.6180733924997  70.2709014921003
-33.118935188880336  779.7543231384043  70.92027273204272
-34.12895798553392  778.8762734858924  71.88119446657457
-35.35590898202493  777.9058491317437  73.1089558047975
-36.71431792121693  776.690599795057  74.51178785124809
-38.263171551931016  775.1169373679496  75.85283304334541
-39.865251078698385  773.093692864881  77.18562811225104
-41.53256443992565  770.6115153306905  78.38597103477707
-43.018195246724616  767.5739318112901  79.9256318558024
-44.46819265481208  764.0640221462336  81.494831737178
-45.630694996511465  760.0448561901306  83.55567497291925
-46.694511302084024  755.5699422929033  85.49653233911597
-47.484848517507224  750.4715759714061  87.58108524247407
-48.21241580845492  744.7050010514955  89.26975714343621
-48.82480612867121  738.1512559565211  90.83249211689045
-49.2349374379036  730.8804164328071  92.23476278935449
-49.417268961827624  722.8257652131417  93.71100476640889
-49.356999794295575  714.1308005781715  94.97835181982052
-49.14603695389412  704.7870824040172  96.07443061073882
-48.773389972074014  694.8904088230823  96.91470815352665
-48.11628482749936  684.5575979314025  97.71441297060618
-47.66396031369884  673.9895531187268  98.71230627451264
-47.47048898268274  663.429807856925  100.6306962286506
-47.58286225623114  653.0588287667692  103.29643052975437
-47.60433991902326  642.8582895621133  106.5188605196313
-47.59972247489191  633.0190409044922  109.8985926903944
-47.732617930815984  623.4393725261284  113.7746876553679
-48.112484882955634  614.5985687020535  118.44700157797482
-48.78374455798975  607.0660531826945  123.88393787164034
-49.579987345709576  600.9817662346852  129.5616937893761
-50.41801052404536  597.1161258187567  135.2983916980942
-51.05207084268954  595.8423133080397  140.75312032405668
-51.60408695667373  598.2951209057786  145.66297315764277
-51.6059527158885  604.6744261812444  149.74012210510128
-51.57050517312583  615.4807553060632  152.70976138428387
-50.57376315155287  630.9575664399853  155.11020358364735
-49.7629393549913  651.113492767639  156.92351506934148
-48.72110829402904  675.2186102000887  158.6822737875021
-48.60476602369844  702.7379913618776  160.4324938662345
-48.74507006217468  732.8220620094567  163.21908658637616
-49.876161298305796  764.4499303473808  168.84222911163772
-51.9706276291499  796.8461670858052  175.5230035526365
-54.671481538419734  828.6725013755761  183.3218658630484
-56.86537769396857  859.239036522512  190.1801573724917
-58.37326027775234  887.5156371675913  196.63361093577382
-59.09179430469954  913.5939840623581  201.64474022944853
-59.43245674299877  937.7271782767302  204.46641911917487
-59.227591757229874  959.9780421755959  206.97829856499217
-58.92171790958113  980.1234472755986  209.00189265273514
-58.54553037403271  997.6077423697343  210.42401456276556
-57.98933151106775  1012.2659961450023  210.37137064113952
-57.04218166186378  1024.4585851553327  208.26410319260088
-55.704310776721904  1033.795829765158  205.12408870177916
-54.43453577915841  1040.1137250888532  201.03681871887753
-53.33717363785557  1042.87509731551  197.02280010214534
-52.34737854583342  1042.3307166837321  192.89162204456778
-49.57645655017914  1038.6718692510733  187.50864096999632
-46.765583286218565  1031.5900885130407  182.11981506717075
-43.69071741240564  1021.0916983565261  176.8535071128447
-41.98218311656154  1006.9938775149851  172.7143344120906
-39.529346176399784  989.4306387899195  168.34302120083376
-39.22334631772058  968.5739878031931  166.020317345367
-39.95231860116326  943.736210122208  164.8680443922883
-39.07489806553135  916.2920278233539  164.87656680792804
-43.75768848467207  884.9831740067074  166.98840801981345
-34.62070488693588  852.5730073181727  157.2848794707788
-37.577564635127885  822.5237371342045  155.73424912952197
-27.066311879491305  797.3674458005808  145.9772244150413
-36.79914914162606  776.4018927603775  153.20458157413543
-24.889023327309776  752.7413946275054  140.12984818553636
-4.676729640451988  730.4590097051051  117.96681551875174
7.464969411452248  709.6873462534717  102.75788243099836
21.60733224032164  693.9551936433801  86.51441660930791
0.7548169740482589  675.7535246237301  101.24242621171622
12.93655484788255  659.5969898566491  88.94852776797632
6.316740986969089  646.078099260292  95.31707757906258
13.069521221646726  644.1547567046904  92.70739363347643
1.097287213546033  644.4234767610927  106.9745084947237
-5.918601100738419  646.8507234008068  116.04885358586941
-6.662560425711753  647.5009569979414  118.30074357013854
-6.701555073973541  650.379041640603  119.17759695165881
-7.41401358862262  656.5159344381418  120.52969507635837
-7.302806562171913  663.6386541548231  121.18628435828109
-10.213327639019468  672.6657213290396  124.28749589200703
-16.15285994302335  681.5373085700685  129.90421985214923
-23.283542694796672  691.7537137665845  136.37996122333806
-28.973643678454252  703.1307877823322  141.6624333002667
-32.74579643968321  716.0332669503559  145.4202180782553
-37.00501429937212  729.4932722997976  149.81181729325203
-38.1217391944162  743.1774536711423  151.31673371840765
-40.228130382090306  757.7405305587765  153.32434420168994
-39.32234835862701  771.1574664078005  152.52172519898394
-39.50657488896111  784.8939699859841  152.6088244988236
-37.08852779277709  797.1314603654376  150.46703858264465
-35.96671977828083  809.4124538736426  149.21211100944367
-35.46208434345142  819.4736207739551  148.45858492863573
-35.1407545847153  827.7052686133525  147.68490548825395
-35.01614717352322  834.3415926390466  146.75061513378768
-34.887678334093486  839.1662010956793  145.38460314284572
