-31.113920336140836  815.178441434367  125.90762447690531
-29.27264196025683  814.4601547587631  127.9717604149574
-27.22672347337576  813.0782587931528  128.92099246810835
-25.65563871291577  810.5023990975824  129.28751733807638
-26.878356788603952  806.8297802096065  131.69824639871416
-29.90475615891164  801.2402505366839  135.2128920120952
-34.040449886758  794.6231766744736  139.3210163914939
-36.386991940070644  786.7833581639375  141.456965107311
-37.8927859046575  778.4655743352855  142.72618981221135
-39.22547094425022  768.9174974899984  143.0861416839782
-40.373221401205996  758.2723471500474  142.8738631258862
-41.29056752524279  746.7513042267179  141.77648576511007
-39.5489732206784  735.0429689207483  135.93187318681208
-36.25123596512936  722.8339090153497  129.11178057174973
-31.409952760188343  710.2319783503577  121.45061591669206
-28.197901737180608  696.8755684579025  117.59951607078128
-25.580598472927434  683.5412586213845  113.88386612639317
-23.71701900545052  670.4700816707177  110.38658217155356
-21.844289222297032  657.991147014464  107.35064454464623
-20.34574535131799  646.2988705143532  105.12008897875829
-19.397318098646696  636.0356020348528  103.81906898651657
-18.80985726882996  627.5736837319714  103.14601547598346
-18.400157868317773  620.871188120795  102.91997539468225
-18.00920835117618  616.4053201770546  103.43070492257336
-17.715154929786078  614.6994005723784  104.52814421981425
-17.323892345844587  616.6088480796315  106.33332987494623
-19.429383548619324  622.2096275852289  108.32477498599994
-20.31823416953049  630.9762143168861  110.45936242475199
-19.989342363432083  644.4473950913974  112.47002080351072
-17.15336187433907  661.5346069556903  114.85114653862789
-15.595320622095695  682.3909740036042  117.53321182847958
-15.487112156627084  705.0064984941009  121.24846582267128
-15.597089426378053  729.9162061077099  125.0741884272552
-22.722262680358998  755.8160363315629  135.31890542756807
-28.21541271997486  783.1294264865836  144.85303163057523
-33.398441325679336  812.5031926779453  155.88273695456868
-31.304627788627293  843.1181775122379  162.39200509532984
-35.68910524262732  873.317083639505  171.41040812941213
-43.38569371965848  898.8646270809793  183.41165715468173
-52.78546797457091  922.1902759246564  195.52177487057097
-58.47745300639542  943.2590196044156  206.6127752755704
-62.250740528984934  963.6470854702242  214.26406756569565
-65.92113824652962  981.4808114649725  221.05520162449136
-69.31362949701742  996.3654336931561  227.23663956137628
-72.43873003168729  1008.7298626446782  231.51512111221308
-74.42288460132684  1018.805123484681  234.25904064241834
-75.59756280069327  1026.648767719714  233.39872256327433
-76.0014400221568  1031.9991373759003  230.56032443797164
-76.17826055661021  1034.2006281147662  226.07786853965672
-75.8366059390593  1034.0849524174675  221.40643653694178
-74.76383223998081  1029.837051139066  216.28966221503288
-65.78276815731256  1022.9408358458641  204.27164741160965
-59.25809262063996  1011.7344968616329  194.47271114265158
-50.299974823575354  997.2036617973496  182.92502823073656
-50.0935330835085  979.4950885076726  178.83595506712155
-44.34805328984589  958.156735518948  170.14408582089402
-39.081460140219654  935.4825960664333  160.82220877162666
-33.830065997653364  909.8733235940044  151.5893814416288
-31.258962649565188  883.050295685551  144.40625835400095
-30.268633823956495  855.2661274215762  139.747645869409
-27.242284742879683  827.9429497858141  132.89937221969492
-23.843478912692504  802.2658778191724  126.83302908204504
-20.869895184593403  778.4728830382649  121.72510874584735
-18.47737280483591  757.2311767187974  118.57382615887468
-16.702808349244748  738.4923793479531  115.70633350948388
-14.732825158655782  721.8087295887503  112.84254071449324
-12.627714809877792  706.7905570641173  109.47398765134302
-10.773525195088453  693.6520419697354  106.72981078500527
-9.350444283900336  682.5296793361692  104.56825428990001
-8.653822885158387  673.2792971633406  103.60766005627818
-8.212709016585093  665.8056706402641  103.38409731212745
-8.05730978632626  660.1200620217033  103.88809526183172
-8.063009595882317  656.4779788914016  105.15612971314283
-8.36912508348155  654.7662860066098  107.13222707916002
-8.825105345929199  654.9786205904148  109.54088617781751
-9.243485353525553  657.0675172687991  111.60046194300995
-9.599011520643112  660.891878097366  113.14029377187026
-9.991558487432716  666.2297988568239  114.56606483562507
-10.351026036376517  672.8942438525017  116.08704047593535
-10.601931030488387  680.6739898332381  117.46831090053227
-10.655148491058286  689.4273447385912  118.46906524087161
-10.630522695749876  698.8809444223151  118.76254690310432
-10.430959280138223  708.8352189629338  118.41924854450858
-10.211655791726411  719.0150527261975  117.65704400811903
-9.897831329895148  729.2441063354095  116.53447319964197
-9.586461779820993  739.270989648181  115.58589223703069
-9.07753391591633  748.9357365118797  114.47562686155058
-8.44981907468714  758.1049492730751  113.50304810635635
-7.778491686505753  766.6538780618429  112.48662305158732
-7.09247559835317  774.4597199787986  111.44819793202086
-6.388243719410423  781.4046666842222  110.40057352356821
-5.629903311859102  787.5077900637274  109.2000499343854
-4.997884611351948  792.8016667577083  107.90326031848977
-4.47749405343505  797.3360051932874  106.53955072000643
-3.9677222705512123  801.210044834718  104.81977442855883
-3.315136525825967  804.4681204417079  102.60052524062607
-2.4110597141279095  807.2404452863937  99.87229245525832
-1.323636893161511  809.6416350017269  96.68635539536743
-0.22045175713770615  811.7867097822293  93.47651177997713
0.8454606048994617  813.854995980847  90.40202841247347
1.860510414330796  815.940030811613  87.64812353546279
2.9233036568503916  818.0957533578512  85.26870344731738
3.8697927407226786  820.3199081167834  83.14170300882478
4.577749832458203  822.6320560061654  81.52943830425694
5.019588006157692  825.1436617841574  80.26178511979191
5.195778193814971  827.7672087595713  79.53039652070672
5.152646841250492  830.4003122530661  78.9622895501122
4.911079214300504  832.8552471149679  79.04935118796158
4.520742360997733  835.1552357397411  79.30493683535366
3.892705597940174  837.2487894564381  80.26912565174075
3.1239146719129844  839.2183266654731  81.20090434323436
2.2448634191752364  840.9516714037107  82.50770207105032
1.4826667705408292  842.4160662975414  83.62263451116758
0.6686143025708698  843.6037911953631  84.77356542656834
-0.1032935797324882  844.4960243773158  85.83085212547016
-0.9518250519415712  845.0981037424255  86.83527205968633
