-45.87396708903652  808.8935080481438  47.77462910840038
-46.045631050026685  808.8258589857157  47.596935891218635
-39.79044437124858  808.2068386531165  44.20824114789234
-32.44742232786394  806.6713996047896  39.57302238877147
-26.72686697947002  804.0954174120493  38.33271949293891
-24.57859465220572  800.3732990879769  37.34595992865272
-20.67541474760187  795.2894904679562  34.431284818684254
-13.963717472298768  789.1111994032361  29.403850203367462
-8.98514395993004  781.7184582470011  25.958088347801855
-11.320127663938305  773.3754543272776  28.818053555180647
-14.68392456199684  763.705521441681  32.28324423171087
-18.679650675720726  752.940912985894  36.38079451959314
-18.377847041735585  741.1603345506362  37.01326029470675
-18.609838487915184  728.9414026940613  38.28943868112415
-19.633868303913328  716.8654894999438  40.72113647278944
-20.634746633910208  705.7134413965271  44.123093649990544
-19.508401874149378  695.8800788908828  46.227782889775504
-19.06722313957796  687.6408421290063  49.051135842298294
-17.08560946587076  680.7022105763026  50.20119123887224
-18.835894451396456  675.7828128115829  54.610042910153254
-21.199068354206844  673.0106794755377  59.67123968357373
-22.972718730181423  673.6901704854141  64.60196560964664
-20.978513067654184  678.4873394347305  67.55819166056803
-16.77649599616371  687.734269097946  68.38638313785174
-14.854960431200327  701.4366439131513  70.74608493772416
-15.032479228675811  719.3634665508473  73.50270144117053
-15.977479400484434  741.554661185261  77.28556316087013
-16.80857976552231  767.5118425227421  81.34544591727308
-18.770226102755824  796.1195904087434  87.54407319936121
-20.832854991079838  826.4478643225931  94.9501623320499
-23.333676311064778  857.2661793737733  103.2553507563406
-33.6178009463634  886.3216672266391  117.90718817073686
-45.62796526459827  913.5983554818113  134.03954004697022
-54.948450826982764  938.695244601695  147.44089056318234
-52.761309667511135  963.986726375814  150.53746148366
-49.120060502065044  987.0745966324666  150.04127262761128
-48.373079775940084  1007.0320925398032  150.64402911152007
-49.88207312963716  1022.8457582039488  151.373844229118
-54.113352237767025  1035.5103585442162  153.2002453768865
-55.71622647661506  1044.4718415370312  151.3125937910995
-55.827763577753046  1050.8118059321832  146.85065407952942
-51.71671133721405  1053.5546320946478  137.6681357610192
-48.6263720948733  1053.7032245390035  127.99896965470657
-46.484812840527816  1049.6078953308852  118.29841695790513
-43.632733290872906  1042.4072499292188  108.35409540553248
-43.726949517655136  1032.2195759782423  101.7585597948366
-42.3419596351429  1018.6135884839998  94.4960767905
-43.869963734884  1002.3495155326686  90.1455874973101
-43.87574322113534  983.0708281568768  85.07714570419806
-46.231919096836286  961.6536410101259  82.75336684826591
-46.99389454914421  937.7968198952392  79.68223845048259
-46.803854271830346  912.4380928848639  79.79179905587583
-45.83906964829127  884.6117046849719  74.94523803826657
-44.53485684840469  858.8282408290097  69.58241343401112
-43.03906542681335  835.3961811630262  60.31269133773775
-41.53802828056049  815.9969574321389  55.93300524267173
-39.653332121987525  797.8873671242513  51.72465588857038
-32.655408478257165  781.9600139041747  42.4083219926572
-25.2957058945029  768.8189675565752  32.62722723695602
-17.54386865026518  758.0518996475209  22.08522346232413
-16.808724178196655  749.2549269580827  18.301753127897435
-18.775038290401177  742.7532143988257  15.542942628550644
-21.616749186452882  738.0610003081474  13.828446220985677
-23.552177149977346  735.465884858644  11.70425958440174
-24.717038931911656  734.4732545214026  10.342804275332455
-26.96806234211747  735.2589526306377  9.934429052020995
-29.381219237607564  737.4398670897071  9.69729637641144
-31.334549356008367  740.6826036760674  9.329514144894038
-33.1344337522028  744.7590965970575  9.033404010382583
-32.119334489980986  749.5178555643591  6.543519832380189
-29.546998322239645  754.4858444447286  2.7612922332611554
-25.70202320100492  759.69845592149  -1.8526887097088252
-26.515508662054593  764.9198570254629  -2.2839064532863587
-27.04140343937287  770.4172699441373  -2.8389734569651583
-30.17618145730038  775.4622453625223  -1.1917282923367505
-33.3227082000903  780.2304440872927  0.44922108738613287
-35.89895149575913  784.2619265426132  1.6680395168080047
-35.74105293807216  787.8646216202536  0.887303706450733
-32.59872826944935  790.7940259446024  -2.1971228517071304
-45.50632552164642  793.1627741946605  8.388136309887624
-53.60422910390842  794.8746809236777  14.935375053134422
-73.21660762899506  795.8822380282259  31.06984232033733
-72.22333441420423  796.3243182139275  29.910621181520682
-88.03831379549808  796.3327559131368  42.64599818377552
-86.59368533464286  796.0412671592036  40.811547409646394
-101.50761142296174  795.5210087797714  52.41564134533401
-98.27105045619058  795.0957547617832  48.86174584346785
-96.7894367437636  794.7616643534778  46.98329170216361
