-29.081798914291653  786.0830544313632  66.02177151228159
-25.66774811872924  782.0283409230585  66.42385572662042
-20.652766582406905  777.3230979852175  63.845543614339945
-17.501432085705538  771.6841667745315  61.448402195246885
-16.22378386208607  764.8951799229212  59.68172783153557
-17.147979961027428  757.4925100046364  59.74663304750305
-19.4300896090569  749.2012307012957  61.042457020655746
-22.869155903941607  740.0686381735752  62.828012323035146
-24.99141574843032  730.1490256971199  63.215563849122056
-26.565136420919355  720.1196305624436  63.14591608710645
-28.138218363429765  710.1166693923838  63.305348697177806
-29.684206475058183  700.4604680658523  63.69337238776214
-31.107019113972406  691.3068739864218  64.35165637115044
-32.420392140226255  683.0330622130277  65.40934265841487
-31.367210751700746  676.0893949025161  64.84805627520146
-31.26527594929842  670.3760954450252  65.55003186121334
-32.059821022532  666.0387199516053  67.30405400671778
-35.362715278466226  663.4036595623245  71.68536345908724
-35.164071874027954  663.3081677593124  73.74646347007933
-35.05621301887817  666.873784702598  73.1474025715374
-32.83872451633785  673.7004271776082  72.90173385857939
-31.988167400499023  684.4117023941811  75.11039242075014
-29.144101291885526  698.261418949503  79.8040408475042
-27.858829465633256  715.8438826229003  84.36066877105631
-27.757515120052666  736.3072182308488  90.17018855867843
-28.095717360433852  759.5371436718801  96.82702430707107
-28.900737579813043  781.5950944836642  108.25709186313253
-37.22849535222729  806.4595534948495  123.63324054343032
-47.13105748477001  831.3074428130179  141.22891550542107
-58.72942298716211  858.3547853367826  152.32459072221667
-59.31863040805078  882.4711324750243  155.95115474265896
-60.7621833202529  906.4233635754174  160.00673354710742
-62.55816841280789  928.1550972118865  167.4918393826043
-64.25096473288046  948.8711651765161  174.23229486250108
-66.03798092014426  966.8023242219533  178.40668259463607
-62.30778763051704  984.2520290825996  177.17848798493847
-58.90671965832533  999.2451161585466  174.9156352652234
-56.076508888084376  1011.5422289814378  168.26429516748792
-57.094701416243936  1021.0839329526317  164.75520635934836
-61.64304940791437  1026.856303924646  163.79093810895426
-62.98227554701063  1029.6318013874825  163.78429270449405
-63.56187922407233  1028.775647925593  161.9883814194385
-63.6690506385407  1025.2248643964738  159.3819781262154
-63.73025677922274  1018.4913863233533  157.0104420898063
-63.3740060745951  1008.2518454946936  155.03754280611355
-61.56642690793019  994.8360944409496  151.9388921432585
-59.010167828045134  978.0631535726328  148.47556082310402
-55.62473977854174  958.5415617785129  143.60873199856223
-52.26122142104187  936.4915277012677  138.6912962326056
-48.62885287626925  913.0168928735071  133.1298517504555
-44.785351601478524  889.6035525458587  128.07957111849825
-41.02970593817206  867.8302385589724  123.85742149040321
-37.19259695193793  848.2644166822648  120.40928557381561
-33.538043723612454  830.9711135452338  117.19614964572229
-30.095756548933778  815.9442686507296  113.92759219736186
-26.980316358016843  803.1809356228824  109.67876462822515
-23.86324037758413  792.2949535075104  104.06210794194101
-20.850199407510644  782.8766278760777  97.00579587338325
-18.204589101957232  774.8334792753043  90.0378275358292
-16.208226993000327  768.3871662415631  84.23652364709257
-14.678947711008645  763.4550378154172  79.88853182830891
-13.600447005132624  760.1471105894841  76.49176410331935
-12.870006439826184  758.3397439747307  74.55070824849166
-12.776289268865627  758.1717009870623  74.2618204203802
-13.228703427229174  759.5930387010321  75.86211290594909
-13.865023856507781  762.4137115084659  77.64898793830615
-14.521893624695172  766.2469369700968  79.15218763955582
-14.997787452140493  770.8078165176736  80.02451017533537
-15.59873932867978  775.9259330855414  80.86024721306582
-16.27206421115655  781.5570683478512  81.64219249965153
-17.03704343414747  787.6038795537036  82.23361635511434
-14.876838068852432  793.8796630593583  82.64670348534037
-13.763989530622093  800.1489738205161  82.87081421606342
-13.899153165432292  806.1519909833713  83.00634947115444
-16.913422082526356  811.6558694706  83.0743321284155
-18.76733128519758  816.4285046109437  82.795664207011
-19.263203891578843  820.4211758680987  82.21439131349808
-20.044777619419644  823.7287974691912  81.08134179201781
