-29.406975401422024  798.1231823243987  9.390076100490788
-28.775436706462894  797.2031210541857  9.778388156856371
-28.348678478497682  796.0898661087257  10.523403815475799
-28.10412444729193  794.814558861786  11.519238879648025
-27.894603741734752  793.441648905167  12.133951123558337
-27.70780203442616  791.8574884067829  12.596251962628665
-27.706385738551674  789.999667917081  13.001067093833399
-27.883042555062776  787.6867875249428  13.387789472674278
-28.12810243963341  784.77241645197  13.732687007949087
-28.266489938676095  781.035659900743  13.909348688049223
-28.313817338293763  776.2628750251899  13.968765778141833
-28.246320501277214  770.2743383524909  13.915334130080979
-28.062629471617903  763.001048406917  13.591664134611925
-27.7705868361873  754.3868635171639  13.228062592354132
-27.518521385756532  744.4727519003131  12.738759684154763
-27.34054362914159  733.2611584002593  12.334543596167954
-27.212671040497565  720.884487572143  11.92226021717122
-27.216355357900113  707.4705149745995  11.528733668682499
-27.29192840618539  693.3114032955599  11.244370358878822
-27.496055477435153  678.8287382678594  10.951913798444409
-27.794876363894975  664.5406740638026  10.910625353355613
-28.17127520573915  650.8275460217455  11.374018037066572
-28.516069476394343  638.0568583279459  12.18507077705349
-28.77474292870612  626.9146181221142  13.748632040599864
-29.01415449402122  617.8124102879335  15.838164750814995
-29.326727621094474  610.5989530404428  19.068674744861315
-29.560334715744414  605.7652822875227  22.79184216879953
-29.848956466995073  603.7760140082448  26.88163631026615
-29.864178559570163  605.5346259682823  31.11373112691773
-29.695695263428163  610.8248556990534  34.739562762707465
-29.119453547104033  619.7374001254433  37.762050014194024
-30.818976381605232  632.2561347610683  41.97574298536061
-33.944159058587836  647.9152625702615  48.363778212430745
-35.38900255441193  666.7172848905136  53.07831838770133
-37.344859577204645  688.7076760057926  58.108587889049275
-41.04301602267671  713.1461522941349  63.569835779842
-44.733858097748296  739.9321075652214  69.74424162554799
-45.07952607007868  768.7367954157405  73.82249989307142
-42.08768780589003  799.4353845214254  76.1705253375265
-45.470844954512295  830.6317569752894  80.70213826875465
-47.8347218727695  859.5260133464765  85.45163472246782
-48.2300989946561  887.4590197280191  89.09766091842106
-47.768935739582076  912.878496248369  94.3656947362802
-51.240659139676254  936.1255463524474  100.76624729480628
-58.503140759524534  956.204016581325  109.05215347696625
-63.30224542265106  974.2956490320796  114.86604272174272
-66.61514933513627  990.8342722427801  119.44544614352708
-69.55306742457127  1004.5584006821252  121.84427179666532
-71.74236676019493  1015.5891387363446  122.50019017921346
-73.14022671275976  1023.6987565343318  121.21842553976437
-73.27480495691415  1028.9162521534577  118.27416704761413
-72.24303927369705  1030.66677754363  114.05763858834806
-71.12425314101714  1029.0908657062362  109.24015701895067
-69.40628798057287  1024.13035508425  103.85900192173632
-67.76527513312011  1015.6973833777381  98.54413713955168
-65.32226843566517  1003.862266733164  92.7852039645251
-62.63732862050905  988.5711660556273  87.10191307913897
-59.32483266386055  969.917475869627  81.05761314048783
-55.476122604215966  948.1552733900508  74.20281578067998
-50.832484682171355  923.7363731782759  66.15408001304795
-45.718456625802766  897.7373956533431  60.92793843473498
-51.22592958706997  868.7803755183655  55.38274165601121
-45.731098051640075  843.0067754512078  56.68113299687025
-41.41371445948751  820.6313241489053  51.679930675793045
-26.841905033583956  804.1591504937621  43.64262425018217
-24.026373808760532  788.0715201581979  32.57711776107396
-20.290798472255254  772.9798632213049  21.709212292491333
-14.866800928215916  759.4562791841722  17.06278487205135
-9.035729712787896  748.5051102757927  5.972375481448983
-3.8498383694504428  739.6572872916536  0.9757949571559728
-0.5794572864337537  732.80706189139  -2.7450100794723014
1.8176910288570918  727.9496514830391  -1.1385769470405824
3.648137966496135  725.5052387657558  -4.010301108232072
4.551425453335142  725.941488713454  -10.5192195463925
4.970025524100522  728.5294735181616  -17.403602570185186
5.028888048294392  732.921576796475  -21.38073775485283
5.16316929638541  738.1983799096107  -24.285039273650398
5.247310770451451  744.3532722129322  -22.944007219164128
5.335460608445865  750.5184738938291  -23.937260951780633
5.357210959084704  757.6348095413761  -27.242006127454147
5.288084160332728  765.0145252942779  -35.501684884612764
4.981661986837519  773.1227013565032  -41.29403980708276
4.515409710644033  780.6518377873647  -39.239267311261806
3.7664102369181065  787.4790834841688  -39.12852116652401
3.0085393654771364  794.2411509329613  -40.080572177741935
2.0427921287761905  800.3572173569096  -47.144825871527914
1.107259041081623  806.0530082397386  -51.06660415114231
0.058955460362135836  810.4783687876429  -53.32893420977475
-0.8772523959231013  814.1529514126776  -54.79553194708886
-1.6906247562782521  817.3289180287413  -56.32217829465947
-2.3179693964976753  820.0252829782137  -58.004803309274166
-2.763226699656909  822.3235405558769  -58.86088711399245
-3.1769013547492255  824.3500705328939  -59.550670609348714
-3.5409492191381458  826.2136732510505  -59.61458065929546
-3.9472663345400263  828.018077855847  -59.57783587332129
-4.359221313072748  829.7223406467352  -59.430567945654005
-4.804248340144632  831.3550191053005  -59.44741708770148
-5.3452813452055965  832.8646226739785  -59.53962786566512
-5.852482006512643  834.290072941614  -59.44822503832967
-6.415969742434456  835.6576941529344  -59.38396453102145
-7.003173180921259  836.9618636900703  -59.21915833198397
-7.720071589402322  838.1729878204872  -58.773727364650206
-8.581873608059535  839.2211289098857  -58.1481695164563
-9.574880890916276  840.0839896893741  -56.92846084780519
-10.82500262646673  840.782408032844  -55.41764444898964
-12.301351736970766  841.3131060178326  -53.111538563735664
-13.963061431476955  841.628733808803  -50.42049934270463
-15.643378286736283  841.6270883073425  -47.095382089961426
-17.375158621570876  841.2769019820247  -43.73470341164956
-19.230642962902703  840.577851018606  -39.87847723213011
