-53.78350266439825  817.3923524775823  172.14152011532306
-54.1497170647601  816.9607267372579  172.22396635091616
-54.434758628394455  816.6070128179949  172.16366804927264
-54.64204983288857  816.273046681884  171.63865079230243
-54.63448595942528  815.9890451642223  171.04780820332235
-54.56497814373334  815.7213743129927  170.11965668889206
-54.25745195365022  815.4358478236691  169.4342450105882
-54.034000814761484  815.1345058500955  168.7281223430472
-53.744196213057364  814.654062479108  168.119392879769
-53.56208676057846  813.978054453761  167.41189939070236
-53.256145735722605  812.9847418649533  166.58947203912487
-52.964127122221264  811.5532803089484  165.78561020790397
-52.55008523704265  809.4109856196083  165.0452558575684
-52.229455461702806  806.3533168407973  163.87870129688358
-51.83735118028347  802.1575948860086  162.5493685990229
-54.2701045139966  796.9485299400396  160.10243475006297
-58.205923376905844  790.4435109494254  159.87882133893024
-63.15663637749142  782.063974779485  160.6607983553085
-63.59363600442251  772.5170321744696  160.62660585502604
-61.79242743944998  763.1177078411785  156.83320517479385
-58.81601334293955  753.7511382105747  151.7079903717652
-57.08381796218241  743.7049554943917  148.24573763697796
-55.70827448065448  732.2056048125125  146.66857654923393
-54.02047440370612  720.548806066641  145.26824757347464
-52.599223453616574  709.0570328031623  144.28591778828067
-51.3620073303874  697.8354271734103  144.01859248996655
-50.464872266318366  687.1029495437646  144.97278525474172
-49.741177429335366  677.2155237999362  146.91800120696217
-49.15683242292048  668.9441374233643  147.2160192891782
-48.795100362822275  662.1864063429548  148.85509637864118
-48.65048922647298  657.3763630354288  148.96725963993623
-53.902806463483685  655.1286675181811  150.68490850243245
-57.20957617562935  656.2223847649832  150.58911703339376
-58.3059248939161  660.724476135614  153.69166744919772
-54.38063070279054  668.4577072246453  159.64504675045018
-52.66688805778658  679.2024610848566  166.9010367969263
-53.35744734920078  692.7072608410351  174.03883456655007
-52.79903255366543  708.6627262563918  180.60514907456476
-52.420830897794936  727.0754526928179  188.1675843297111
-51.66339373421728  747.3116547624684  197.5001639397753
-51.89532759361437  769.3291494546962  206.77096983844092
-52.121534275827216  792.6757355009261  217.13275271863026
-52.95559149321803  817.2375285834125  228.0858724876403
-55.313683911443356  841.5985838742902  236.86826478927475
-56.77624268854003  865.9591865219743  246.4197189092202
-57.27873055783037  887.9353417419125  253.57172968665077
-56.06648136585737  908.5039095278144  262.874169042677
-55.01362556461115  926.4668812811755  269.7867420206829
-54.48754101103528  943.7148503683959  275.71605368106316
-54.024369335984275  958.6733211801592  280.51359073003675
-53.76238116691481  969.9703567624322  286.9480489263888
-60.95854443055036  977.6559461399971  294.26748281573106
-69.03432968863699  982.13992571652  301.5210052795503
-78.06130070414022  985.615481270938  306.3311727181587
-75.99281835327834  988.0459351337558  301.57811173842066
-69.1592273554401  987.4633043779554  295.42152268478117
-60.91822375400575  982.8049478298958  286.83185815458023
-58.33848798193766  973.5596930411332  286.6587338219364
-60.21195433110026  959.7842452067099  286.25655113973465
-62.00451781572026  942.8518494486812  285.7421590674316
-60.961266264150495  922.6179424880468  283.366246233558
-59.129132815239295  901.0703647518083  279.17139917715514
-56.84598991664349  877.2320543670473  273.54233242997697
-54.02689251785672  852.2953120327867  264.56983100598205
-54.39169210370128  827.4878566360462  258.01941286426296
-35.12387723344891  802.100601284467  234.16193796386688
-28.802199713986205  777.5236098840195  222.56246611765548
-13.953998443517074  756.3223674005459  204.29160095396804
-27.091462192970027  737.6977318422331  210.19855031634194
-20.93311030665606  723.4732413496639  199.8336972535744
-26.294229846673847  708.8468873294912  199.2796263139571
-10.059106305651184  696.9205876554317  180.77035155107774
7.963877866728588  685.7054146620145  160.83242126443523
24.66128127867824  677.062355804073  142.84224082033347
19.920087497302244  674.8069151664906  144.22032251809802
5.984758865131013  674.8872013271875  153.90574168104627
0.02873777527361243  677.8241330768998  156.35315910437382
0.6337944103892119  679.4514212545831  152.90222504853585
-0.77724752165321  683.1318758286543  151.01179927154843
-4.12316087169464  688.788503331727  150.3719772029503
-7.1710060428192515  695.6957506023815  148.93789653855686
-8.779054781313034  703.7021792617808  145.80350589574564
-9.742421975886366  712.4192700348908  142.33828674466713
-10.879518149170814  722.0103061324293  139.25551195668353
-12.067614915110513  732.1993599204012  136.31202229232542
-13.093552420537495  742.6474669939854  133.39822667849734
-13.988116092752275  753.1334715429358  130.26151169598987
-14.950314819182182  763.3950880780802  127.26710867102042
-16.09130767459416  773.2837103334789  124.41120766181457
-17.434445240272076  782.6118658586101  121.84902087495595
-18.784976905917276  791.1386391008863  119.66649944778477
-20.132503341589747  798.7384968642489  117.28366479394569
-21.324773435194427  805.2063600294131  114.96009893119017
-22.350406355945957  810.6352183983297  112.22268283871139
-23.175697191114935  815.1354606564362  109.7951568608235
-23.801803247470293  818.8847187561644  106.73901535905694
-24.25521800891442  821.846253088074  103.80614984796597
-24.514730717330004  824.1119288660522  100.40265922971851
-24.71330512759695  825.8378849706321  97.32816876703454
-24.865976911553325  827.32299204217  94.02446288307493
-25.03464112660813  828.5287672153867  90.93899201085637
-25.188715236500357  829.5032207727894  87.75052896733126
-25.354150514948596  830.1964629833789  84.85421523225195
-25.53207723965092  830.7346484980446  82.02496048256863
-25.691483941157664  831.0870214389713  79.5648535720104
-25.829604819858208  831.2556188635715  76.94903465812733
-25.910668531514467  831.1535740695945  74.4371369890362
