-56.643249339557514  826.7405528883637  45.74232823603228
-50.74168002425615  825.451673981036  40.886844414990314
-46.68223185945499  823.8937224301656  38.057205987643485
-45.97016378917211  821.9433749962861  35.93067985482803
-48.22633075480086  819.443409207955  38.613967829607894
-45.163410931842705  816.1154754379758  36.4812431614815
-38.129467474628356  811.7462620066774  30.33368963653765
-33.11531701529988  806.2344755098826  25.49602159391857
-31.901984964467985  799.8021721448471  23.64260982204671
-33.835683877004975  792.3335705384173  24.416018286699046
-33.57610957978049  783.819545704725  23.06165796883544
-32.542489129522714  774.2131069880687  21.10864488225468
-31.844911945759506  763.8191776107426  19.723698194219306
-31.338208562066953  752.7511428733501  18.8764857067569
-30.709889136766826  741.140206714413  18.31456144234567
-29.81490841923706  729.3269674864124  18.196870836801498
-28.72394852416913  717.7521627091232  18.710946632797256
-27.931757385999937  707.0716684242551  19.80937016411508
-27.17014006602999  697.2477710259442  20.945421535352054
-26.560647629025368  688.9826039200185  22.144296888926444
-26.034385565557685  681.9552685707192  23.579409257249043
-25.635090333847767  676.9735337062575  25.124228184804988
-25.373397560057597  673.9887757058993  26.749402003805955
-22.9780353318148  673.7982903661049  27.00914398376731
-19.458402027537904  676.550284033625  27.036313914819218
-15.244188021101971  682.7307802978257  26.741944418055812
-12.832409256170006  692.560080513714  28.43372781315666
-11.152570496460289  706.3377026146461  30.794182766700622
-10.052654769760622  723.9319234782395  34.11849136206245
-9.73460209637885  744.9450901172563  38.15345028434935
-17.011604692483967  768.5399358777101  48.954476580540614
-26.563642301406716  794.2610515751957  62.64386310085121
-36.9261166070613  821.519996707881  77.91772551181303
-41.533914245886436  849.6821922195354  88.24792585495207
-46.22042824290216  877.3279020621974  97.94408954156329
-51.80718297996758  904.0925973053149  106.96449663621502
-53.16586209402802  929.6298549837657  111.65792523692434
-48.844642005605685  954.8435304098368  110.61640862893347
-46.43753552417373  978.7043596225813  110.29558495607353
-51.194605980834645  1000.272693047962  113.34296531246372
-60.07972057307621  1019.2123044211827  119.45195681507626
-65.39080983471479  1035.3590928106662  122.08326597805892
-62.879933083550625  1049.6440912890287  123.17400700820075
-62.37962448391875  1060.6955207739275  123.34396664935915
-62.99466517419937  1069.2107534178458  122.86389084539485
-67.52040942102622  1074.2188672140812  122.05171653701123
-69.26232920084809  1076.0858531881936  120.29927712725312
-69.29098023880225  1074.1746232353846  118.57590852090239
-68.95973625430247  1068.7872897286793  115.97960245999009
-68.2541436611473  1059.777273348023  113.44943506131895
-67.02721759701579  1047.1173170892953  110.52731171330946
-65.24310949401448  1030.783793323697  107.62651498534674
-62.41275865566029  1010.967297090635  103.69031834260846
-58.802936207767544  987.9471263225412  99.04238719532172
-54.28457988945068  962.198282146774  92.72885516223818
-56.56783101173859  934.5698932466178  91.49601592485307
-37.007931110453946  905.0207377662832  79.24918832629602
-27.81104908594638  877.6128470716064  73.52670405641469
-8.03169583895089  852.5884733192278  57.937676301890455
-16.72121339245819  831.4014529438136  57.81324070583655
-9.681052630138812  811.0349730434435  46.25583540659885
-13.935841919841184  792.4015561430468  45.40489928322332
5.83710393528424  775.7076184401423  21.28016512354235
7.001944041087484  761.8409348612093  13.92260399228487
31.61781264016699  741.013247553957  -15.33178024124004
24.33000895128249  726.3023671927249  -13.129009644536726
46.41144567747883  705.9423053676351  -37.903730668384725
37.73374864140317  701.2349653488336  -33.31225317106376
45.27962898679772  699.46689714992  -42.87716314975353
25.98274448357632  705.8340635297589  -27.20138638844034
25.196887278284898  711.0418560736091  -23.189253911056383
19.094903601301407  712.4964696837196  -16.626921471479342
17.71830721728849  719.70212522323  -16.10343543914217
9.919143977028789  727.4754277075297  -14.931868337539973
2.3131256946849876  737.1577565272308  -12.756763480957279
-1.8359132789264296  744.9061356519148  -12.569459317521893
-6.577756473577844  752.6217043492031  -12.877793018330083
-11.181810357937751  760.6490836823886  -13.473089074186424
-16.14495117984103  768.3147022397834  -14.146099028566956
-20.75093107444976  775.5414778063151  -15.04094523994533
-25.0249115455916  782.0141517162007  -16.378774209818836
-28.887974953924754  787.5416743492364  -17.509417321355958
-32.24629951396812  792.1443005992405  -19.274657359234187
-34.808874095971916  795.557447713847  -21.503436769865157
-36.861803335488275  798.0841490231049  -24.61155173752743
-38.35187736811808  799.5343429252038  -27.7358142997252
