-45.571140616109396  789.6562284479531  92.76250245408272
-45.6246360526045  789.3766066862014  93.3511255144523
-45.56879139583719  788.9775900906764  93.82134796857937
-45.49298993877379  788.5072861987569  94.2408850816003
-45.13639562224326  787.9360854942452  94.51883613084225
-44.72361057819602  787.3752446147291  94.77333495619462
-44.09726907345684  786.8125578855762  94.98015905020861
-43.543329201063386  786.288100535498  95.16856899217815
-42.681000051716666  785.8045605911007  95.14498243262798
-41.73687344083452  785.4003280151435  95.02778357025646
-40.56345504315843  785.0702508302559  94.84591187518323
-39.489264226278735  784.7427322321968  94.7453693650568
-38.36732574538147  784.3936896505244  94.63490402941281
-37.381841813421225  783.8341620399026  94.79378459656715
-36.5026700336343  782.9002828460028  95.27662361705957
-35.72367635773427  781.3715434498603  96.08944687290996
-34.98292764705626  778.9842712773109  96.7291876851258
-34.25792257465344  775.3774124079501  97.16404460013442
-33.59955367831243  770.2652327526283  97.32860554647462
-33.020046161423835  763.641635341719  97.40666404021303
-32.53105123989753  755.6678394036835  97.31317759310724
-32.09338872516794  746.4225713979115  97.10280868313188
-31.695455859931894  735.9779564129865  96.26233518288264
-31.363340583091702  724.508116913616  94.92299175572617
-30.874495821189115  712.3164899337395  93.33347828188262
-30.397765778659775  699.803184257742  92.06826093709132
-29.88517847100505  687.1628161144994  91.03866748008933
-29.436424439234692  674.6681104540729  90.06810989220901
-29.031641011647544  662.4966422092087  89.34306826212482
-28.66809731521702  651.0377966211579  88.95659082542464
-28.55866650197051  640.4771037070852  89.40388545586738
-28.641219842384356  631.3826680132529  90.50010098946439
-28.972449638806765  624.1079985630971  92.36230367813629
-29.302687538753275  618.6096645767253  94.3813920263772
-29.811971854641488  615.6621467476649  97.03043787190873
-30.219976922069552  616.0338014509781  100.21464375271924
-31.02661891208193  620.9683936689647  104.46780228982571
-31.153856577044124  630.4357693759288  108.89666932737089
-32.1417388349488  644.7986544775328  113.49327753352523
-33.02221087978574  663.6418532151337  119.75477072191873
-34.415915824335016  686.8347752735673  126.13203545316996
-35.46998153282133  713.3428445013909  132.3778344157263
-36.37597022076531  742.3650671054442  137.7717021814639
-37.39226157857421  773.0740118216337  142.76282941322552
-38.007683560199254  804.5391239896462  147.70914371068804
-38.411975902086894  835.8177590864602  150.8503892405342
-38.751706130555874  865.971840813072  153.68912291707974
-39.02160470527269  894.3633378520321  158.88964245631144
-47.569597203336116  919.5399216953555  165.1224886039486
-52.83658512518136  942.1755979295708  168.2254340594296
-60.24751091455411  962.1231134220615  169.53700875634263
-61.062112337987514  980.9735952140115  170.09038852247883
-66.25705051235397  997.542102014129  173.5434978864838
-70.44573231245788  1011.7089975343911  175.31931137287256
-73.3817672792231  1023.5759445142705  175.32180562279663
-75.71698871254083  1032.9844628373578  172.9437677701218
-77.26620751932042  1039.74496276427  169.2392463968442
-77.44887929198703  1043.5032712080522  163.1905073811399
-76.43764726444115  1044.1489423572925  156.7488960679719
-74.89814575843906  1041.9263854601554  149.31829540485933
-73.70411344334106  1036.5255905783908  142.78691537761716
-72.29679890969109  1028.1232515460201  136.15137345355404
-69.94213695848741  1016.6510088937388  129.4945193356428
-67.26693204179998  1002.1359248544496  122.85627357995565
-64.17350426396982  984.5834001665944  116.47372651895364
-60.969814327161174  964.1876545048991  109.95231053321541
-57.36059306263869  941.1723712457127  103.85776717766521
-53.58495958175714  916.0884087081744  97.4134785181791
-49.85722928466585  889.5179549349789  91.03191291599612
-45.36565369002408  862.471057445045  83.34721495800119
-40.51802411828087  835.8784908548512  76.42231526288214
-35.134582229670826  810.6070441485952  70.27782772909048
-30.683491313049846  787.2840820114556  65.97662536051863
-26.884611423211435  766.4888611743656  62.295708590811074
-23.752296231154634  748.4276757042891  59.09694980016294
-21.026244198795954  733.0257354866945  56.22085953043316
-18.63039487761034  719.8807910656749  53.61279656387704
-16.732125230477774  708.7116794303099  51.373299730725364
-15.282964782656268  699.7291103576667  49.5899513707512
-14.456777790086871  693.0555215055793  48.242234343243716
-14.121673159953401  688.8954947307407  47.53445159862881
-14.287934255098083  686.9340158862464  47.264336450903265
-14.665874027284051  686.9413039888178  47.33845706178154
-15.116715501884835  688.7989020586314  47.363883853163564
-15.885829466788405  692.340313521252  47.84462203846511
-16.985965551376097  697.449193773211  48.78114250036779
-18.421953600303933  703.8029986535198  50.585571863085164
-19.929195518454666  711.1480239994289  52.43538103960789
-21.448337204850993  719.1109190007553  54.47295028683619
-23.113864417721764  727.4679048685208  56.38474284104527
-24.761655161588436  735.9332300369294  59.00362931636778
-26.610334237864976  744.4219620698942  61.87797266836779
-28.405188942560102  752.699647496941  64.87945064402813
-30.273864370573282  760.6206616841301  67.36541884458065
-32.13057589128857  767.9481645195519  70.0248986642987
-34.166015575484415  774.7146944759309  72.75853426720538
-33.26608377722142  780.840782530806  73.14010151106008
-33.45131498214097  786.3112850884199  74.19458930389662
-34.81072798708858  791.1302760373547  75.35507423013017
-35.90968422665299  795.3850440815079  76.25651038769888
-36.832110037323545  799.2274577767523  76.6918047203114
-33.74444411692844  802.676094439355  74.18964671054339
