-17.04800452268226  746.9153577256336  46.08992125566299
-17.35082802853816  744.4444836095603  46.80932895094007
-17.821146660968587  741.0419011159936  47.34829746739931
-18.507462298018723  736.7053604160033  47.74968079390847
-19.320702898089422  731.2643060754976  47.92045167973093
-20.131666426037146  724.7109386178361  47.88723833095522
-20.994548288956505  716.9620924793613  47.63075846536675
-21.815240071508796  708.1573285880866  47.32542815467009
-22.539365435326324  698.251790772098  47.014673678078935
-23.047354702489773  687.38266081661  46.38098128860023
-23.345736740539817  675.651695159249  45.467064239708904
-23.505480217352655  663.4771272269256  44.779474228303116
-23.698998145902173  651.1449165703712  44.708444323670165
-24.010351967701347  639.0479088181567  45.38748434479517
-24.62966453424822  627.3709060739139  46.6530226781347
-25.428657325718024  616.524646731077  48.514878226826504
-26.6851336488653  606.6618931775555  51.495548350216204
-28.097924202804382  598.3572401713843  55.15612761545534
-29.67295495991716  591.4314206215109  59.95685790192849
-30.942051708944135  586.5505220969302  64.86169422157015
-32.19822385578112  583.7004215998072  70.4107810394996
-33.255221672039006  583.8700984583985  75.75692339108373
-34.71694479993573  587.2257541185039  81.82223927119216
-35.75021437457714  594.3181496118939  87.50895260315926
-36.45031705140964  605.4313357356916  93.13194319081312
-39.33673171921782  620.699424940537  95.10868949946848
-41.153015077147415  640.1057566081281  97.99213627571459
-42.568458440285966  663.6974063768442  101.92098913629344
-41.01373305157975  690.9729779091368  108.99965643193111
-40.40931863620507  721.3652239462922  115.08870306677758
-41.2452156468045  753.5742362226173  120.08244930127316
-42.226192544002835  786.4171263828773  125.44825740149872
-43.504150727359765  819.011208854721  131.40703754222173
-45.39089288824399  849.9847954144554  137.8568273429628
-47.32012093032702  879.0616238526203  143.32182558184178
-52.87837252959227  904.6695050909113  147.80263589622479
-54.95783773369074  926.4844355744483  156.86810547059375
-54.82553250740172  946.6000164108946  162.2030602292306
-55.028033542406966  964.8232134491664  168.25956681510672
-61.58019090542733  981.5766012503802  168.64163487412472
-71.13838527731488  994.8238062376  172.47563853566007
-77.06455687078021  1005.2818790371862  173.4424688655895
-75.51102113791639  1013.9022895481535  165.66419241496396
-69.95130159173071  1019.078711190311  155.78739018818064
-63.69641684789619  1020.860985907954  145.21668560981485
-59.4551302157048  1018.1777839901506  140.19739570177612
-56.99294783300354  1011.8975949592194  134.06260622254064
-53.42833445328145  1002.0196181994735  127.06768926715954
-49.60108011770209  988.4106630308886  120.86850599868397
-46.19845193344851  971.4672120109608  114.8594380999969
-45.63512125664255  951.2584352738367  111.66279866126963
-46.43762041800977  927.8241866842974  108.66151646870634
-45.40234403801054  902.287323149932  106.64279349947704
-43.39108757203918  875.9913350187394  102.06966990351673
-39.15919087805007  850.4770427672208  96.35674307912082
-35.419056486750264  826.4136366117534  86.53655607651132
-30.24900899207623  803.8865205289928  77.43018062841652
-26.227523220865788  783.1940922595799  68.8900675233803
-23.76698058747269  764.1274708982858  63.78254277636822
-21.28860278940188  747.2154516332291  58.40383988547465
-19.16018661582086  732.6404152414801  53.02855198626887
-17.224674444454678  720.279085070196  47.540752724988565
-15.706168391626989  709.8472050128463  42.154205349560065
-14.421541500472138  700.9769641070046  36.813782340332544
-13.43752810834707  693.8361195080945  32.21296539832809
-12.611678995090216  688.3320411174527  28.045215862434766
-11.920019492498886  684.3371131019492  24.246024859455503
-11.021592948504411  681.5160378559184  19.853867126263868
-10.189327543114091  679.7420069613024  15.730336785851849
-9.322772848444334  679.0595185680896  11.721834441541759
-8.519577065956492  679.217845950589  8.239170959443468
-7.423915686064777  679.9450915547311  4.429723521569556
-6.115596135260513  681.0354551113287  0.6522177293338132
-4.733096021105025  682.5209197682551  -2.9825748202824443
-3.4344930446038933  684.2994376191241  -6.10650427104923
-2.1321702191238376  686.1380262505035  -9.284693860123104
-3.1898185195197555  687.7603562879929  -10.345888062568926
-5.628848976826628  689.1926387546506  -10.274459960586238
-9.018332214834892  690.3098576475658  -9.184984521826243
-10.666670867957375  691.1833773824796  -9.315870009519218
-11.634337205251562  691.423782977899  -10.323596276827965
-12.173017633205026  691.0991878813236  -11.702952478916073
-12.354526487259436  690.0818812054898  -13.550332280959466
