-44.871310635446775  732.1322570672852  -69.88068668775949
-44.81620293368104  732.3064398737565  -69.23204213213785
-43.9973826899561  732.1785309042718  -69.1918852614056
-41.52907257094654  731.8606192648219  -70.25767341755765
-42.95668266363128  731.2495423594353  -67.84342535482011
-40.97050755194209  730.4723136836963  -68.1101689660851
-38.359807689941505  728.8894295107476  -68.81703956337579
-33.633334233692814  726.8746594653716  -71.07700696103053
-30.349677213769276  724.3500480355091  -72.07824753285865
-28.89537491912212  721.842592881845  -71.45199354727127
-27.47042045105847  718.9600604471462  -70.66224082132767
-26.23678768844802  715.1486575425774  -69.08300342823298
-25.50181243826134  711.2369660465562  -66.63376366134014
-25.317555338832403  706.5920118692042  -63.586057123878845
-25.421127104465295  701.625033598416  -60.09003157275637
-25.561395190133194  695.6051499379876  -56.21948638844199
-25.886272782517533  688.7764373743428  -51.687435209331284
-26.378090544276223  681.3637511033135  -46.73578918196858
-26.806442870028082  673.064107985408  -41.53793893454713
-27.09455681142754  664.3388812499335  -36.308759810880666
-27.38943439979782  655.3943047063732  -30.624414878146208
-28.028118301005904  646.8151440524213  -24.277441689359236
-29.061129865816945  638.9547086371812  -16.573238349362732
-30.428417031009538  632.4376089539146  -8.363937457787
-31.668496301132215  627.206322824978  0.2144706018080207
-32.8113642373453  624.0409092718586  8.399887028394105
-33.85870296703874  623.0836254675443  16.527184266711643
-34.775782800292845  625.2966056444346  23.863943761220504
-35.438040917102335  630.7994265203413  30.48212227504341
-35.64477640286393  640.0642549661445  36.01947624164721
-35.39004366558039  653.3898502337904  40.95864357162711
-35.133739781609776  670.8881741040319  45.61205163953124
-35.06274613343116  692.2567014335929  50.98765106113368
-35.486454800073446  717.0199234072377  56.81840797362283
-36.76292634794484  744.6183067680996  63.53292306094525
-38.28273784107995  774.210024493344  70.6098232883575
-40.62757336301739  804.4479862757883  79.66022962794881
-42.44621543569335  834.0665640472579  88.32627562650102
-44.13181372347613  861.872754373966  95.36896682217193
-44.999534588901454  887.763704494807  99.48647292824057
-49.03905186902104  910.6663542106455  105.06384041165248
-55.005314247513674  931.037857925308  112.00134317706434
-62.2010710455757  948.7588418814981  119.07127924570378
-62.968727653061  964.7103641107781  123.43767219810411
-58.42338139425911  978.5314653278796  118.71063012009564
-52.446628682428816  989.7209479320136  111.74864114407754
-52.48000181535479  998.5008596471847  105.69639973563068
-53.48240473008492  1003.5971348624194  103.54734074295148
-56.277143487523574  1006.0096464850344  103.17593139885743
-56.7954731777689  1004.1137317818166  100.5735894708266
-60.24238044367636  999.3514725885586  100.70338591310546
-59.04809912281669  990.7469781706267  97.5128178334527
-53.32387601281192  979.556527986057  92.78166288278983
-46.05469941143405  965.0638858765116  86.96043010632431
-40.43382327106349  947.2320508004462  83.01445679778502
-39.747648157725315  925.9340181777749  82.59834932766849
-39.63092893448143  901.4987276264271  83.44399837399571
-39.97529181718953  874.9861150584021  51.89884693881701
-44.90270374586173  849.5748553174453  22.213469006947115
-36.98351920172769  826.206171497562  -23.94185747491168
-36.35670390009196  805.5401703347014  -33.472195556217095
-24.268137471403413  785.5560374793172  -73.44195550281195
-30.178978027776473  767.2859893359284  -91.27250290546749
-23.582360611228754  750.6010873706192  -118.78040634503034
-26.58589843546408  736.681748877266  -116.30240961854119
-14.095541885213358  709.357980424729  -144.65371268875168
-16.914525656119647  690.5209216859826  -155.74139691894692
-4.862149878092235  659.9385272118157  -191.60205726527798
-10.611928896323231  652.4743494463015  -177.3235972699114
2.955757549569195  641.2724890807618  -172.68323967785008
-2.2954749615370282  645.6077478561988  -145.13314545945144
3.3893147743048226  648.5046462851326  -135.4056856616328
-7.132028861700964  652.1857599850263  -120.21903694801546
-4.888300017056477  657.2756053316776  -101.22432953335765
-6.229463423350344  662.0368660673496  -84.11704578503841
-2.400287768509407  669.1674981906731  -67.92835086093697
-3.4465672311530153  677.4105544824823  -52.423133786122655
-5.117096050221276  685.9280917571512  -38.49515436418389
-5.574988911286315  694.5447844786668  -26.747460041204945
-6.249850273065045  703.6250756220404  -16.035280479685856
-6.865302991779383  713.0704093163768  -6.007293566516793
-7.89703955718813  722.5051819570897  2.8578692202857345
-8.923257222942519  731.5432528914156  11.062224596086782
-9.905597869532674  740.0457242831988  18.283781466120615
-10.90999273931347  747.7549330087652  24.99166777953631
-12.007966547594522  754.4509064321056  30.96241331193908
-13.231176742071414  760.0457679465718  36.78867917174606
-14.539081765181823  764.7261649452571  42.1805990406786
-15.776920832961736  768.4294027019873  47.311797221252576
-16.79008032839037  771.0374406293358  51.64982894064407
-17.68436640202498  772.3490140819073  55.392127960782545
-18.564928883828788  772.6659725381323  60.980400041887975
-19.358668589048463  772.2228487370775  65.13445171315571
-20.052958785781794  771.202462961055  68.50717139096537
