-34.384195004080425  759.9682542943566  6.839732903755655
-34.285754333023206  759.6073321825754  5.5708385740722495
-33.97416315699872  758.9760646559658  5.262114139887626
-33.58770305938001  757.9844096916534  7.225777056209425
-33.24638602050533  756.5428065274475  8.501380944555262
-32.823606946748455  754.5081684189998  6.575055577310028
-32.316953252081966  751.6160689345803  6.125924099004324
-31.739715491964308  748.4390072785809  7.014967289620833
-31.31235903383501  744.5841676064078  10.329533183337483
-30.626994843141883  740.2457398457522  12.28689007422849
-29.87031957097145  734.8376677605402  12.980292559187644
-29.054739773999327  728.6539389282327  11.935426603797348
-26.122397214238994  721.5256439274392  9.974798465333976
-20.59292905452333  713.7489560085464  6.639767693548118
-16.68503718210937  705.3464920588139  6.526891797949446
-15.750591099480307  696.8114873354466  7.956493696227066
-17.608818040543916  687.7499097823099  11.279377413356995
-17.72849882386199  678.4995348890695  13.154171677051949
-17.414386275064864  669.2676887592735  14.736183034766697
-17.385478740132555  660.4931741031141  16.66494470241902
-17.728658684885453  652.3259518586517  19.292512565477715
-18.1309268830611  645.0451330490523  22.649667674134047
-18.47669755087575  639.0166356448951  26.05103083173118
-18.951583016752465  634.2059969893734  30.037175101066083
-19.601160734463416  631.0181873931359  34.25782135935351
-20.23042835875477  629.9153306168886  38.69979081647032
-21.031662567988434  631.8341667116681  43.12766972284439
-21.807613403604353  636.8986696694951  47.71412360393318
-20.05925019769543  645.3015951725702  50.11704620045843
-16.587583876563304  656.9506811954698  50.93724371288248
-11.379340269325786  671.5582991707614  49.9403528820736
-10.960812695647162  688.8230577399955  52.43723270277401
-14.559847680354505  708.3908028685365  57.86726157526522
-19.937896839948273  730.2097832684167  64.74857294668172
-20.667337538979876  753.9163742803976  68.77070410245962
-21.390656618656948  779.4480196660136  73.99266633865676
-19.992335504510844  805.19999722792  78.37120817697968
-23.375433470462553  831.2254546639106  86.89069000188039
-21.345848376647936  855.3395911383323  90.38305012551977
-23.324453316196333  879.0502746220717  96.68441455803077
-20.278683849578858  900.176104664781  97.9937843200553
-16.86269257414722  920.5337402896268  98.63764855991762
-10.89494824320333  938.4827456723402  96.4358559163786
-6.60199566997171  954.502463298394  98.02592924748775
-12.415123206637183  967.6533316934017  102.72616229398375
-18.617117817942287  978.3910263273181  106.95302602660288
-25.884634688987717  986.7945102851352  108.33380442742131
-26.611537828342776  992.4263471595738  107.47661862960928
-27.79698077648521  994.851584845478  105.5846867031381
-29.6422586647994  994.1244325388633  102.7863805100944
-30.35056972206967  990.4087026445461  98.38926578710823
-30.231650210085597  983.5477421841996  93.2515456321714
-28.580184775222833  973.5064611715826  86.88654853276518
-26.80732201858284  960.1155454230836  80.94902489565966
-24.561345673845043  943.5413067452844  74.75461641972487
-21.42407662497575  924.100566021087  68.21469990842866
-17.497014350339008  902.3524001931546  60.91504117359373
-12.684793742870685  878.9163574442741  52.597394741271515
-8.036372538826665  855.0184694783605  44.371150579834804
-3.9701413663571454  832.3018024852701  37.3115139966067
-0.6348577029211562  811.5879132027683  31.92476640934193
2.4857895373356675  792.8782378504784  27.04543320476859
5.861600523295001  775.8487000576439  21.850930627415444
9.295540681565713  760.8214153843151  16.124182772558438
12.60522233411476  747.9576111225595  10.667577126336386
15.71206504667375  736.9969822022207  5.318692517552598
18.799714140373112  727.6535552021522  0.28892928107893123
21.796348715752792  719.7211786211114  -4.675347709382277
24.336847989810018  713.3640284415449  -8.994049751481992
26.357582403340558  708.5402319486984  -12.526870316987043
27.91854416199378  705.357832051966  -15.211156747402473
29.17665342640878  703.6733657831842  -17.047279155521856
30.15097758716324  703.4468158558132  -18.098180210096952
30.910291446089545  704.5215255101509  -18.42061864768629
31.567203878124488  706.6884538937265  -18.61043100971183
32.100301187472475  709.8183541368552  -18.68686134630243
32.44956519065732  713.8666456474663  -18.718936671164922
32.51714478618838  718.7535593805015  -18.507444048120302
32.375443686066525  724.3372298210876  -18.053430027873222
32.07173071606365  730.3641291099547  -17.49886982539659
31.896783008306045  736.5940935119831  -16.930436989857185
31.82909136091024  742.7948284338742  -16.47721650780153
31.89085350719186  748.8782987821751  -16.079980362381104
31.86992690981729  754.7671699573843  -15.770174401663704
31.83523912528614  760.4027887244213  -15.472396260887516
31.83603655143895  765.6413624262298  -15.372348315323883
31.873056431830562  770.3930872905106  -15.502479106007218
31.900590471945602  774.5870408975901  -15.74159268078293
31.892828389414817  778.258453662017  -16.386016595583154
31.914890347802007  781.4549178750962  -17.174479994823088
31.942727387335243  784.2663940189306  -18.527641836565035
31.948944497681655  786.7810192180181  -20.054646151720178
31.90596454497554  789.0752844589565  -21.8553906574343
31.780588323635534  791.2281874041274  -23.68187927951572
31.563132012678746  793.309610371891  -25.26307780250729
31.100105720788342  795.3652956839906  -26.744386153467815
30.45168838746998  797.411599642123  -27.88030506808066
29.54989562369352  799.3947609451361  -28.92869055762572
28.629983383533265  801.2430230059085  -29.77541788889965
27.66608839102048  802.8871512061311  -30.689983261947642
26.8387531883132  804.2966863104111  -31.45486540531519
25.927065246753802  805.4779320137137  -32.21887197976486
24.958308354164284  806.4697548101626  -32.70853899020976
