-25.451701763247435  759.4346733517579  -3.6047214246552333
-29.27653184180496  758.7749036943463  -0.1260464779890027
-29.116708024940827  757.9040114177819  -0.4032779160612323
-29.496002225135253  756.8064047681852  -1.2151788053278143
-26.979017405995204  755.5187928445886  -4.019340366255608
-25.433355876390465  754.0067420095825  -6.185341623786111
-24.27611354678334  752.2638568418106  -7.333767648677471
-23.261985759905638  750.2822072352435  -9.035035357513529
-22.297120664276235  748.0233079624263  -10.338115193945066
-21.26164171916886  745.3548683617065  -11.301364867522224
-20.269826758315567  742.0824803013462  -11.845450242680549
-19.264212431056205  738.0218400878166  -12.002122538792356
-18.166287041590316  733.0100979935675  -12.127042025056715
-17.189282451800896  726.997185588358  -12.221644170999614
-16.27211405024148  719.9548852915995  -12.470613668131433
-15.443829654125558  711.9604911578358  -12.626752893207584
-14.710081766101808  703.1178250148972  -12.884082224523462
-14.024644957982508  693.5695968807822  -13.02614840398985
-13.448067272531532  683.4362854916841  -13.074594951356493
-12.97884100012286  672.9496929796  -12.547706548901104
-12.762324218858033  662.3726664406  -11.058426402747312
-12.846041401949591  652.0178121009454  -8.513961353939779
-13.160417481430567  642.0315042367015  -5.070798682616817
-13.492303046861576  632.6331401561913  -1.5460595049451875
-13.85804239365283  624.3942169892547  2.185455188356225
-14.471136942844076  617.6388956154617  6.01571753051339
-15.393761158342329  612.2969880123194  10.440938647170979
-16.581010627891423  608.8807275012409  15.044954897309825
-17.86969914619903  607.9525647843085  20.149970219800654
-19.14469415861621  610.5288678628231  25.186170935393882
-20.269183879236635  616.5501754720191  30.570691903773593
-21.233466371285704  626.4818504540889  35.34096857543111
-22.241592147903624  640.7925320093101  39.563932191463635
-23.302339712905148  660.1414588228187  42.94506860323286
-24.358199033743414  684.1970980776324  46.08577577616188
-25.642468768134318  712.2448718544837  49.66357425625789
-27.309066254246527  742.8585326522917  53.33781230031842
-28.72809423961663  774.5144854270671  57.08059876592934
-33.73539700108075  805.5411046042867  60.34419808773755
-37.0906666621027  834.2396103269703  64.53299852330063
-40.795605990647616  861.8128993581375  69.79270386669299
-40.62761951846178  887.3536665460942  75.21133244299736
-41.62063030148868  911.1251832828195  79.45465552333224
-46.46457712172269  930.7506767647886  85.81237683675758
-53.12461016805294  947.3436076598513  93.81280816476011
-57.06770787192171  961.4695198264615  99.54684123713004
-59.171875614893466  973.540022385002  103.12043496702842
-56.58713575585368  983.4508699898654  101.76279487432917
-58.82223106460244  991.2972308282461  103.63616658910223
-59.511833745938965  996.2205063361782  103.92349683109454
-59.115802349913  998.5640686707192  102.91906355086094
-57.98229111303106  998.2384622762514  101.05584915831462
-56.12111158948282  995.4462747626576  98.24356565384404
-57.99248965077875  989.9252153592565  98.61749753863691
-58.11098325310351  981.0530446756329  97.16282398850551
-56.60954501852545  969.8265382180646  94.27768998627027
-54.2724493281152  955.8579706614828  90.52303629069642
-51.343365230000714  939.3602454596368  86.44026168224416
-49.27189818506545  920.4195317967592  83.09743943579416
-46.22757750185129  899.477737601447  78.72487942293883
-42.602008782944765  877.1176892171738  73.62160922724298
-38.214686878497176  853.8298693420624  67.36663438236457
-33.590979347294926  830.1359579271349  60.52169301882308
-28.693818541956706  806.8416969855723  53.106989960895454
-23.89068688281811  784.3001613841737  45.89446305653312
-19.91472237231396  764.3307143570146  39.3267196707324
-16.47345190348511  746.5037112494947  33.40701376366858
-13.420418335358603  731.3551164879239  27.39409093133158
-10.603146379491562  717.5562800580224  21.495458260395143
-8.110595484183419  705.6842773170787  15.507709735332604
-5.963215915604082  695.7434477461918  10.068027420182538
-4.162228371015346  687.5018206698389  5.134277013863806
-2.8136791919566266  681.1398599723819  0.7513022951382076
-1.8723311552813797  676.6530344704393  -2.8468477218859625
-1.4167816397551067  674.3393137719913  -5.691724969671101
-1.3109498054515676  673.9408708288554  -7.512362432796564
-1.477537854182503  675.2361824641883  -8.643236601918952
-1.744874527078398  678.0197389384821  -9.408461053891797
-2.076227160218619  682.0550088092444  -10.021709222520547
-2.5480946358357746  687.2022131015952  -10.633801410099869
-3.254102235345858  693.2330605177957  -11.028673902653466
-4.064183751582644  699.9432142289132  -11.282339961385581
-5.0186866387576625  707.0083894495039  -11.287932631318908
-6.019730152717571  714.1585432633816  -11.114639890997298
-7.279308676779939  721.1912575701488  -10.428093774556892
-8.60291368189796  728.080421878718  -9.540502532614017
-10.142510487716972  734.7295807988332  -8.045506612609087
-11.576425204733763  740.9895128700732  -6.766788480262026
-12.897517150480775  746.6053082976443  -5.295706786379915
-14.014424775201176  751.4385889269272  -4.024398147052742
-15.240235787503831  755.4775740965244  -2.1674379948647227
-16.600659175704568  758.8488968737503  -0.16277676514606187
-17.878505136703012  761.4084713831149  2.254729590786816
-18.936933253199168  763.0474974472452  4.482544737167922
-19.74235926603897  763.6474285909452  6.953378552611402
