-34.3810044890881  769.1161835440705  21.468390447286247
-33.895818488893056  768.6796639356662  20.96269431145179
-33.38252235430888  767.9520494694433  20.263488248117632
-32.8737091241076  766.8412313557783  19.627529963914988
-32.588641084518265  765.2808564769522  19.128110509222758
-32.420549036364484  763.2174418477388  18.887950341249176
-32.28708307352403  760.4483853856974  18.57618064049454
-32.13601349035291  756.8220230669513  18.094501337874885
-31.89195950735841  752.3206310166398  17.294427849094546
-31.622627930264763  747.0739797242474  16.307361097241987
-31.471578285983075  741.0303888801593  15.34216574574439
-31.403358989060397  734.2038560092119  14.651096521306295
-31.395319666002443  726.5873773371511  14.292414618907763
-31.63594334420863  718.270180370926  14.295628079036872
-31.894461839439916  709.222704040212  14.454330507779662
-32.360347859336805  699.4601033297074  14.811332184096873
-32.676894446631024  689.082042635901  15.712088113890932
-33.124169316327354  678.2857784642371  16.798565937964014
-33.481726741367964  667.1640811051229  18.045499477846043
-33.80871277538788  655.9054199468976  18.88828015269719
-34.363680267381376  644.6418769352332  20.256799983311883
-34.92300294338695  633.752801135924  21.91258970821376
-35.846199505481444  623.4484521984268  24.186048157504114
-36.7376025291257  614.0532789152006  26.580334559946625
-38.00447825259542  606.2841173914603  29.528291570209195
-39.30283393724636  600.1398345720307  33.1134923723982
-41.07921477097948  596.5664980266304  37.70204417103398
-43.34289999942855  593.4759282629686  43.58680410388651
-45.97057281117194  595.1273293335364  50.127216784684315
-48.39462090892773  600.9258881358284  57.14163793777652
-50.463951990969264  612.4307351038742  63.80859360872245
-52.29814024768462  626.4403936078547  70.18763732576298
-54.04829868227276  643.2898030555078  77.0016262201041
-55.643010517628284  664.1563461545752  83.3782889846313
-56.70913654343533  688.3213157572051  90.40886050962467
-57.75978115399878  715.4774804598771  96.0491333311057
-58.618810283752474  743.8936711293775  103.23352079640358
-59.62521297576096  772.9208870695679  109.88466748023367
-59.94470179369697  801.2811738213253  116.32091326274987
-59.27804171883056  828.3263597796691  120.72661254751469
-57.49355886575496  853.1848790324772  123.56193780225092
-55.12402195472448  875.9453726040521  125.04904273614409
-53.10303510109599  897.1561090383864  125.15890047861166
-55.51103952301287  917.3861617844886  128.0428114784089
-56.77772094230236  935.2990602798841  129.64197656786627
-56.35223878273633  952.4144103424111  129.71710582041024
-55.84085149110901  966.6607080061527  129.01544869768014
-59.171773917532065  979.3602499314153  130.70904163037216
-65.68306898833657  988.5866925430439  134.1003861493422
-69.14048159337703  995.8482901378633  134.55588423320887
-70.83617494819887  1000.6139438701107  132.7581226913767
-71.8601116251317  1002.3836480610732  129.2607479252475
-72.59816234500954  1001.0243530679384  124.72841657869343
-72.41168343750671  996.5393634600036  119.02409007223359
-71.33412299365298  988.8983998246235  113.22323856259501
-68.72353279368747  978.2010222854688  105.95235897876829
-66.41371314937356  964.2581408373885  99.19138201469224
-63.08927696490379  947.2538524344278  91.35113815087284
-59.56517879239056  927.253588605239  83.48833684739525
-54.90069871175105  904.6339379983933  74.47121506929045
-49.9154104265133  879.8934952701145  65.29414738262739
-44.848957880616524  854.2359593931953  55.76544359560977
-40.2985870345219  829.3976354626711  47.63390476197446
-36.495291043224164  806.7304395912015  41.03791761336217
-33.41460282457837  786.5945972144468  36.98252580910803
-30.543476401181785  769.0362121164536  31.352480064085228
-23.411782648015343  753.450286722246  23.970941874267456
-15.960119493940194  740.0887451383774  15.311936896599669
-10.369373232617482  728.6511175978407  9.548859344677819
-11.315199493791646  719.2936848486706  5.979630092342275
-12.944642864943305  711.4646120529485  3.0844555808715546
-10.981252697913495  705.0925432950104  -0.599759042030152
-9.117535382275765  699.7153028666061  -3.6739143753173535
-6.548893163630212  696.7340100826345  -7.618485268681981
-5.716185240163052  694.8758516432339  -12.904264595351957
-2.769915376037604  695.0096012425543  -18.706127243813736
-3.037843961213453  695.682726141255  -21.149907628149396
-2.911200629770479  698.3485989970355  -23.036028920164306
-5.301635166029584  701.500201013339  -23.275897410145173
-7.929375187227942  705.9934198796772  -24.462933263765574
-12.383620003560273  710.6920109092325  -23.786994640286025
-15.787577868475216  716.3094321175674  -23.938098023829436
-17.511751794382935  721.6121278646065  -24.57912454985194
-19.358211033709495  726.7908514730527  -26.001819866844144
-21.063853017169485  731.7057565305171  -27.94511279307214
-22.676209183412173  735.8319036118721  -30.44132348423546
-24.083544362143662  739.6092270747021  -32.71189458972914
-25.391516798852216  742.7917805068438  -34.8264922854666
