-33.536569157818796  778.3453725404316  44.3644740323154
-30.691550126495546  777.4531874178102  39.172959898679764
-29.533513491669925  776.5947597568651  33.354614756839155
-28.879368037520464  775.6816010537061  29.189139761723634
-28.158059169770777  774.7324270303318  26.86367420172082
-27.391519974471933  773.7760034748931  24.238854962659843
-26.805035592178577  772.7998773417007  21.6654299258279
-26.552981158201455  771.838634832187  19.53032527922142
-26.5363301165179  770.8723742166023  18.1837154757692
-26.537722251392577  769.9350608619644  17.2027790806499
-26.622909636595303  769.0327388409185  16.553487578016036
-26.680309969360724  768.1684395116715  16.040595792435557
-26.931400391508497  767.369649782918  15.898134525761515
-27.176023920671877  766.6520541517593  16.135914931579027
-27.58793664619112  766.0297016436539  16.535466613555254
-27.989065570540944  765.5080411163651  17.370429930168424
-28.482339687284146  765.0717826507959  18.256454474187475
-28.988851027024573  764.7065355431865  19.440038684406463
-29.577963231464082  764.37516813822  20.75896707923708
-30.154447395313106  763.9043455115277  22.287780160194337
-30.58408730145336  763.2850434950119  23.928590353524225
-30.800649517817412  762.3095750423428  25.758772656443696
-31.095204059134065  761.0233197162861  27.67153936672572
-31.535149500647755  759.3752002379235  29.90958820201563
-32.19019940929571  757.5103805003865  32.37484109236295
-32.78290784854353  755.4307511239939  34.83206070888403
-33.25324716692981  752.9275858276167  36.996673628304
-33.55069112306886  749.7433221757758  38.679333312286545
-33.68938950606071  745.7942437332119  40.29455905548164
-33.75028700673733  741.1373166701231  41.73837778716489
-33.64091908141753  735.7968911913403  43.26023531151513
-33.38975648552678  729.7425161997586  44.61236413684403
-32.8252811503514  722.9914012462762  45.95478845041153
-32.20733027876172  715.7708086300887  47.48540021767715
-31.47086337534935  708.3349204921984  49.552098487951596
-30.92329092142585  700.8985997199578  52.16053007554993
-30.18729140142689  693.513295786035  54.66492954605427
-29.564980890914402  686.1021969843194  57.19144884720556
-28.80658098348478  678.6505027015749  59.66108339680481
-28.175281321575156  671.1569907105107  62.47148641919576
-27.51074518985338  663.7312569877998  65.28072166060129
-26.982365410906823  656.46383289628  68.24298998373271
-26.557877037091817  649.6123937850607  71.27738616344251
-26.427460555363997  643.3463521351532  74.99645307797213
-26.608897814348897  638.0162208143506  79.33379403811806
-27.161503875945616  633.7761595773304  84.39497099048333
-27.809340961707143  630.5716124010219  89.4751930317186
-28.849742405557187  628.8066198391147  92.26926597521683
-30.030420264115357  629.0733293458713  96.08285348293862
-31.47508122770928  632.4186514972113  101.28909728355943
-32.732620654379325  639.1584178325687  108.54510075173961
-33.985403439183536  649.5721201144736  113.94249850314662
-35.245406373868086  663.865027328655  117.43556496832514
-36.661624494906945  682.3967345148475  120.81318671746365
-38.4564611487559  704.8202889109696  125.46127180927928
-40.703671701386725  729.8820773376892  131.8482615937443
-43.378903332262645  756.3389972758293  139.20654669899488
-46.01859544389754  783.5512494209988  146.7228639734759
-49.024450515151216  811.1504059325418  155.06966884911975
-51.77735901768175  838.8296611097537  163.00976911557677
-54.495622126297484  865.7400376346017  170.36454127886392
-56.67013342941133  891.2669064217157  175.1305999895039
-58.664722004054916  914.8768950649516  178.9471304008175
-60.22747091782459  936.3854007704456  181.16737995423523
-61.21591021815876  955.8679251251835  182.04736259237467
-61.69956930571838  973.0956081271122  181.2254192769744
-62.022262734395994  987.718298188676  179.15802902673823
-62.38911708501907  999.9771221595463  176.2005026563925
-62.666808563889596  1009.3463380463706  173.27579293833938
-62.941439566522725  1016.0119239558612  170.46354018635236
-63.127137922568224  1019.1726363096958  167.8240723855996
-62.93091459342445  1019.1274273325187  164.91971527417778
-62.91920668517801  1015.7342359754991  162.0606879301077
-62.29256183832287  1008.8039177024932  159.36392358932207
-61.913800974189535  998.4808701595085  156.71909804569498
-61.375830763429136  984.4470809349643  154.35445621561277
-60.86445836267738  967.045272763123  152.28342294436445
-60.0588627947715  946.2688159419484  149.77858327813775
-58.70921085143944  922.5041521877547  146.76484425914148
-57.44676753081338  896.1721364984124  143.61440559286893
-56.03985485039136  868.0872597907754  140.14967278626568
-54.478349548761635  839.5997721477518  135.81244110759727
-51.93346719702216  812.1668595708304  129.74882612800138
-51.44030799730349  786.7813212744405  123.30245223423435
-49.6631198280365  763.6609661602762  116.90774666862096
-47.23663361518939  743.8448273680092  110.84028142808995
-42.611697960789144  726.9528295651635  104.652224258318
-39.120666824792586  713.22887424234  98.32740608965808
-36.950152778263885  701.5466285762786  91.71000958486518
-34.57794375088393  691.9328682390084  84.78466325369402
-32.20045117873987  684.22150724885  77.45105620182815
-30.016980967933677  678.398190983955  70.41082767354541
-28.422314515701746  674.641966161304  63.68411110044885
-27.13737725050289  672.8608451511744  57.6135002267977
-25.94224869625151  672.8853322230365  51.73883018203926
-24.78485264254746  674.3918464710401  46.20584692308242
-23.57134273958591  677.1552426238138  40.87156162573921
-22.19605523057369  681.0645478287961  35.68993698226343
-20.739132444932682  685.9675267872327  31.008284679990258
-19.411463469236406  691.7083632417399  26.764424186639324
-18.271909940859516  698.0519721190778  23.066096380339335
-17.282728228148525  704.7439740750825  19.838653320933943
-19.07615028921885  711.5804655064911  19.373502080802037
-19.9984810465495  718.414583966203  18.592441392728738
-20.6058869342516  725.0263523635743  17.939586669750735
-18.132425117378503  731.3396372538036  15.298529255354504
-17.001090389443373  737.2163141456444  14.155550077338823
-16.58858022210523  742.2521441544645  11.255714671943146
-16.742591651216024  746.8701471104612  10.167576502112638
-16.906232601799346  750.9138846909934  10.854880072943827
-17.11933081024281  754.7145404506709  14.804430964422066
-17.422170521850845  757.7033592096544  17.970090036095062
-17.658203538401782  760.0625989051556  19.643324343439595
-17.66930282793885  761.905416530242  21.17120545862665
-17.512185037529203  763.4512624733395  22.5502575781909
-17.300148779495437  764.8278615711328  23.992121078846786
-17.103337306902013  766.1203454611906  25.149411186899876
-17.07962567065841  767.4487174926327  26.078973205750476
-17.12347274969049  768.8099829410672  26.932569063539333
-17.283681083659445  770.2313562424202  27.74045463915342
-17.468320448800725  771.5683967135554  28.57998939677374
-17.822389657463887  772.8291323563583  29.48809656151461
-18.188986076284117  774.0388769682543  30.45649398334145
-18.71816037698733  775.134221277707  31.49518533054032
-19.114167080399437  776.049099507287  32.538731863915444
-19.487226829991936  776.7705524153953  33.51253426701069
-19.620896877640842  777.2954587531252  34.404820250790316
