-13.420224960732105  802.9002159820909  36.328632992601
-12.533842489835614  802.0833151295692  36.45772716943509
-11.832365822586102  800.7856267195258  36.51121034346413
-11.172010478128962  798.853599210902  36.58635230207979
-10.543012955923675  796.0143024653396  36.69758864442841
-9.920573213400807  792.1945136884284  36.72574943150104
-11.791486101234396  787.2005496517206  38.88444329886356
-15.122925862034243  780.9099977169896  42.44119772129211
-19.418523221652762  773.4243278416725  46.86948772164561
-21.949243991936985  764.9294914205188  49.79439018815384
-23.71005627261053  755.6333975399162  52.002589838150776
-25.25972368782424  745.6161192713522  54.125617185856996
-26.768278152554224  735.0191279738061  56.152021070168665
-28.07068900957234  724.1045967559082  58.03903725049699
-29.07862449868729  713.0970628701878  59.66030031660341
-29.78727062453108  702.1709743013964  61.209053832659606
-30.357414574771145  691.5580201465814  62.760229706973206
-30.84976726376451  681.4695915059849  64.32081102211274
-31.259743902665797  672.1773906975073  66.06548301610573
-31.798500076802476  664.0829518152073  68.09374598680684
-32.47560905531687  657.3386557458346  70.37536794558227
-33.3203984841651  651.8365021763894  72.9575608346976
-34.55182159783935  647.7960980551155  76.02972510066314
-36.08318876459871  645.6159585612568  79.68107736048195
-38.259634122340316  646.0126970442254  83.66292252852898
-38.19334400303254  649.1404101978527  85.59932809624424
-36.68794562149699  655.590952004355  86.03366274007699
-36.63425995116349  665.0807019828508  87.60345779074942
-40.806345120329006  676.9631899738176  92.5545480020102
-43.68942110229529  691.0623251503878  99.85409220720122
-43.312969631039664  706.039497413658  103.89242110453526
-40.94082369391556  726.1309758156337  106.58033085557165
-41.48614501546788  748.4405825420436  108.56288437000848
-43.18725580475593  774.2321613619426  113.34220644241584
-44.1157200309343  798.9831252854582  118.77539437246654
-43.970572772014165  822.717277802342  123.51691401812471
-43.33507191463599  847.1814491009275  126.95108219482339
-42.88443194222604  870.1766845115892  129.09035111222985
-42.4410381830708  892.8560272577824  130.62415633000754
-41.92265354286016  912.2858954947624  131.3472085034565
-41.24678232560089  930.1334042709254  131.09568151983024
-40.818556504174225  946.3800325794983  130.43230995754342
-40.668895140366516  960.3313180143198  129.02930467788346
-40.61510932138407  972.0579722021611  133.25737699859016
-40.57921047929823  980.5336840702083  134.325684269663
-40.270697096353  986.5237326421392  132.4148087404388
-39.705992192697  989.1498486885408  124.12805151801483
-38.76904127876235  988.9028857021711  121.59986202557377
-37.598227546061835  984.7967229131525  125.64251544403506
-36.15233369914655  975.3462417520265  129.59556087471566
-34.51793641412759  964.2080189622538  130.30570795034726
-33.36516136009941  950.269294752268  124.20888972658584
-31.777580709149714  935.0302805102341  114.85471137765721
-32.87318305201064  915.1254548612419  103.19467167166763
-34.635487009785486  892.0909588547531  87.35811905012172
-37.68796299588098  868.1980709925939  81.68820680954745
-36.44445567973296  845.8480999963865  75.12679616069748
-32.11164144390591  826.0734094019012  72.70548648996144
-26.89433353535981  808.6719517633596  62.58316139149947
-25.246344333083144  793.0638032511245  56.81975080022845
-27.530500973495354  780.2577847381708  55.54424348774179
-27.73354530194715  770.0198789563678  53.017295250641084
-23.807622767223922  761.9143507013654  47.11543046188403
-18.03274671388867  755.3160299262985  39.00603001462436
-14.598145479954779  749.9564796966658  32.28811065188996
-13.463604388313735  745.6539605023586  26.525249620847653
-12.075960658916031  742.642344972882  20.62850073748589
-10.755794153537142  740.5915213499463  19.64246206084149
-9.666878786826294  739.242542681019  17.67811319821117
-8.887533789693498  738.648639275359  20.129163252409523
-10.662180837785838  739.0799935976955  18.262514830599464
-13.91522179865735  741.6231127346127  18.409290644318443
-18.371223118468766  744.7135012048291  15.661744301422512
-21.26334389025709  748.3068099366893  13.286360503370139
-23.72189806099844  751.2248933436481  11.29701156651501
-23.34472483631781  754.1748919771844  8.798407318278196
-19.776547200587434  757.0252967746205  1.3351033292380379
-15.082183544578692  759.5862972796215  -6.789577585147014
-14.677851332217434  761.9746161639704  -13.161735233468205
-19.295289562462475  764.2297538173806  -13.907262138072998
-24.35189370639548  766.2516373140973  -13.969071069896497
-27.489494793280194  768.0247484499614  -15.872417290293335
-28.811745492366782  769.406489284379  -18.003945680234757
