-18.952156370921468  817.7370337921556  54.45815323070734
-18.832629722117296  817.7156234739291  55.97167567068324
-18.529897131185358  816.9661974959104  57.1721928793797
-18.01342373609237  815.7239852720305  58.29406973567043
-17.407038270383605  813.8912662911065  59.6710839305955
-16.69124452883751  811.5915307906416  61.47812555587953
-15.831733798577016  808.4648254154523  63.25994459652605
-14.964615420634482  804.3611194081427  64.7159397122564
-13.718914919315624  799.2394308971717  65.245144691366
-12.59629401721853  793.1134491003144  65.34286456082793
-11.426002835572895  785.9378107014654  64.830269014607
-10.590281011414818  777.8268881903183  64.19732407194792
-9.801971775519544  768.8728497871765  63.57033719387566
-9.087680757380177  759.2675223345557  63.22610209782807
-11.061985837138245  749.2157437642287  63.06733427363582
-12.18952628962821  738.7625655972181  63.467359237736815
-13.120267708885125  728.7335412091873  64.42999704687804
-11.529060296068913  719.0328578365459  66.3182154187443
-11.128442798637584  710.0409075927171  68.63957363435287
-11.34128604129476  701.5114382499871  71.49869857641848
-11.791619991814324  694.3091763107069  74.6416691142663
-12.468187854587587  688.481145149893  78.4606035988325
-13.046609872800396  684.6522231424811  82.71480991782681
-14.122444694891833  683.2857263057231  87.55335560521212
-15.295570431923613  685.582698644849  92.50917085156954
-16.35656160575222  691.7927749442067  97.29325863596341
-17.729502869994455  701.9651172733941  101.65867732617554
-18.965666965670316  715.6136637888316  106.5444315420934
-20.582388102279054  729.7475438696256  111.80906112012676
-22.083757715702454  749.1101035651135  116.9334283719911
-24.087923282424814  771.4199066801465  121.02784931204378
-26.67717549200889  798.6568993971389  126.52023377155383
-29.423890944760693  825.1002446626071  132.2197967647261
-32.36038862964699  851.5345660218289  140.0131999175552
-35.457397320567985  877.9016550408544  146.25253101723376
-38.057647083676166  902.7510714753219  152.1381694728891
-40.040654621332585  926.0726420747187  155.82884074299474
-41.064464512498056  947.0311849094163  158.26952911442487
-41.59877389596522  966.2881274402675  160.09625878313722
-41.558672429255004  983.8058601175724  161.287699891335
-41.404773567840884  999.0539795021621  161.78542975059761
-41.10099812836147  1011.6518773805171  160.63175478531116
-40.86773531674008  1021.7238192937419  157.48664779060073
-44.18613485477034  1028.9536298417827  156.4487013751227
-49.55532563087097  1032.1120582669719  156.8510504491209
-55.96519842169796  1031.549283035647  158.26789864384415
-59.2014140987426  1027.5909584773326  157.38532475549997
-61.058438938790246  1021.3811748644345  154.81485850177356
-61.83160300092151  1011.9791218107711  151.67007421567016
-55.07461176137791  1000.1352133068947  141.95743419573859
-46.529541427691285  985.455855186885  131.98014941406578
-36.61259397844045  968.1104554557896  120.8135156353435
-34.84044192590268  947.7819525780967  116.27026293282395
-33.65968944304173  925.3727985423046  111.37665176795524
-30.117649095181754  902.2341293837464  106.62592833699088
-25.737353997844735  879.5633613933528  100.45886891714743
-21.60627166833267  858.8237396691613  94.38563907378264
-20.673979222928573  840.0662351958327  88.8663693785875
-18.666104149119306  823.9217423980497  83.75710530930796
-16.344525119410257  810.1056625675178  79.28010050197706
-14.23991696970444  798.5864642154894  75.00328827260033
-12.385389272436907  788.9761426932564  70.58043031703193
-5.358534197949936  780.6870846337682  60.9028659599381
2.4817727676723953  774.2301320635102  50.27254795760692
8.286722169771359  769.3974057716927  41.267910188644294
7.8430324340440585  767.1607261722146  37.82728323697769
6.362340429825122  766.5446826668053  35.385734982524866
6.7825518590141245  767.4822676634989  31.50626389696148
7.502365655587758  769.2983517922153  27.803283101589408
7.97584926755374  772.1931730083033  24.395884194587218
8.107609669620286  775.8175439128797  20.942262926580085
8.649221306489192  779.8111873804628  16.793474162780388
9.345964094783138  784.14814421967  11.859498810312322
9.913005499254266  788.3129706641914  12.254817524481176
10.10776960471258  792.2799655231885  10.905149858592647
9.965253746857433  797.208944587549  9.370641175968327
9.562886981512078  802.4935977968826  1.9240106446418581
9.061367253389937  807.9072615989352  -3.2903635138754574
8.561376610715788  811.7907168963434  -7.410597163773931
7.991384774648478  814.9974298628624  -10.848570124805821
7.373201539640465  817.6925004053217  -14.454938622730628
6.8463244387383435  819.6556230075431  -13.207963660067996
6.621274858391626  820.9090714713757  -13.74597185440673
6.464238734016838  821.3480102054307  -14.982027037598138
