-44.947987323120536  805.6796230300724  22.300636993212265
-44.71256391577447  804.9812872989678  21.757320314532745
-44.17846602473072  804.0698578188558  21.25462284691381
-43.381604068164044  802.8722163739652  20.590297258352056
-42.13575274458265  801.3137180987238  19.695422379038003
-40.541437509546554  799.3383153275732  18.285913224006112
-38.5205545328498  796.7709868647607  16.58128240285534
-36.756800797484225  793.6040630604848  14.924933195145664
-35.118633894078414  789.7994699656886  13.550309526174646
-33.281057247317705  785.1310729146539  11.88466081840247
-30.906761372659588  779.2591385166451  9.661733267073027
-30.900779168048714  772.0775489152791  6.915245897456393
-30.27141146619858  762.9369054215939  4.273473256781525
-28.857502424787874  753.9528882167325  1.8863995676110075
-25.00344492862656  744.4970892481131  -0.04186978814694742
-22.280077007540164  735.6197775397955  -1.5709273202156244
-20.928003111900235  724.5400361676892  6.095105878248295
-19.484125592381677  713.2931858242407  15.165939449284782
-18.004218320654562  702.1200033745715  25.89772772334769
-16.5530443701379  692.1774677693014  29.419932617814773
-17.659248856576816  682.5978250844498  33.58371516855999
-21.515815787706394  673.2209510275316  42.16896410465694
-26.13645828468217  665.8749803850119  47.15474113295802
-29.36517070246973  660.6311447051083  50.15069071841718
-28.766552562696628  657.1416448714255  49.844732780300866
-27.245109930516467  653.8088307591909  49.94055089436163
-27.389635986633923  653.6214802185335  51.63686178196183
-31.330494448999865  654.9166313674089  47.01774702756244
-36.44903012578958  661.1055614902084  40.137219945637995
-40.18885625682955  668.9824873383459  31.31008455841559
-42.88654621859618  681.8629488967109  25.28154566974244
-42.84415669210614  697.3629274139009  22.363507316665036
-41.63284374904016  716.9184970633219  24.807066377252937
-39.5948045209202  739.5282602753109  30.48472755846425
-39.76023812499903  764.2945913734487  40.26904031006753
-39.95952594836396  790.3693618778367  47.77670465402402
-40.33772964700681  817.5609347504774  55.25862727705922
-40.60957350758033  845.0106769175494  62.3966632721085
-41.576360848003326  872.0951956493279  69.69149500896543
-41.89645082419145  897.97203257108  75.93855556527808
-42.03246830319206  923.023787720784  80.22174509717941
-41.363368418346354  946.9982784511524  82.35857302757383
-40.37071005016419  970.0850464137366  83.35763437138816
-39.02734336798717  991.47150510076  83.39398950879811
-41.365411745485154  1009.7315375321891  84.9382140712772
-41.73930251689686  1024.9862256523277  83.3330099470271
-45.11168815298497  1037.5513928937708  82.80445939700806
-46.727247924502294  1047.341313449098  81.36651369318733
-51.57766593613831  1053.967171828518  82.85384098341223
-54.364013083329084  1056.958992669488  83.10386632398898
-55.70529525837206  1056.8246245616504  81.92750573057795
-56.02400460496271  1053.3031119253155  80.02964251602181
-48.35316982591306  1046.1282893042587  72.54625328089854
-39.0521157635894  1035.4172512861537  63.118310479362435
-31.245008092020786  1021.0952262183582  54.83376372885621
-27.67316079310725  1003.628375411967  52.62945415446462
-25.67351318494915  981.6938042682566  49.761234594950444
-21.274231888697454  958.5986545611242  48.48870823606653
-19.543232343420502  932.6871714682326  42.809691202337525
-17.252513903399393  908.7878739909924  37.658101828646906
-15.07451713607172  884.5000912125715  28.992483484089504
-12.490173019567276  863.0152756876471  25.268822596776992
-4.223469486394543  843.048091490071  19.657325632747497
4.39926192639332  825.0216461061892  10.667100470613866
13.380195672620049  809.6171429359339  -1.168652664210967
15.01569893212248  796.1085809290516  -11.10590280999789
17.885679846896753  785.1607883936117  -18.049688284258814
18.459862939579757  775.7361668568573  -25.40373401938829
22.068144297514046  767.8383800277054  -26.802543913405263
24.102274121247888  762.410915517895  -28.51465236765765
27.486201284748237  759.8111477156401  -28.89298712746349
29.4655101950374  759.6194898139637  -33.255182878084184
30.689709679961226  760.3598174915077  -35.45652060856236
31.915614680712036  762.330372570839  -36.65834419783412
32.92807899521335  764.6572078887307  -35.66572567870023
28.42233202945903  768.5303456850852  -33.28917863945555
22.76129888504788  772.5372304312658  -29.370243640954556
15.82710503379919  777.0518861334285  -26.343699967563346
13.077022653028934  780.6495497136686  -23.88152312806347
9.673638512068548  785.2965668565223  -22.17919824434214
5.874211139175448  790.4359961024962  -21.12711924004738
2.256847027890001  795.7705086546727  -20.45016190262136
-0.9876860792547335  799.4499746825985  -20.18694118532971
