-21.002011401333778  786.8788130171656  13.004355366904665
-21.650466134787713  786.0798934907857  13.373166731036765
-22.357081234687396  785.3548914277983  13.823214248457957
-23.035315645085035  784.6507491016508  14.294435086826445
-23.610981447325067  783.9023058956153  14.728541097876167
-24.140729232902377  783.108520366627  15.157808753887748
-24.658435586848448  782.2344775353097  15.965293927260635
-25.16567564335604  781.2777805408751  16.989337514288618
-25.612954694439622  780.1421229300097  18.33396667251745
-26.100451450608947  778.8107234085545  19.628316745728828
-26.581118451019428  777.2265630976719  21.125457951710413
-27.07683410328406  775.4244946890526  22.62426222643824
-27.472986792838512  773.3705680832707  24.016090638835443
-27.77292343652382  771.0420577760698  25.141162216903794
-28.037848279284347  768.3809996318273  26.06602903495209
-28.28518957036877  765.3848891597365  27.024832446105
-28.56347183528744  762.0005399174945  28.26116419540432
-28.828460051787864  758.1107343210498  29.75943731652508
-29.113559646656533  753.5696838507722  31.438999776236283
-29.687136547923124  748.2300133601099  33.231003596152846
-30.402265331502974  741.9703163261453  35.40032016630294
-31.319949051644745  734.7171047219464  37.802152756327686
-32.28291870368941  726.4656340725029  40.437678576443105
-33.5748025351771  717.2922890414345  42.976707983932855
-35.13313189624217  707.1685534402674  45.35912375989493
-37.04335968978205  696.115194700287  47.26982509286269
-38.86839585956694  684.4340532470549  48.80722080243265
-40.97531258555721  672.4646030626933  50.19007448007077
-43.04319519579069  660.4309641864671  51.379280116461736
-45.14133115336739  648.3635060795962  52.57249383224659
-47.34074768550804  636.3995701595123  53.69465866941555
-49.73153380997378  625.0094045919154  55.07511078054716
-52.25611055377463  614.473639760023  56.715695734842726
-54.63280054980183  605.3875730971893  58.69923839168922
-56.83835221905321  598.1519923360295  61.37463230109266
-59.32212747726393  592.7362031180836  64.93594973469841
-61.91892395123342  590.2137147379051  69.87020236785878
-64.52476665639088  591.0239516311537  75.92795081627273
-66.83605188796791  596.2011143650452  81.98809782645148
-67.92273553961367  605.147129523527  86.32798288079677
-67.82272276718372  618.2903204219642  88.65958920325977
-66.8820923346737  635.9515600849493  89.92034288682994
-66.07877202322874  658.4765532533299  91.43835232670133
-65.42879481908346  684.9948947061021  92.36855307800491
-64.6908296854729  714.493718498734  93.0793643906991
-63.82838345370532  745.400319620635  93.4065234544369
-62.92953116452051  776.8807170204688  94.12668842333403
-62.19150464325137  808.2473991374086  95.27416470914703
-61.6172433457542  838.7466648729185  96.87020925695276
-61.77582866158804  867.8472736437706  98.75386627932124
-62.02731290860243  894.7503717869002  100.451547765399
-63.72760646546457  919.6158533076834  102.28257205426927
-65.73293512808257  942.4030078435851  104.14842625813617
-68.41533518868647  963.0904589318574  106.0549602017598
-70.52825116905301  981.0567519392246  108.09976531986068
-72.40421460748614  996.0848961011563  110.22010894992812
-74.0858700073466  1008.5221116404384  112.16902534799425
-75.50823035633185  1018.6459001820326  113.74172950970987
-76.48177952548801  1026.1444648493386  115.03179679115658
-77.3287047004007  1030.694578089024  116.6151910523312
-77.03696508322541  1032.2178563577486  117.49413473764
-75.92384800206783  1031.2713388898228  118.450126320479
-74.37075255609547  1027.3679047959959  119.00146550453958
-73.46708498340968  1020.3900716227412  119.8526495351433
-72.7247018531499  1009.6136449694166  120.59216776876664
-71.36124699724354  995.4800633294657  121.14709579582106
-69.6572892364958  978.0316329509303  121.77358952184369
-68.2983612032993  957.3800284585687  122.49515929701427
-67.65819197169978  933.1910639163902  123.39266883357361
-66.76909731398604  905.3464329530963  123.58198202712741
-65.57980099659056  874.3818827010564  122.98853255942251
-63.99434137150894  841.1328751225052  119.88227465487269
-62.563226669635576  806.7902778939521  115.27909229650133
-61.07274785292761  772.506256573375  109.3412434214372
-59.286106900581096  738.8760494054981  103.53907911992015
-57.399981911405476  707.0638314620483  98.15248163151924
-55.62933602575734  677.1031775571724  92.96998414053132
-53.680197982538374  649.7130541115057  88.09352545123865
-51.31137608415123  624.6546298886999  82.81109084558082
-48.436340488054185  602.4587078031155  77.16807189859877
-45.64971506148832  583.6617901028177  71.39335899593361
-43.27618451774868  567.9971274329139  65.5746276664854
-41.4357367354976  555.8130011673816  59.88971110722966
-39.829359345242494  546.7685032993661  54.201301064228524
-38.351270323191414  541.4081837256992  48.20716521655949
-36.86999971273981  539.4050582160222  42.43214730630458
-35.49910402852125  540.5174042301728  36.848779957600954
-34.16289008455532  544.4293700798303  32.2572640314904
-32.94834756178129  550.7985261938863  28.146469872022994
-31.827637963848638  559.4058165557014  24.600661635497303
-30.737568981430787  569.8605469094516  21.645393800364534
-29.702565265017164  581.7233254961303  19.289338737122023
-28.702679044579153  594.4487744043751  17.975050509562156
-27.783849602082128  607.6164174449431  17.367182794321124
-27.03211441961973  620.9148913513252  17.45719225960839
-26.48345385159112  634.1638094507782  18.43161238762228
-26.14132046036116  647.118004768444  20.274772086029497
-26.09332135977916  659.4274159274833  23.561065504642933
-26.371833649179163  670.6866998678718  27.443557504028025
-26.99823028006629  680.4593645457378  32.08331884274139
-27.713407075122113  688.6435646325393  36.838970415633014
-28.59763385306349  695.4392415302596  42.35485729413436
-29.69330752715128  700.6653467504865  48.41917719514746
-31.053687423072795  704.1604996658618  55.08856965646053
-32.47771301980949  705.7523708906106  61.564022425514594
-33.9953586122774  705.9081404337197  67.41474724836124
-35.5350468044218  705.0558924088673  72.26932560245227
-37.07180879834159  703.4823800186932  76.24215032849202
-38.331712207240386  701.588672927219  79.62118006391007
-39.555680180261334  699.9038027098886  82.59802103671628
-40.671936825317815  698.8294663747985  85.31810067561648
-41.71283428944786  698.3680083674333  87.99710976027339
-42.579433568826126  698.8877297372542  90.39393398312602
-43.415012540136686  700.4160525145742  92.96935193995529
-44.24706320674872  703.2007712129935  95.85270467446092
-44.988282866309646  706.9800547758816  98.99867262917901
-45.79494137143363  711.768747076017  102.33702787337432
-46.515416881681844  717.51217316459  105.40847138751194
-47.20651526453882  723.9107885930069  108.30146856306018
-47.71428210508908  730.7012706028112  110.7104143909483
-48.11309452988163  737.7099167765383  112.57864685550923
-48.444368831578124  744.8092357766204  114.12753238380051
-48.55411192034619  751.9003756141958  115.36356169760377
-48.53961567517923  758.9759146703966  115.85555673636526
-48.29681553900928  765.8316841800703  115.74607025802838
-47.7998661869993  772.5086971272277  114.3397222414134
-47.044789394139016  778.7955734210639  112.32708041465142
-45.96909208945913  784.8828493766193  109.41993866850778
-44.90558111059825  790.7316535969223  106.47093453987078
-43.71321541502562  796.4476859627381  103.15009364030898
-42.46318964952766  801.8386099355714  99.72367006309405
-41.160504332343706  806.8586615366144  95.79541191580412
-39.9560468246193  811.4251575510582  91.73285185344821
-38.90102741651431  815.5903660728629  87.22769612656576
-37.89985470475382  819.1092120073556  82.97747694990264
-36.99408561596985  822.0060340129329  78.68572811360185
-36.21412923677512  823.940717022603  74.88456211991532
