-48.68952441570588  779.8913833937897  46.67908390271194
-49.76535698461915  779.8710579622984  49.268116801002364
-50.657428246806205  779.5613635127467  51.607041858489985
-51.45002215506863  778.9803819317855  53.94101227210283
-52.11969492795527  778.1625689695253  56.11323081319877
-52.72641396626939  777.0487969712682  58.06925270593823
-53.23628478508983  775.5982136684529  59.82071518134153
-53.67422701014866  773.7371606317222  61.396117478883916
-53.982842105566476  771.3909565215941  63.00405630643316
-54.284758286878706  768.4885470953203  64.58652593572445
-54.594503331744136  764.8969781110447  66.46856270104017
-54.97759412742849  760.4393282535169  68.8726487004279
-55.310519732720806  754.9961613266498  71.7205167653137
-55.70823057304232  748.3801676635159  74.85482167611742
-56.09420331897681  740.570322806256  78.08311834732797
-56.53512482298906  731.5519410201229  81.02600127377839
-56.98980100939468  721.4330188837577  83.71355940787068
-57.51857130714046  710.4092952125377  85.86579690255101
-58.05446062894292  698.6067319482737  87.85597904470568
-58.505731698430495  686.2094137338685  89.61689790327922
-58.863274495862214  673.44732759982  91.19316431652312
-59.74925170497135  660.7022409222822  93.19680969686621
-60.75106535441843  648.7073286770978  95.23546348299064
-62.15232336032818  638.1700216101679  97.7852655555456
-63.257986951751334  629.5898371929046  100.1592526194006
-64.73586798341644  622.6683501252841  103.17007195891577
-66.62806316936071  618.407290440967  106.82579791421486
-68.62865597740938  617.6310122558026  111.23194144138343
-70.39455699278325  621.4083289531408  116.21940993618253
-71.58425557184015  629.3404473710124  120.62687423376214
-72.20200896185125  640.9605936432758  124.03105443555734
-72.27408852165559  656.5377915830248  126.14005099513753
-71.77970537819245  676.1313204757821  127.50121950525286
-71.07265986579034  699.6839302532794  128.39339301323656
-69.98602322491622  726.4389954157969  129.2007846478683
-68.11669299405074  754.9254726713949  129.37409782463158
-65.81767612307566  784.8506625499098  128.95948324826585
-63.23836044825317  815.2519939207704  128.61601977990688
-61.30198258201076  845.713304351394  129.14565231423865
-59.63452585903831  874.8796248636583  130.5474553518639
-58.38990771955357  902.4311322946409  131.85487293986336
-57.03986507586643  927.9791397475466  132.70147295426733
-55.726546882465286  951.2337868972513  133.27183104251753
-58.1508278429918  970.7445985193115  136.68448057534385
-58.81870345373943  987.3827290403011  138.46211629548202
-62.40997957495206  1000.6701951873815  142.38517844468427
-60.28315833031438  1011.8396905489739  141.09535389841187
-62.771013123839126  1020.8635656491524  143.14445702424243
-60.245865784870226  1026.50730986814  140.4251855258643
-56.86865206666752  1030.2645237867437  136.46253825405435
-50.49717653781479  1030.4312606300489  129.53343792856342
-45.640852230438256  1028.6627688103824  123.97361907889206
-43.29947571795374  1023.1487660930584  120.22401272645206
-43.754065042218066  1014.4750111485467  119.01666406422827
-42.77554694938655  1002.0824825585975  116.43342850652377
-44.296959872226424  986.8902461550792  116.18436960058244
-44.42327782027788  968.0664605957079  114.71860784083482
-47.30140822213284  946.7156658188737  115.34906963920267
-45.71717420546772  922.0089670346006  114.76671894079648
-41.70723874853018  895.6172740203573  107.83858401911753
-35.85986327029813  867.5971867030773  99.48250713006674
-31.752846262244596  838.8988730215772  88.89429057125228
-28.055090826084186  810.1721370748107  81.89475828755445
-24.623230460953103  782.223610981803  74.99946893109842
-21.070803624138772  755.7592677252032  68.94476346113618
-17.916320527339845  731.035750688309  64.41865339138852
-15.167712212595067  708.1679011864629  60.282448111553734
-14.603071443888874  686.8252247070735  58.25254646034141
-15.293252811739459  667.1153444111065  57.18082363818978
-17.080169341525256  649.3592735897695  56.961221554701204
-17.966805299167312  634.1846861978402  55.96876287889683
-18.750563498770745  621.6924265740316  54.372972783585375
-17.665619673605207  611.5523759974777  52.67658366446433
-15.380709228100995  603.8628130337783  47.24913656497969
-11.588983567646189  598.8657831741122  41.416789230828435
-8.895613708411307  596.851421872155  34.799533665344335
-6.431530572066805  597.3728888314442  30.307655613650272
-4.147006918728813  600.0823616136208  25.090852204908384
-1.447135749369264  604.9418548156387  19.16684767246389
1.3069061854722028  611.9048000383714  13.773116335899415
3.9141794046120015  620.7711496464037  8.698543686533288
3.9539382937399155  631.1439081181849  6.358150970431906
2.4423521519657556  643.0740605290274  5.34443698690461
-0.29457452669742323  655.8410928934534  5.4580348887166386
-1.6812827801134436  669.2160939031801  4.466443180279482
-2.6185682914366497  682.4275081362812  3.2321422264519906
-3.526463886255231  695.5118666975159  2.198411002379328
-4.347605002504624  708.1532302699324  1.3415771605915061
-5.029275537438421  720.0625552375454  0.593211669802368
-5.530827565343547  731.1281905305568  -0.01436245131191538
-5.998523575997309  741.179531358979  -0.39397804276084025
-6.462110667817391  750.1426917618162  -0.530660901412444
-6.997597793637661  757.7766736448538  -0.40048943188641567
-7.5061928550292905  764.2181290667189  -0.34394907407115594
-8.123240807228148  769.3754032953657  -0.4152366295553464
-8.618228087463725  773.3923186409667  -0.9856431780857752
