-25.51993139522438  772.5609666483407  14.973433727187501
-22.821004767069876  766.7193662952914  12.353013283921149
-18.690644253158272  759.6418648359709  9.118029610415864
-13.60927333375226  751.2375386688183  7.810553874724289
-10.325667961693135  741.7899011421792  7.36353426463544
-7.925202911518491  731.0320896988251  7.451693149798031
-5.814083504180256  719.1494125801356  7.849608860436846
-4.120842566631552  706.3752421157411  8.594187207501308
-2.994981434721962  692.9072105257125  9.69768254463699
-2.5229155723431744  679.0702370078241  11.244102878376077
-2.872232023674429  665.4268614910297  13.552719080093656
-3.6737558626939215  652.5522042150553  16.46686694638061
-5.12672202000813  640.8260119194202  19.79080645712358
-6.540869676680202  630.7500581448802  23.11835136332636
-8.111796019424983  622.7758153472762  26.62098121566254
-9.671391700310208  616.8331101397079  30.881089882823346
-11.52087603488968  614.0874449707926  36.10431098316455
-13.359821181414151  615.3231425652597  41.873071487762545
-14.937030764089904  621.8246651459897  47.049433491592424
-16.41205268126612  633.0458485211284  51.52521913262568
-17.554631467121258  648.7016714178599  55.13199124724606
-18.765543477035138  668.5942040776288  58.725887417798894
-19.29295367683457  692.1442589659832  61.78406753462821
-19.914257123527747  719.0445510160737  64.9753396342364
-19.94919729834029  748.6844729998343  67.69169963644191
-23.91415575291597  780.6342585596725  70.36219713691894
-31.872386450749687  813.133279452399  79.67063177937806
-37.755846466018696  845.7681226242453  87.25749184020046
-39.19108001144406  878.1904730815281  94.27017500339699
-36.46645680993359  909.77782583971  94.10817754954203
-36.47071221763275  939.1597074446943  95.43648478867958
-37.13004440072235  965.0551135553221  97.36425824514964
-41.33711183196893  987.1129615681876  102.04582967837109
-47.45054772146271  1005.7295195611803  110.04062065814242
-55.247281903965046  1021.3639878711368  118.41479761498559
-60.770893212593975  1034.983989375065  124.68684887316604
-65.15768967290164  1045.9504464913616  128.15236875872688
-65.0810006248928  1053.9365006083665  131.592595072924
-62.212118745492646  1059.4228804883887  131.4649282472431
-56.25231572505889  1061.8154131042897  128.8632104458807
-52.72024069097687  1061.036066258434  123.43076204974258
-49.961716432415365  1056.1257883688552  119.86369994681468
-48.08014902735457  1047.5962061035418  117.05829197032563
-46.24496045266229  1035.4070392904387  115.52763220750084
-44.4323101660585  1019.4839266406948  113.84687864003304
-43.52558003368345  1000.1247933327454  112.71985075805209
-42.83732957652177  977.2030242170343  111.91668676846578
-42.323836657035066  951.0675849480567  111.25199133210965
-41.89921214199513  922.0449335536211  110.22363390858268
-41.42286296253674  891.145204086519  108.37418682434291
-41.328342749596516  859.4562262672471  105.17677757394415
-40.81581424533565  827.9681578840597  100.96733617593065
-39.951620719562385  797.3693845924379  96.65524972686376
-38.5767356023783  768.4012895479855  93.04058052620802
-37.090161284926204  741.7586827972812  89.50201197841119
-35.58629182522488  717.9241263861263  85.67561674766972
-34.39728052217843  696.9545476509863  82.07351383188542
-33.514418556783774  678.867055121852  79.13483507012977
-33.19494028643645  663.6379864380289  76.58555787866301
-33.002040309443714  650.9195922992843  74.01343261021988
-32.86887206250841  640.7437372370346  70.70002803294597
-32.52816671716885  633.1948535933983  66.6976793029805
-32.23446255404265  628.6109618361997  62.2506628618674
-32.04773983495001  626.7820976754933  57.94869458583459
-31.845957356639204  627.5291590801764  54.09235842423103
-31.57381742503864  630.6664061777878  50.13442827598243
-31.233252439104916  635.936864795382  46.136347181362
-30.456866076221928  643.0854949456299  41.44952566615969
-29.409060266494336  651.7096003343088  36.70120886669622
-28.096281945437383  661.4483306666606  31.99608951430392
-26.97557401903715  671.9632058649712  27.893337500563028
-25.83390746828696  682.999629575869  24.16998124613561
-24.54188372193472  694.2829751734299  20.859532420482306
-23.19807905264882  705.5215277019049  17.952529091647634
-21.891306400918133  716.3990386228544  15.407656502266564
-20.849069957853228  726.6707846173786  13.332359578261894
-19.979028950205237  736.1155869614296  11.79757967359925
-19.262914510445018  744.6042978846247  10.842297539532206
-18.6974362340088  751.8354732235241  10.522540435663444
-18.229573944178803  757.9245051637263  10.408703341165419
-17.860461168336386  762.6828072313353  10.252650527277776
-17.49186133527178  766.28462005808  9.668119470904761
-17.180636445905098  768.6634354451612  8.881953720567951
-16.98944240658761  770.2197263902284  7.97624494944742
-17.008349162534962  771.2618055360665  7.132352913670417
