-23.25605502729391  799.3415842661001  16.285632600301412
-23.594934582382884  798.8849268821825  17.22330119493042
-23.769031266026637  798.2627306949117  17.913963310718003
-23.827930979003906  797.4775436589553  18.52131796435387
-23.70881030682823  796.4539195055288  18.92631326586096
-23.484620520191946  795.2034943759597  19.235781026395582
-23.011625831804203  793.5518593896923  19.237087673407355
-22.490843362981863  791.4249109531308  19.04691834259197
-21.832675625101267  788.6335884854084  18.819571002826216
-21.17931033086344  785.162099088715  18.67810538263526
-20.54736202136784  780.9337565366131  18.61452264723205
-19.955172959014828  775.8736980566948  18.503142443586604
-21.896406162416152  769.7594666400702  20.31818910235901
-22.625078481095443  762.5053011009377  20.951035853579892
-25.336610603719716  754.3040601778788  23.1462398817991
-26.765522333139252  745.3063828140243  24.30126259263208
-30.266545844766924  735.5763323487008  27.156907910025836
-32.48544281681406  725.0385203852015  28.84346419294011
-34.000414515801296  713.825299603343  29.819411118325252
-34.81665614123328  702.2800169161436  30.220607233449677
-30.82618964396935  690.5994240084266  26.956229155921623
-25.76910333344811  679.0264641577269  23.18524671383281
-19.92245290703326  667.4763456338552  19.030402814308683
-17.30321154331066  656.1362875399369  17.062905391979754
-14.349405133624337  645.2207835320112  14.78924917993657
-11.259476532673219  635.2326468589945  12.261421005747433
-8.713090168761198  626.7428215903155  11.023444611975657
-6.987517235675334  619.6455487693892  10.458926320493513
-5.910669514255594  614.2767991613309  10.789634426266614
-5.209670220998711  610.8865662390051  11.147486280552474
-4.801627081920508  610.5910090773793  11.816697330629461
-4.343074611201418  614.0223918546776  12.310601683739714
-6.715195611443945  621.4743231377228  15.17670397396022
-12.137707233415021  632.8672974337644  20.594350555643558
-18.520138462684947  647.8857322178187  27.14075425931568
-23.17345550008323  666.4867279651704  32.11383322541108
-25.84489955235357  688.1806665761442  35.59518677475879
-29.019045794997588  712.3808009163275  39.51784341113617
-32.1053165679418  738.1069806386532  43.19021115328316
-34.71142860975765  764.9667885392643  46.62938069673811
-37.00018512814173  792.7985080794449  49.66510762641592
-39.110913331649044  821.6053768437291  53.79147686404152
-41.50239480406098  850.8095593771773  59.255267593951864
-43.521771617693894  879.5810854347836  64.53708055430383
-45.3397446551629  906.9642022842997  68.6106691356814
-46.41749986396356  932.5317165024294  70.74566719054931
-47.115883393441294  955.8199925553025  71.89342032356599
-46.997676994915324  976.635994519249  72.32287034975654
-46.27025144064712  995.083473912008  71.78197856923214
-45.464249043516276  1011.476247471661  70.74212282109818
-44.74434296706044  1025.6191968700812  68.74573028177528
-43.959698604947555  1037.5478819160378  65.33404679317852
-42.242058131385846  1046.6224430861296  61.01382785188007
-40.075226648444655  1052.9689304069896  56.063248164645515
-37.56281179941935  1056.0805749688625  51.36495223907219
-35.17360526890723  1056.0447409060125  46.36577616631894
-32.55482443163808  1052.749921410504  40.2805433018869
-29.016940759974396  1045.9352763473123  33.70044487797545
-24.802649838547968  1035.5843942549602  26.682249881237375
-19.87589754981088  1021.7394509859564  20.323082070811353
-15.233341543609823  1004.6013729880931  13.98683166227875
-10.428420827947646  984.2142757483532  7.1513854742737255
-5.499790064986342  960.6139162905845  0.43980549582208006
-0.3407638531128341  934.1029512834936  -3.063021570697089
4.966126020066559  905.0322709120601  -9.991296511563899
10.399295091301237  875.1867346528229  -21.509162334360802
15.729340420665121  845.7513111109143  -32.394894627690746
20.82710145174172  818.1912742812345  -37.086634787311304
25.383042891332728  792.4116790300657  -35.835608463327986
29.374838109388417  768.8720174983871  -37.610428457719344
32.76537724555365  747.788173321678  -40.12894216973877
35.6250217648352  729.327560655285  -41.97431750853602
38.12955643285646  713.6035049733314  -42.59075529832918
40.26362805549581  700.2384075598435  -42.87020979970641
42.0898118260162  689.4314711260656  -43.43950746675372
43.575962790594666  681.0353197045254  -44.01889634288302
44.702124483724795  675.3156167523813  -44.24535367702604
45.489786948585994  672.0156075145183  -43.8784235730873
46.07569726305218  671.0027340821667  -43.29000273243206
46.60652835149673  672.188667397457  -47.255568474022766
47.140507167181795  675.178108181381  -54.0374969124314
47.634281901755195  679.8744354909879  -57.95634757737495
48.03597223525899  685.9537640833138  -53.93731143991856
48.32289725546811  693.2591149044133  -46.83599061077246
48.50008756702011  701.4836425071941  -42.76899000181502
48.40549250021053  710.3087631459113  -45.846421130289045
48.12577980746412  719.7372250164775  -50.758270813771254
47.72749692067773  729.3502562071637  -56.060186108945786
47.196291381355074  739.0560889726451  -57.8453503253867
46.39732189709095  748.5272244811739  -58.68793600846348
45.2109386883498  757.7093147279214  -58.97237036866953
43.76443308686721  765.8275493006728  -58.00014407815459
42.35832599679259  772.8266635861972  -55.9764444862025
40.97333375630695  779.6013832585763  -53.245187908359604
39.552389803175934  786.0182856693177  -50.41809598123122
38.08963691643656  791.9595208178357  -47.484122102827186
36.541491569947404  796.462311579075  -44.26138244459689
35.16961700533243  800.3608743638752  -41.54934674040217
33.72563775639991  803.8220307110848  -38.62071739717714
32.41707000641153  806.8936541426484  -36.10593745827933
31.20147871931598  809.5594614518149  -33.200944517910344
30.151028819675908  811.8380977810623  -30.626319444795733
29.06675472589197  813.8819098063108  -28.242491632320586
28.019165503461906  815.7175392366152  -26.321617868810392
27.014085846844658  817.3610165523064  -24.720144365264545
26.2079604518988  818.3227949785137  -17.9527347598877
25.260576293471658  819.475728856851  -13.168407337009869
24.18056235269612  820.8948177413247  -9.059018159474137
22.77986993104664  822.8098706082014  -10.402578974587081
21.277608734494734  824.2762304671496  -9.626097991493543
