-33.12298146747642  779.8633721646063  75.93383166387505
-33.636704190539426  775.4589574428434  75.28983096503858
-30.015570246041868  770.3977401883112  74.02301962663114
-28.684254371923053  764.6880630977873  74.50781740906046
-28.064073102102913  757.8921349174697  75.1739957182986
-27.83548260976047  750.3907859763772  75.46871850684735
-27.112760846295963  742.4022789528486  75.38770101065639
-26.214152975140536  733.9452991415993  75.31658065307737
-25.642622503777865  725.0686490107603  75.27290278724253
-25.077152614009716  715.5684759998819  75.28460652201527
-24.50866700612307  705.7395648851834  75.45796087247986
-24.064961743168393  695.7968897487842  76.53251654318393
-23.706439074027443  686.0859835982761  78.29316467224987
-23.46573258638831  676.6457079053607  80.59403754964643
-23.263586471714618  667.8059165171857  82.82771326994691
-23.230879547677727  660.2200440818489  85.69758011343838
-23.65670286537206  653.944433981432  89.7621755185582
-24.445969068147523  649.4935582605128  95.01643389047997
-25.35655469241253  647.0252538432926  100.20620004275872
-26.049825830665558  647.3856733355341  105.02701535439778
-27.435281125534424  650.7435304378275  110.55581686495412
-28.943779447766513  657.4119949823249  116.62463020889359
-30.596309458065814  667.4271301074366  122.20905829518551
-31.436744131805604  681.1615103383019  126.2768750957737
-32.93288218672974  698.3847474001782  129.55317197740058
-34.81206816873776  718.6243479082586  134.20524280527593
-37.03566004913818  740.9625863420625  138.97268604781618
-38.72216356180964  764.5174102620297  143.45819052768147
-39.88771785602762  789.1986927813539  146.4049170567435
-40.56871619655537  814.3919668367354  148.5502898018647
-40.46729794778358  839.848153016305  150.23731077992272
-39.726896638914305  865.0087386548107  151.67174490175358
-38.75416358763631  889.8307126939044  152.84774694599574
-42.15841796586465  914.2926329978886  157.244863217035
-48.32347151084428  936.3909505249555  162.92371859644646
-56.066147315755394  956.9839859859829  169.4723907504567
-60.89355486956437  975.6997901071927  173.25853752411723
-64.74958886714562  993.9378590387405  176.0323763675376
-68.3376745114593  1010.198439831845  178.24479930304287
-71.68527313434612  1023.9151844360896  179.6268765677001
-74.19451608728386  1035.5288605499813  179.10757006410682
-67.40346605872492  1044.7649245579812  170.46685997831307
-59.13595145736997  1052.2381101143296  160.05687403508756
-49.45883453114802  1056.5544946237783  149.1744099935313
-46.71652253360911  1057.7535842852699  144.19910257984236
-46.85025358351699  1055.2555842664176  142.01297895636014
-48.33852177054612  1048.8576997309722  141.0609747553918
-51.390441734523776  1038.9471666275958  141.49532957127664
-52.139372581668  1025.4109424417543  140.32121299767527
-52.552155962983  1008.971740919001  138.9536199356933
-52.617630891654734  989.2411429982177  137.08498413642465
-52.248328242671946  966.3628928396926  134.8987426745577
-51.73595867668769  940.8612682282827  132.04120241445344
-50.63103804445817  913.6758634283684  128.1254527698505
-43.88601412730695  886.4152973016953  118.40198811637245
-35.352283272847444  859.901034349532  107.38470751395735
-28.118612070496525  834.9789657684463  98.04021093614892
-26.886613898974595  812.0763536345405  94.34483178134784
-26.899477426760466  791.7446955603227  91.45795335845963
-25.30443434954825  773.8866595768171  87.18360155703579
-23.527421127328413  758.0395586112073  82.69827979961869
-22.26441785913853  744.2489172689167  78.55883630407635
-21.72158720771878  732.5331633939754  74.59641460006729
-21.285432371311806  722.7892508639048  70.51366345240722
-20.846973739380722  714.9640709018527  66.48762558915067
-20.465577663109784  709.0074363799822  62.822944343165034
-20.364380980082455  705.189868601079  59.676558411108324
-20.342911370200444  703.2276687675993  56.981232674487316
-17.73218726551065  702.8844881893023  54.64153230878982
-16.130388564785505  703.5260178549769  52.539166103337635
-12.552264636711104  705.4302749741174  50.645577292611016
-12.956740305286267  707.9320397983843  48.977762411291764
-10.359750431874248  711.5705286980475  47.52227497381469
-11.215448670052222  715.2041261893535  46.25905732373061
-9.087332960854294  719.4950171893599  45.140183950598214
-10.48008356798008  723.3650621061578  44.035994744005784
-8.880165150697295  727.4930629976628  42.91244411293013
-10.665922552027968  731.0589371475728  41.89185576313493
-13.023330110992497  734.7944394537635  41.03609133054996
-17.267826250582686  738.0440323618147  40.34172008140237
-20.260555516535064  741.0236867583715  39.3699010352529
-21.452154791354438  743.4008560898982  37.90396091540879
-22.958328199561585  745.4973677264277  36.144765890718624
-24.508111343003282  747.5808177987844  34.43532340666658
-26.24944759075463  749.732707591912  33.17406472868115
-27.856601555151123  751.9957632456743  32.136627559591005
-29.47859955997813  754.365097806587  31.28035037513327
-31.051085656056095  756.8477730211732  30.58453087009883
-29.87990860936791  759.4427061830163  27.75185805502136
-29.725193090788487  761.9019934810455  26.1121516048157
-27.197077414855215  764.5110992171869  22.67137660495752
-28.65788406934948  766.8804324636261  22.804937368440836
-30.486510809895897  769.453350545756  23.334627523854284
-34.50775319256337  771.7128627363289  25.830175839948712
-34.50226838468155  773.966983555493  25.04549641150213
-31.230475002668186  775.828869814799  21.603366802962935
-27.00451467301981  777.5315123895004  17.463747410526114
-27.3141374219161  779.1400248802348  17.19352653844302
-27.212395403887378  780.9106716720446  16.59326483284474
-29.318541014287256  782.6027027890091  17.837212415745803
-27.349978441230157  784.3496926931984  15.739538826920795
-29.072840551421493  785.8443780529984  16.81320697273779
-27.60123257015725  787.5336850109356  15.301735264425385
-29.684595174405167  789.1184925272732  16.824042222128746
-28.23204949482878  790.911128884177  15.40192178551703
-30.217700535700907  792.4814796460728  16.919789314102324
-28.900966594161975  794.0432692651821  15.65186522868196
-31.05452625408065  795.326885666705  17.403239356265953
-29.815459854359126  796.5129244986763  16.244120976791514
-29.110641327997403  797.5203284951016  14.726674020936068
-26.09623768896549  798.4131084464673  11.535349646519304
