21.763732308421588  1134.8267146102492  61.76269725244532
20.93735261227539  1136.2108902888103  62.077375797650774
19.77507873089702  1138.0388488040046  62.33470804054689
18.28654053142763  1140.3650609088759  62.55204966604981
16.567289147809134  1143.2030514183966  62.77953892680866
14.450545253853846  1146.576695753792  63.043106460437684
12.126438409532879  1150.467105896735  63.18902842393673
9.336862621690065  1154.8777328477256  63.21779025222248
6.4287822580391945  1159.7693683531907  62.917295778681925
3.13185168636564  1165.13794428373  62.37056910526094
-0.3116552213147967  1170.9143308918965  61.75069712756748
0.3221928442891224  1177.1099477841597  60.7908924609587
3.450660023633653  1183.3626530200877  52.29817746558644
8.313489323876603  1189.8576680416331  42.525090942256945
5.951257707106278  1196.4475180026884  35.296361437703816
4.119835459698858  1203.5597647175582  32.39768177925917
2.618234669825565  1210.476781445766  26.99480941072063
5.34023494176762  1217.3074231534665  17.311265304440873
6.111897269034366  1223.8181069201391  8.828725484297678
5.127674224679087  1230.4137742799523  2.8125859270527744
3.576754420625687  1236.40422506461  -3.5006982617786084
-3.3050012092584597  1241.6927201079918  -5.540550704408332
-15.574408781643962  1248.27931244077  -5.494271300049451
-29.44038079707041  1254.191292351683  -1.821025850610742
-40.58162014283351  1260.554278030626  -1.0212549862242946
-48.31969731377258  1265.34567849946  -1.6831641066339287
-57.35091353057237  1270.7782726788162  -4.048986612240843
-66.62320257073661  1275.7703292501694  -5.946520069469907
-75.61213554437319  1279.7044813513442  -8.721934203147464
-79.02935751278604  1282.9116924763018  -12.284900122214555
-83.7646153715301  1284.8717442820114  -17.176688014213337
-84.51846178499979  1286.2651275048302  -22.236751252660763
-87.12256676992821  1286.503009358082  -35.87780520771325
-90.08847614638965  1286.0250318715712  -46.28416147499367
-99.38589081539172  1284.7395756865994  -54.97246744647445
-111.12775840009243  1282.9966985878868  -54.462039830756936
-110.43484898960023  1281.813805376121  -56.18747380782489
-110.23875164017528  1280.1990588600324  -58.9920998147204
-106.98315968645618  1278.3206400477761  -65.13288998434629
-115.59543909771448  1275.6154910698021  -69.38264807926537
-116.32360911737985  1273.3419367427023  -76.21583779898924
-120.90597401172825  1271.6626352620542  -77.49238236533077
-119.44681516683802  1270.206401497796  -83.53064034517524
-117.58460737329584  1268.8667130775164  -88.22115574156022
-112.53067184196331  1267.6414003312339  -95.76784787625104
-108.76255506390066  1266.631743676413  -101.18297105839378
-111.77549811971576  1265.8502156368766  -101.16689869457912
-116.72155091446419  1265.2492163087295  -96.48363593788359
-118.61575346104247  1264.9084384725961  -89.84462098804636
-112.7780055345108  1264.6926393032313  -89.37026819439424
-104.70001571482923  1264.6031441747307  -93.43316804666213
-103.8227338430703  1264.4968942370206  -94.49169670144568
-108.00250943348962  1264.3929790620384  -88.821126077304
-112.7789401233678  1264.2691244062023  -80.70568865723155
-114.00574826865846  1263.992272647903  -74.9876058346297
-114.40183136042693  1263.514789315987  -71.17333378965914
-114.37856094112664  1262.7775824586438  -66.42699725753376
-113.80110751588369  1261.832330986347  -60.84372270204477
-111.97630602618294  1260.6466124768854  -55.30307840513736
-109.59426601403483  1259.1937859857208  -49.86984499862559
-106.71943873220688  1257.5094126529482  -44.585769144125074
-103.46686552867936  1255.570190570068  -38.939684863433314
-99.88699897712347  1253.3727165839962  -33.457254077920766
-96.09932440977845  1250.9606522837023  -27.81147956240526
-92.12091695772789  1248.4368947595544  -22.284058407063746
-87.9327764506895  1245.7863333562836  -16.56934569436852
-83.59061916549983  1242.8992484442006  -11.04023095064895
-79.2501414951024  1239.5947431784673  -5.521141836550907
-74.82186593484975  1235.869084002776  -0.5132226813796743
-70.33389800048367  1231.7650629676602  4.4227545537485256
-65.58050325582813  1227.3831339936735  9.126187673850058
-60.769202856470464  1222.686784073347  13.668932719877382
-55.853973442841806  1217.6718510269907  17.590795553693173
-50.98577306130923  1212.415677008056  20.816281977473682
-46.17285020211666  1207.0462011337158  23.874364184830355
-41.40702997732079  1201.652568404473  26.821231513715578
-36.64613918000737  1196.184422705823  29.837166618698767
-31.899202332949482  1190.6859525348823  32.514387106051444
-27.25942904296294  1185.2442152233687  34.973934425096225
-22.72347110316965  1180.0201325002827  37.07733110604905
-22.63276219080128  1175.0619864211037  34.86724172120138
-21.152049537486345  1170.4055699231826  33.93213305963711
-23.499461179046214  1165.9983508253526  29.415426583504406
-19.999142395745803  1161.8435193616613  30.63436675256102
-21.748682182812413  1157.8870511289479  26.89980197318162
-18.523477751752132  1154.235103457531  28.133929296416937
-20.390955913863177  1150.8549993370843  24.632745975740757
-17.152623381906373  1147.8078780138221  26.22457370646465
-13.221259576404519  1144.9956439123807  28.594933663240933
-6.506891183557169  1142.4229969812206  33.61715549777905
-1.590951975935421  1140.150390212755  37.174599861205294
0.6585203710416678  1138.224532307158  38.275924822428834
3.3177750316547736  1136.6478989284171  40.17369974857734
5.883794208349917  1135.2994265427412  41.90367010149768
8.292716556444221  1134.2094181215366  43.6908573301079
10.137527398944394  1133.339945764076  44.87479277106307
11.635008695804371  1132.7946652079913  45.84784636575233
12.904288611399709  1131.4417005705955  53.800241861646285
14.023046871367827  1130.7955539008676  59.12478327726915
