22.31891863462146  1121.9831019647318  54.72152507528115
21.1065661327797  1123.55094456343  55.35107532719695
19.439592377941363  1125.5884834662756  57.947891115903374
17.481872614222926  1128.72654187175  59.25802734538211
15.231470079696573  1133.3595628832638  56.48129361399091
12.628631967407754  1138.2563293436813  54.363520528469316
9.710505109006041  1143.30107026605  53.08872292886784
6.41722740603433  1148.8636984788777  51.997769004076694
2.9120516845459536  1154.8758628554529  50.170944927598356
-0.5952812191636689  1161.0610529784155  47.677101875375385
-4.465369256521198  1167.1859642403097  45.265180283048444
-8.494406659512318  1173.1569061023881  43.08233125237084
-13.163555380577113  1179.2275605819304  40.632534292808714
-9.008506353903543  1185.4220058448122  38.53380276640022
-8.459957608709729  1191.501186218482  35.84448409000045
-5.168303026152987  1197.7591153734902  32.99341486682859
-8.71634680423196  1203.661359265138  21.898452877301096
-7.151400363259417  1209.7106159104815  9.515440236667384
-6.297508267344704  1215.4768228265507  -3.6622195203502805
-6.90258407464985  1221.395112449268  -11.415445681194095
-8.343878216954867  1227.204990728116  -19.190869902593413
-10.7877752158051  1232.8200751474442  -28.434284123771164
-13.168545517251742  1238.2818021327325  -36.95891287390519
-15.821743911500782  1243.491137910514  -45.895226887726764
-18.991120367020294  1248.4748647960093  -53.66735468364883
-22.5262619035666  1253.001571339352  -58.07923768395567
-35.502934114393064  1256.9982064157566  -60.28877128162595
-49.68714210171656  1260.3298790742956  -61.368061613857805
-65.19938279977465  1263.1536136919908  -64.58486858135188
-72.9967851608089  1265.3555606646755  -68.46466591805502
-81.58968201003248  1266.8652663982589  -72.32789013485579
-90.8230482733407  1267.491965780622  -76.71931506621831
-99.51901504320915  1267.3090982012304  -81.27213491429235
-102.50820466089573  1267.4834818420973  -81.02612701434666
-105.94976514353588  1266.9634309858604  -81.99921816222101
-111.09874014137675  1265.8088147760086  -84.43620969274177
-120.37534378279477  1263.6129645732274  -91.13951194997752
-127.28021172147655  1261.863886297303  -95.53992146669742
-131.34427130625997  1260.8327410593122  -97.42681603574805
-130.71462276193049  1259.951610961464  -94.85886785092322
-131.4843793392298  1259.2343959584143  -94.112805655761
-128.10053117646146  1258.666787356215  -89.3745501355134
-130.3705180694198  1258.4667339540886  -90.69427858839289
-126.4791739097877  1258.5294024111868  -85.96974488094857
-128.00822325866616  1258.883016330171  -86.66360637527052
-123.82771501997685  1259.3018951262595  -87.72171432362643
-125.16325201717962  1259.77370752224  -92.05076528601586
-120.74359195332406  1260.9527162929933  -98.24069336928179
-121.35535891683946  1262.2463547103564  -99.8255404981429
-120.8430402817346  1264.3768362477524  -100.08236957529219
-123.75375109162499  1266.1123387374503  -95.93327916279492
-124.75403681658443  1268.122656688849  -93.17721336144096
-124.43796221851197  1269.232137834675  -90.94195124586909
-123.63888402766143  1270.3185342773854  -87.8190588554425
-122.13849180451467  1270.8302535982639  -83.81932240010495
-119.9872769948622  1271.0535182670778  -63.40849925320656
-117.20922648276684  1271.1241469582815  -49.187963889508005
-114.07468281603965  1271.3533051169604  -37.409908705516386
-110.53152714073059  1271.717985402246  -42.7773861379723
-106.72530965486425  1271.5853417928538  -41.955918048288524
-102.33751688615796  1270.9834715671775  -38.27338212931147
-97.73876174756991  1269.96358135469  -35.188808363824585
-92.83003903067029  1268.449773154241  -32.33591192311416
-87.95404918249913  1266.6285316589012  -30.29884220031388
-83.07789918772019  1264.5289999409829  -26.472077095606576
-78.16127725432719  1262.194982209499  -22.800868226521334
-73.16875930034833  1259.4897835397892  -18.781600926172565
-68.03048999444563  1256.3701088129267  -15.413823296466063
-62.970173739917556  1252.8046882702624  -11.437146718135054
-57.84288155959486  1248.9026828466826  -7.576184720362699
-52.786351606079194  1244.588855709895  -3.3427318609572154
-47.53925452504819  1239.8311523974444  0.17552405973830076
-42.299105053135676  1234.5716985046513  3.6482535579771587
-36.94018404797194  1228.9316097161168  6.684446164782562
-31.780260045228733  1223.0715748968485  9.723652650147264
-26.663513793432966  1217.1341239031194  12.62232219646101
-21.654632891852188  1211.2077574272726  15.437457078638287
-16.531102603952686  1205.302145556001  18.036555706000787
-11.478969735304814  1199.4137264374197  20.616556724503738
-6.480309383721423  1193.5660285275826  23.024042669468884
-1.85367655103301  1187.8029227314244  25.26816067188409
2.597204604266984  1182.1406600849627  27.204290356311972
6.753922916281882  1176.5940354171737  29.119747391021185
10.695347731311202  1171.2231591498203  31.080524226648734
14.097774039638203  1166.1739007388705  32.81664716441686
17.148274217558157  1161.5269472652815  34.38167028878536
19.824253313632052  1157.3655253320137  35.774627115898014
22.21035802730269  1153.625633487895  37.26489758584627
24.22026722868029  1150.4024707467352  38.82479317269941
25.882280822101425  1147.6834596963495  40.229680415955734
27.291811544909326  1145.4759670660344  41.320165947398095
28.277204648328222  1143.7702820411284  42.14029102972469
29.090926846415243  1142.5131641297678  42.840214768953025
29.668384917554313  1141.702767960002  43.39274779184137
30.200598128663568  1141.1981801116603  43.72109311923411
30.58785447948383  1140.923407663574  43.836533832143914
30.852163502555648  1140.8627502382665  43.76144306773714
