36.29327183571499  1150.3989833208145  62.558877471819216
35.54425956351667  1150.9827502629964  63.27522662548917
34.636852627400444  1152.6476342732647  64.01473277389941
33.44169996865129  1154.2677741121013  64.70234704948297
31.906092013009506  1155.863807374189  65.44318484434154
29.91369700103661  1157.8679186679208  65.97413759562903
27.722447896701812  1160.293935586309  66.57102561110527
25.34471643834996  1163.049383751723  66.92142442180729
22.612055327218645  1166.1176274365305  67.26133312779575
19.61696957203957  1169.459009102084  67.24396488758487
16.235507879418325  1173.1625468180712  67.08450370549028
12.667168076716038  1177.0544628368398  66.90799921922293
8.593987524217816  1181.0702662431559  66.69632442023764
8.556193172451302  1185.123039054585  66.17586567004143
6.7188917156053805  1188.9528030068423  65.12630886282216
8.38306707730111  1192.997077244937  63.63759535972681
8.061246836411456  1196.799856048295  54.386806129006374
11.086789361060884  1200.794692699727  43.917525367729304
12.273912493010016  1204.5118335067982  31.931966111165764
12.436704048704854  1208.373082813325  25.747601478806303
12.122738223154789  1212.1861427891351  18.85615918080432
11.06467968279275  1215.87291348216  10.820391158439008
9.498918438590412  1219.4954706613933  3.1200595371180873
7.264294885781602  1223.0835554066014  -4.5653959417083145
4.649873497378051  1226.7304331440769  -11.096837448317576
1.7244690284622006  1230.3394144354208  -18.22660481420806
-1.498573183374373  1233.8920733912064  -25.182956938584606
-4.821283666645263  1237.4220433798373  -32.53523582571256
-8.298441054799722  1240.9793024696428  -39.26012799606639
-12.000067172372388  1244.3941083525233  -46.38362975286115
-15.901470256091192  1247.258524003579  -53.4107801659291
-19.89503016666037  1249.5243251995985  -61.428986584894226
-23.87500028957112  1251.2915566756474  -69.16972154068293
-27.989443742436848  1252.864677087624  -77.20367825505423
-32.180250953391486  1254.1460114148715  -84.3925845374277
-36.46682242601887  1254.9751617976651  -91.74929513549853
-40.888883697259836  1255.345729021926  -98.70501950669471
-45.25507951358477  1255.3914419997168  -105.70908987191976
-49.466590916586476  1255.2925651652254  -111.85384591332438
-53.55647031335518  1254.9105886749255  -117.83643437060815
-57.58976423335064  1254.1838108324325  -123.0981805997557
-61.45882358426711  1253.1233419617784  -128.4488775327878
-65.04937482014303  1252.0488935792598  -132.87979978604946
-68.29204723346281  1251.1725875267027  -137.1382735253157
-71.18152352307236  1250.5194903218874  -140.7119332268146
-73.49561854928699  1250.0530030277578  -143.9854624588404
-75.43094858877903  1249.6395770521733  -146.777690191226
-76.90382246434302  1249.3275564384726  -149.1463217735308
-77.93206641986802  1249.069826795874  -151.22815389696592
-78.55927544316867  1248.9043067045206  -153.00885206842224
-78.63817443318072  1248.8306462523497  -154.56538942362317
-78.41987666866743  1248.778170405424  -155.72571591922102
-77.61363930365349  1248.7058664495798  -156.6043325727204
-76.5514341585673  1248.5825552009685  -157.2189751726191
-74.8716548759047  1248.6262275016052  -157.30453095707574
-77.4352832424967  1248.870633226241  -152.81521706815744
-77.9409046874112  1248.8621940979774  -149.2899413049742
-81.85799386162918  1248.6931658095466  -142.07604824381838
-78.95933370481364  1248.3459532295424  -140.26258427301812
-80.87868453481317  1248.103184233114  -133.05365544572425
-81.42915931053611  1247.6559475745528  -125.11316324118029
-85.13214791572074  1246.9001493680917  -114.55971137999565
-86.53013105509926  1246.010062526856  -105.63280457296709
-86.34581396404865  1244.9529621165198  -99.2309616141107
-85.83519806383583  1243.7425007273919  -91.35583890674724
-84.72879191365506  1242.3342027891767  -83.76253933937511
-83.06527836404494  1240.7670846910046  -75.97577610164947
-80.73135454508548  1239.1082141063687  -68.8556041918562
-77.95910185633375  1237.3802955538076  -61.54124989421733
-75.09134746786938  1235.5704997334688  -54.43894567923067
-71.95669701837357  1233.6279371092285  -51.1735990882911
-68.6401100314634  1231.474660149235  -46.7646994694056
-65.0466049898907  1229.127082081514  -40.71518402787511
-61.31692704549135  1226.571115578407  -31.246351569877476
-57.47398569413605  1223.8012118314816  -23.564207491834996
-53.36074572241938  1220.7252133437335  -17.99784158091053
-49.17574168542511  1217.3317353730463  -12.418325392487967
-44.737241392170326  1213.6154447760227  -6.874617257873261
-40.395239567455285  1209.6323026128362  -1.5415416616230297
-35.82195349520077  1205.4146759921402  3.259475826908778
-31.42632395783386  1200.9690465122223  7.525339616751748
-26.96766964976067  1196.2830131582834  11.582436016459532
-22.602587645302613  1191.381360381438  15.471653192577971
-18.26552807694415  1186.369962332115  18.981069748884373
-14.203516290630258  1181.369919797025  22.058262925197802
-10.491652777558944  1176.4692752726355  24.77189918748393
-7.045434742524581  1171.8083913676871  27.38014950882545
-3.9815470666200676  1167.4501386438626  29.68136425787119
-1.3445613692847502  1163.4356234266656  31.758721859782842
0.8845494691726747  1159.6706810634844  33.48555279552015
2.9198328141480414  1156.2226762217917  35.08664146681045
4.733562763111415  1153.1976075904365  36.39568453297626
6.299854201315914  1150.6167471182803  37.53551198912012
7.604388609807911  1148.4178356775824  38.41855770552623
8.737196607194495  1146.460743458947  39.047520811244155
9.676854749447221  1144.6946262583797  39.449237813209656
10.481731553859618  1143.0886950129534  39.628401481509556
11.140552027703144  1141.693574690768  39.69588735007621
11.702150568501548  1140.5299656373286  39.70027864519573
