19.73685721551559  1201.3591990567625  61.93376521483915
11.180760822704883  1206.0718934425813  62.78953815305222
0.8526094541338916  1210.754032503321  65.0469520059589
-11.761112840385916  1215.003693878899  60.50425293246584
-27.237315342161466  1218.7889611616934  50.52163002935199
-44.81513858627413  1221.454697505407  46.809240432583515
-59.99649918649784  1224.9636254364877  47.43345124105156
-64.32103556264818  1227.897271623226  60.22593260361398
-66.89017125224595  1232.0189226069642  62.66271797910211
-72.29506583497844  1235.9055168229722  61.54111765680665
-78.15704702158057  1240.2961690931322  52.753052821175984
-83.51985801349387  1244.023338197848  47.07304828771879
-88.23649596061838  1246.9404397930177  43.86980566855219
-93.53590351036465  1249.7632733142418  39.398839501669464
-99.02488879262948  1252.4359296526516  33.35933309199038
-99.67009291233586  1254.8832062563615  27.535371446388353
-97.17816646118028  1257.0474046517652  13.485913074539898
-92.56782804839108  1258.8140160835048  -1.004081477107464
-90.89954988748767  1260.2786631198157  -17.30506242031492
-90.14637299712804  1261.1870055955123  -26.437923035562967
-89.49336661644037  1261.38406196337  -36.42773842650713
-89.21372475132843  1260.8285064267461  -42.79803316061907
-89.41906685009694  1259.868731648619  -49.94673131501394
-90.19597370031019  1258.848721094258  -55.87944029475226
-91.00934055191298  1257.8994033410631  -64.36050290405693
-91.90680368376113  1257.150171809257  -70.67251620011866
-92.76235044217621  1256.579423039993  -75.73501817182012
-93.37247609103218  1256.3503876166487  -80.17230117322023
-93.8156059961491  1256.3917383626524  -84.18873671799602
-93.96693340812895  1256.7023905212018  -87.76948845840148
-93.90318182765594  1257.1115014187192  -90.79089274644457
-93.3382690956428  1257.580705119902  -93.20310973661032
-92.61494205232611  1258.1821903798905  -95.20040899470908
-91.63147417248786  1258.9101782252956  -96.73038512864518
-90.48513269453021  1259.744345708126  -97.85389688310133
-88.83768960533037  1260.5995651064916  -98.5655329361888
-86.80469945253967  1261.4749105674632  -98.93257545990683
-84.53104099715176  1262.3546862484084  -98.9734174253189
-81.91947349025497  1263.144329481973  -98.72388222914513
-78.97557565497588  1263.7666577640578  -98.00078774170764
-75.50632127503158  1264.214109271049  -97.05137597403342
-71.85639035874424  1264.468558541619  -95.39267110376399
-67.8171449720198  1264.4736926633886  -93.51381980924613
-63.7122702188783  1264.130368465261  -90.95236760723704
-59.25666218495622  1263.456823338172  -88.23558665449853
-54.788807126203764  1262.4759440349362  -84.9791836435974
-49.982951982600284  1261.177723380422  -81.55705085229289
-49.56511049808229  1259.5251439852725  -77.87856357085899
-51.701819595090114  1257.663650400508  -66.5098885035606
-55.82377640774159  1255.5023731424137  -54.014138740601055
-57.15417269340226  1253.152629367944  -40.307868001363865
-57.59151273305207  1250.55489003457  -32.897039708584686
-57.54323756123354  1247.8619483663388  -24.794686065621146
-57.16917674881495  1245.0313864139719  -16.268186627466417
-55.89767401803056  1242.004115915655  -7.985843892954643
-54.136049219316675  1238.83959626231  -0.6528585369988456
-51.88923366005597  1235.5524171241057  5.946800771046782
-49.378912025931456  1232.1863580102977  12.254232081000715
-46.4986130840187  1228.7091217157927  18.422966224328448
-43.35913625091917  1225.17036362852  23.969958955802806
-39.97444190503025  1221.5920820926283  29.00556906189749
-36.529214115744445  1218.027442821418  33.67462776175953
-32.8513866727055  1214.508983533582  38.05519613559862
-29.147947103552255  1211.0606617239926  42.180029142423365
-25.268004418493952  1207.6831917250177  45.81926513218523
-21.4681205269408  1204.39854523708  48.99005371673303
-17.43010085467962  1201.1737406301363  51.652941829837474
-13.356922259546517  1198.032152856226  53.863873541472216
-9.393342620401643  1194.9445240215566  55.83808306876891
-5.6194978350078175  1191.975506808752  57.540895028312114
-1.82484988707205  1189.090058694219  59.013383437202975
1.7497664429115432  1186.3080478763613  60.39219005069921
5.175166730110439  1183.5742612821396  61.60552942205693
7.996671228817559  1181.0153373353785  62.64400276650501
10.733637584969959  1178.6378014996062  63.35415254122203
13.04478101246718  1176.4788883359631  63.819787136585774
15.243872249909584  1174.4619920411812  64.09462811463362
17.20113435078434  1172.6302975617837  64.15330499762543
18.889968303368576  1171.0625583467393  64.00510119457148
20.322801187687453  1169.7496234731593  63.71799724807978
21.52096845052714  1168.6668887198534  63.262366336437
22.575265161534634  1167.7708700178396  62.728151736418404
23.43219772861277  1167.0990047649218  61.99580018914151
