-7.493058731668839  1161.1142490481052  100.02009739846294
-7.616553564868651  1161.9529249398363  100.75145676406673
-7.8756525748227215  1164.3201138973457  94.491229151627
-8.486011685905721  1166.5159248251257  91.00150386850706
-9.319732962478465  1168.5977077937223  90.38064055564556
-10.44389806496805  1171.1956900630169  88.91903559228865
-11.708724481630451  1174.2922076898808  86.65436886651688
-13.279942846225678  1177.7529430336363  84.18685712932314
-15.213687880151047  1181.4268591756725  81.90022775153517
-17.585565029431713  1185.294475969491  79.77227398691369
-20.386841287800866  1189.4421219914623  77.2572181658222
-23.52966819065497  1193.8006634825178  74.83417348751388
-22.718842154283035  1198.3512704565974  72.05329606513851
-23.847225817790203  1202.8474738844675  69.25499036961543
-27.140658434995096  1207.485238223067  66.16300132187547
-34.80895423569052  1212.064808504764  62.96566936374568
-40.93016835417672  1216.7016193189268  59.365436575986124
-45.260218999616946  1221.191763798478  55.50721171204515
-45.97737598028368  1225.6931254662131  51.696384292908476
-44.45424931309537  1230.122519413931  40.22595253332011
-45.621344766607905  1234.3706920627892  31.23388368475069
-53.64251058297257  1238.2413900075423  22.976964199876317
-64.13341192407206  1241.6570113436192  22.426320909112594
-67.65869688337894  1244.6489172867616  15.202109374371028
-66.08909096501586  1247.3455162643304  2.4509194095538422
-67.79218628088091  1249.7178783706304  -7.352147924666941
-77.33558740766505  1251.7379391591103  -12.123458472719147
-84.3737916045016  1253.6869828030565  -11.325936306793578
-89.86390761143029  1254.8727542354861  -14.078892896281848
-94.48312645243671  1255.2528088540766  -17.90695839886346
-104.65193857586432  1254.689132927795  -22.102234249915625
-113.44182270648726  1253.8234772474407  -25.481957665571706
-119.71063961884002  1252.584182008482  -28.636346564678277
-121.14636930813232  1250.68493190916  -32.06457234691386
-119.74148667647007  1248.3137541183694  -38.98105102824287
-116.26442403259925  1245.6431222764058  -47.608125606915294
-114.85096156625363  1242.9297959449823  -57.31971371404025
-113.67898301747441  1241.298879532175  -59.737651438848815
-116.96968236417871  1239.8607385976366  -58.599089469995135
-118.367732207122  1238.9838003711961  -59.601021571317794
-123.7868441484535  1237.6866749027995  -61.79651399467091
-122.71966603793528  1237.1873096060988  -67.76441103337474
-122.68494940939549  1237.3548503762383  -71.07630931840873
-117.98635020838562  1238.0723842317461  -78.04521872913497
-114.90218431391149  1239.13651493601  -82.98367222441809
-112.65432488976016  1240.3409292566116  -87.07309128750093
-110.4164118574235  1241.817861050838  -89.97743719910468
-108.29929733485952  1243.5774924814305  -92.11015234482093
-105.62998132554254  1245.5819102445796  -93.86376022312244
-103.30184846518715  1247.8196134961836  -94.67875790987088
-100.7692618590966  1250.2646008162053  -95.1334896205525
-97.99978535526365  1252.9468347611546  -95.03498153718394
-94.98315991749368  1255.7747689749442  -94.64134995444385
-96.18203599032296  1258.6105285366334  -94.07596878064672
-99.99086201092051  1261.33285582314  -84.82960385033725
-105.55069092288718  1263.95948611401  -74.38332834289554
-107.94319691523602  1266.4485467762352  -61.996747933188416
-109.11930542273254  1268.6292545281203  -56.697784107688975
-109.58524839213742  1270.3884058472674  -50.49492713934461
-109.41223670798921  1271.7669280110968  -44.125498359181854
-108.05790104512279  1272.7551932845913  -37.338684110287424
-105.61181218540226  1273.2140285559137  -31.371465393711414
-102.50630796917302  1272.8823262783735  -25.621787451276788
-99.06761516247809  1271.7963227471555  -20.538279806725264
-95.36281213377067  1270.0256998596415  -14.993264440147843
-91.31933993699334  1267.7565338407094  -10.105824150268592
-86.75835942347717  1264.9381264102242  -4.9663459052662375
-82.08964982823653  1261.611888642013  -0.5573502192105901
-77.26197306061947  1257.8239089374679  4.219201309797684
-72.43145567288714  1253.7994197112569  8.432632574363051
-67.3870364902767  1249.5723721927088  13.028717451176913
-62.26011918443712  1245.1761644867088  17.0698436513576
-57.128178904557124  1240.5265692462694  21.267851345935583
-51.999474164097194  1235.7317918218016  25.047617666578855
-47.039233927031916  1230.871452182343  28.844024961176498
-42.22996908380001  1226.0322812412292  32.531843884528186
-37.60890195799042  1221.2494448722941  35.95780643869709
-33.03896167968458  1216.5206049204921  39.16137841211453
-28.66779362657551  1211.8868718797698  42.135259795386894
-24.3871048718853  1207.312681887016  45.031454686487905
-20.423896952491976  1202.8300106001  47.70080790215183
-16.525755223578475  1198.461726769959  50.240237779354786
-13.066197894276979  1194.275312007167  52.600581696937
-9.672472208601029  1190.2474128930014  54.95576223253981
-6.6357901438542175  1186.3518805196554  56.93307672468392
-8.036107615350334  1182.5448303487356  54.42825544820842
-8.082224854457628  1178.9088140673148  53.104408000840486
-6.466782933317522  1175.4502124794842  53.3365818410262
-0.8540098756975909  1172.261587538524  57.46126895278735
2.7840563221653385  1169.3558906192143  59.7735803396933
4.239763880417783  1166.766254381659  60.039016182194466
5.990003817388798  1164.5193948857745  60.69991890675522
7.889611526369602  1162.5748799880819  61.593591363744565
9.73434939633049  1160.9439946766568  62.58169878845937
11.065916430334003  1159.5434830689233  63.14961932260587
12.040950943855083  1158.383694625137  63.54525650796994
12.911640764284746  1157.4027309055716  64.00948139244187
13.59784263264674  1156.5828791580464  64.5014340781527
14.133571895931382  1155.863891554292  64.9564629174537
14.499882083381497  1155.2527974139962  65.37971546482801
14.803756915012432  1154.7315054571304  65.78669348260578
15.063030161407099  1154.2851255611297  66.16203954193527
15.288863836047392  1153.9095436430744  66.47911056062193
15.495632736472473  1153.5792267037027  66.76020574593059
15.69050646654011  1153.283249847379  66.9512194744902
