-25.171065586444154  1153.2009342398565  101.35075696683013
-27.29573543753832  1153.5414004343932  101.48010018792371
-32.90355588287973  1154.4401851596476  97.70608589592305
-32.36540965294629  1155.4169789908215  95.67255021219034
-31.28920453344438  1157.2049663582281  95.38638423073152
-31.393692476500355  1159.0733581478682  94.92727590544985
-38.18935606041363  1161.5733486363697  90.30625658527731
-44.12923932577305  1164.4038546616168  86.09128943182151
-43.69578147488471  1168.2086383493631  89.07003193630881
-38.05820515575202  1172.8621457691806  94.47313368307363
-35.78921677260298  1178.1300306955497  97.2920803177414
-35.325120954147046  1183.65232726401  97.29549836927784
-34.85748786273872  1189.7566120924648  97.7967804672779
-34.19481070329694  1196.4431442713212  98.82115184670994
-33.98936568106721  1203.6250700115659  99.46475683551009
-34.95138774673161  1211.241935541864  99.07354972956466
-36.69932761849769  1219.1352361476531  97.25844153104255
-38.87207220154152  1227.1130997581085  95.00149280126314
-41.33707736889187  1234.921610716314  92.4928915930113
-44.28259782709124  1242.389894021938  89.93191481129897
-47.691174470344244  1249.5452970232345  86.55296055827257
-51.78941743579582  1256.381704708406  82.49258666186107
-56.18519741295809  1262.8918132785002  78.38940767821339
-60.86319056438516  1269.0579024685494  74.01796741283216
-61.012024213821825  1274.7681639375785  69.53879164030975
-58.38100076216314  1280.0330976770335  56.365563243936116
-53.8049295486405  1284.7841102587583  41.747730829644055
-52.25008243774608  1289.1138484525525  26.013710850616928
-51.780913815844585  1293.0237278493091  17.341324497167378
-51.95575634727701  1296.411512271904  8.431134132709275
-52.65800086395892  1299.2798683136948  -1.7714428057407812
-54.219978626683385  1301.4175521432776  -8.177006874450392
-65.93156488643875  1302.8637886288423  -11.380747556212198
-79.76363456752533  1303.5616311508784  -11.80300165394084
-90.46892191148542  1303.6072065635747  -14.148491485329366
-90.25416385701148  1303.0020058500336  -26.330534468834195
-88.16182623114305  1301.5335105420756  -40.61792687984587
-89.7128838067005  1299.3792178419255  -56.2955815055203
-92.04736760923322  1296.7090964935608  -65.17134324918382
-93.59154223944671  1293.7978421613961  -73.5410309485892
-94.71589815544186  1290.651346611124  -82.52788713149667
-96.09583975524566  1287.4395017062602  -90.36247496432948
-98.01476019575851  1284.4086631017835  -97.18993659988993
-99.42289099439074  1281.8470125092656  -102.64513379918614
-100.57104079253544  1279.7768863862286  -107.52917152418644
-101.45040279917151  1278.1169044143328  -111.83390972113608
-102.25769462963773  1276.767480389734  -115.60274598234102
-102.60728211393675  1275.7051933501682  -118.89518907834244
-102.62797266620902  1274.9955471312162  -121.77758063814903
-102.0460158751863  1274.6077889589599  -124.01545899301938
-101.56314988551767  1274.6109392805513  -125.66934430162348
-100.48458852131093  1274.9964686388287  -126.63532862418441
-99.52005125777006  1275.7418546699655  -127.27153520441485
-102.71295415074925  1276.8557873349403  -127.58804347017391
-108.72989727381677  1278.4041673604056  -119.15456132417701
-111.65943079239558  1280.2271771605863  -113.07326349057172
-113.09616007763032  1282.0497693955906  -103.43093457669025
-113.83387860810777  1283.860531990186  -98.41334082075346
-118.94579169486872  1285.6682541552136  -88.95802402279578
-121.63737247186802  1287.5506000077478  -80.18405015437352
-122.78706284818693  1289.1395103386653  -73.6495055081481
-123.04912984344209  1290.4072988609255  -66.28945113534513
-122.91566443330917  1291.3711275440926  -59.785674580176995
-122.36236016145936  1292.0148582383306  -52.42016738760494
-120.8303374697832  1292.3149493737203  -45.810836283206086
-118.6577793445226  1292.0898930444669  -38.803736349310164
-116.01982890656456  1291.431203382692  -32.41204159195542
-113.09027416445485  1290.2808914479128  -25.7968219240317
-109.94960288084806  1288.6937994358905  -19.475719292013537
-106.38320384577165  1286.6113795855854  -12.908202680064612
-102.5903172677702  1284.0520458620686  -6.660520854671931
-98.49851963317616  1281.0103149642687  -0.22341666784214897
-94.37296009900264  1277.6138414119655  5.739179447672008
-90.13985346582109  1273.8841226574725  11.985861494134973
-85.86094666394271  1269.90265056017  17.748929717403538
-81.5201208912141  1265.6266969319931  23.65938014208706
-77.16067584414459  1261.1638783157337  28.985157266681927
-72.70330349551564  1256.537798734667  34.23393550849744
-68.17469367007976  1251.8244184000046  39.23569351610061
-63.7734911956121  1247.0585178678211  44.05637464384632
-59.42855713707077  1242.2860637812773  48.71286313465167
-55.274946042802846  1237.573659637438  53.04236500872224
-51.20943069263513  1232.940544802651  57.26296147647728
-47.44410071727507  1228.438100561149  61.03039509747475
-43.805153848174484  1224.000148331292  64.32492842014653
-40.33225842974479  1219.6102271392258  67.06262345468406
-36.83521984132904  1215.2186600589694  69.36668224468812
-33.49564094114481  1210.9159976116607  71.33132427418384
-30.27134359720852  1206.771704212787  72.92913193639717
-27.313655194700203  1202.8777046692417  74.17980954126246
-24.61734193801592  1199.2112867114854  75.16136893140195
-22.11193802654981  1195.789494158018  75.5969232409917
-19.81494924970241  1192.568998420399  75.73329499052966
-17.751228925772104  1189.6000985214914  75.70173264257286
-15.992181423092557  1186.8438103100793  75.86250010584483
-14.473127264141601  1184.3871485151842  75.95700811391762
-13.181296329907308  1182.2047812406468  75.88439482423207
-12.110344361576995  1180.351417125975  75.77834752213712
-11.24722593806132  1178.7690382141723  75.70692952608806
-10.548576027097473  1177.4357681757574  75.71154926152747
-9.996869090098087  1176.286400408967  75.6441332809878
-9.571774374592648  1175.2967818956897  75.52535467687157
