12.216065011952903  1169.9288357335722  116.71981299912669
12.146351436482483  1170.4984296741093  116.6444312386819
11.911799608433139  1171.2538494592477  116.57651752062696
11.605808187205197  1172.1713097753566  116.49702021754246
11.006096431375322  1173.283308035916  116.40194006226656
10.364463734431132  1174.5534915847752  116.30093900478057
9.47234016224091  1176.0426360661754  116.15779100548731
8.475275540460713  1177.7766993651837  115.99720972633799
7.25781198446416  1179.806880603426  115.76907875205184
5.89758603412153  1182.1038644569346  115.53634856886553
4.347168209464805  1184.6177715095619  115.1038458821904
2.6473403038440146  1187.2448565001603  114.66258799186663
0.6397523965444032  1189.9303465544083  113.91154136516404
-1.4343454839451362  1192.6210399530614  113.2927515700173
-3.862082192496298  1195.3898223717656  112.362698172263
-6.362101845823526  1198.2882046111195  111.51592687268767
-9.163072477734568  1201.4431837488144  110.40509824649983
-11.90296207543189  1204.9084996548963  109.57441765332896
-14.842492009428927  1208.6960437924572  108.7670031268496
-17.9460952001144  1212.8894817723817  108.04586207145363
-21.200710013566663  1216.9055891974585  107.24385130885246
-24.448116909534555  1221.778474770751  106.50646717587306
-27.656664838509553  1226.2356236484932  105.74215710454472
-30.954983246394264  1231.8857266476928  104.85350528594668
-34.37369240101493  1236.966774504597  103.95941555583381
-37.9130050511275  1242.5278735961242  102.67521492888135
-41.6097133058226  1247.3746966459573  101.33588525638494
-45.538059105358606  1251.534274380358  99.39764139144893
-49.59940232621474  1255.005955721841  105.50175986481197
-53.75855321119229  1257.1810406061097  116.10906328092014
-58.14148868746447  1260.1390144937989  122.20734723093092
-62.59946945450658  1263.917732106008  115.0748202061871
-67.33437559809208  1268.1793677885146  103.48858948116236
-72.02532840968377  1271.400045089534  96.37624750800157
-77.0434957951174  1273.5356312604956  93.90704821340026
-82.04838349310802  1275.5433425922938  89.31744670496028
-87.12686534381348  1277.3452773546057  84.04075076421395
-87.39916589247684  1278.6643205106805  78.02318295896731
-89.41656271052494  1279.676464600951  72.83739770619293
-87.46654788875509  1280.2567795398782  67.45120310596684
-87.57795490827229  1280.6357230748013  54.48177946753766
-83.74136796407407  1280.5099206351147  40.30816062535983
-81.79114054355978  1279.9675260451781  24.871410608003075
-80.74171367963265  1278.9967767369903  15.838085689132544
-80.25025176561486  1277.6966657539954  6.609015061999999
-80.2647939826442  1276.13402653076  -2.8529010684958607
-80.61986299194069  1274.260814462755  -7.824809366750051
-90.15127599542402  1271.76145119121  -9.713500981388787
-101.20940180190705  1268.9132418344639  -8.891823362875268
-109.20782369219135  1265.857624971648  -13.910026167032495
-111.65168287051341  1263.1928573738546  -18.016802469489683
-110.92138026274706  1260.2373612292415  -25.102768219027972
-117.26389393722286  1257.3483920750523  -26.347472550269746
-123.63556349244772  1253.8900846855327  -28.251148296233378
-132.80050867251532  1250.6611150419162  -26.253191030676582
-134.6109099044308  1247.6379325506996  -29.38688888501881
-135.67655203367045  1245.2469794478052  -31.33412674765331
-138.9726360050359  1243.1858567251256  -32.718182001231476
-146.25770688851253  1241.242546056385  -29.365409557601694
-151.19196106302064  1239.5537724777414  -27.337072215272734
-153.21256261183382  1238.2111046572195  -26.29540980084725
-155.0579260752592  1237.2187636705346  -25.618971915325808
-156.82047158045776  1236.561236698376  -24.638670748784868
-158.13086602738548  1236.239146695032  -27.300460560979044
-158.5856627947446  1236.472396774863  -28.776065358276213
-158.35053426121013  1236.8598435620033  -28.77719843865165
-157.64409946738215  1237.6457109251012  -24.9232592996272
-156.6574005163975  1238.549404331922  -26.099426488289872
-155.26400413338996  1240.0962002861154  -27.249882411978
-153.52893889664054  1241.6913319850007  -30.75861518397787
-142.5431519093775  1243.552461386268  -32.230583182503075
-129.83347436539844  1245.323338614301  -36.62336154814075
-115.57686597765048  1247.2711420754508  -39.488389840533074
-112.84210803530712  1248.951296793392  -41.410288426750974
-112.35049571054675  1250.3996963568015  -35.10676111219135
-113.02565240603504  1251.5857481532769  -27.122423176264906
-106.80041488999223  1252.6188089991529  -21.36744755048513
-95.30231526806644  1253.5063427972593  -23.68153057577818
-87.55684514811844  1254.1942741374853  -22.962674698933817
-85.38344052159486  1254.6590963054969  -15.08397510795667
-88.09230663860087  1254.9356087990839  -5.127314544927338
-82.72004135048411  1255.0442663798099  -1.6310438722601432
-77.67296187445186  1254.956498552392  0.4806471187679833
-73.56922180845314  1254.6155555217836  5.055809705586252
-70.07341339509654  1254.0063156948206  10.16132024365126
-66.49391156883502  1253.1524931184863  15.055737031352251
-62.16673871738969  1252.1111161584115  19.4529282283872
-62.30062790439059  1250.8699223807369  27.70277206596812
-60.88635972870178  1249.41288785928  34.58107053436814
-58.84324131262934  1247.667729401467  39.701364387965874
-56.44014153676918  1245.665393614798  44.6819339060052
-53.867795899985076  1243.3956061768367  49.767704765336816
-51.251699672809494  1240.87511742914  54.68454170745552
-48.27494039386186  1238.0877293101903  59.14635928764145
-45.16264135200688  1235.099159491554  63.061171256800606
-41.88345485692907  1231.9165882528148  66.90621461540495
-38.55652477194905  1228.571350082567  70.37420232907992
-35.12055650594454  1225.0468555707835  73.62169677454781
-31.669885110086426  1221.4354228384886  76.52257715793435
-28.152816824614494  1217.804222029526  79.26322926672097
-24.670170521190446  1214.2639423467726  81.73438364296099
-21.24333128922312  1210.7863491085172  83.94215077140551
-17.88477787888238  1207.3560239867609  85.8748947016962
-14.524451137999607  1203.903895038758  87.53812538008977
-11.312092993988756  1200.4999915637916  89.14478750160919
-8.13915999016054  1197.2037502555752  90.5866114528452
-5.4224506987818  1194.1537387441754  91.92228432751823
-2.872158212476636  1191.3509874486326  92.98741142828233
-0.7747037541759165  1188.8088703813664  93.98392684723058
1.2092952313020444  1186.4490797991925  94.90707106968568
2.9513176344633942  1184.3195783286178  95.75474376569525
4.489155400041386  1182.469775587748  96.49740030480152
5.829418849894283  1180.9351458181948  97.15199042696192
6.901858482690649  1179.66094061439  97.76789905179687
