22.182492680300676  1184.0723921127446  100.91554452568681
21.819494865526533  1184.5097551120707  101.09146649353337
21.411632332440455  1185.0569845958767  101.31212843002548
20.814675497718348  1185.7286688105708  101.52456181766047
20.069960970596867  1186.5016199253757  101.72256336649711
18.99128691832286  1187.42980256958  101.86295995417541
17.78744769807563  1188.5169413766844  102.04940188273648
16.15907107714427  1189.851114659761  102.28838005638687
14.370647045232245  1191.4146309177465  102.55189650968204
12.258518336171484  1193.3071136811434  102.79360147118474
10.08728208186831  1195.4848879006145  102.97905810927068
7.696044377311494  1198.0242235669937  103.17098006615761
5.228575452215976  1200.8475088407827  103.32670843283523
6.934534380349939  1203.91203311341  103.46866635489128
6.8807877003646505  1207.105333387868  103.49957977304244
10.287548122451296  1210.5774733512087  103.44600596702465
7.34596862830542  1214.3148465325328  103.2436513242439
3.8069488565546608  1218.4230869032253  102.93124835650468
-3.170754556965504  1222.7682966610307  102.40973453446338
-8.639770281161184  1227.2524796044834  101.71545605690989
-12.230154528851914  1231.82431038156  100.3084037173933
-16.680220735264815  1236.3384400103541  98.57065462368939
-21.373915905711094  1240.8921266950817  96.27437991112008
-26.056391875994315  1245.3648441690636  94.19887435544702
-30.675518040872916  1249.8312001075678  91.34805570806996
-35.09487176083688  1254.2101526704535  88.45802978946497
-39.816753414835006  1258.6046329565652  85.02993492347393
-44.570728874781274  1262.9319195748415  81.93181071094699
-49.65977887091505  1267.1409436848114  78.34938018592537
-54.484128995280145  1271.01391862428  74.89481641473516
-59.32687548958104  1274.576683438869  70.87755212806829
-63.95513345567407  1277.8229747849207  67.27238104539371
-68.97114083577895  1280.8741550134655  63.055811185633694
-73.85693095590365  1283.6467219432934  59.27569049496952
-78.88366009152722  1286.1876692256035  54.76183328360004
-83.84435510355813  1288.353419300769  50.658466142208155
-88.92617630530526  1290.2098112835065  46.19165614397564
-93.95568666150915  1291.64197834583  42.204117906298386
-99.02099238972542  1292.8048250123752  38.095897246381476
-104.13184881895316  1293.6232628960106  34.48644146530797
-109.35851115988139  1294.0545371048115  30.38823281302145
-114.5306131669218  1293.9436643303168  26.609603796873113
-119.53995152462386  1293.386508461168  22.075904915985294
-124.5548908825132  1292.4020872255853  18.08874456719616
-129.15797319411166  1290.9986575022365  13.172853332298
-133.5679599910065  1288.9510693280147  8.669180528171752
-137.45345484489712  1286.241410855915  3.226594767565541
-136.50802980464402  1282.8544541716149  -1.6211184860979064
-132.52216540214656  1279.0496973854206  -15.493372036358307
-125.08470284210074  1274.8492111554  -29.633007236802612
-120.59751629809938  1271.1301678620455  -40.04418999544019
-117.232809148986  1267.9120051787995  -44.30081865464169
-115.1964528119971  1263.34634196916  -45.58369837929258
-117.59665368791622  1258.091552943853  -49.71286270187941
-118.30479159863742  1252.6002911386572  -53.4215655780383
-117.54080844320453  1249.0666230115644  -59.97715426717714
-112.61396596134266  1246.9449845927543  -59.66076231188645
-114.11315818788725  1244.8296656132488  -56.018365211913135
-115.9223488598735  1243.0870728656346  -50.764828997631334
-115.36831763136817  1241.0496331683573  -55.67942943792064
-110.04196963545952  1240.01718607832  -61.81492043456608
-106.1238324094914  1239.6076302897895  -67.9779956273647
-104.25302284050998  1239.7445860019188  -71.51308400273699
-101.62488979708782  1240.2896010505026  -74.16872889455873
-98.3612680392396  1241.293804573611  -77.02644920979965
-94.70780809022354  1242.8362634992677  -79.02007503284702
-91.29453739706905  1244.7747856768863  -80.04544272091339
-87.74862477051624  1246.9273551002734  -80.15786560760698
-88.34052038676703  1249.1527262375675  -79.82078943321572
-86.96053164797694  1251.3498668859506  -79.21623050054785
-89.1892316928191  1253.444624674993  -78.10570041189138
-89.33382756501854  1255.4564198219591  -68.50134487177192
-92.93921542194973  1257.361761590093  -57.491836953129244
-94.49548942134767  1259.1446124013205  -44.99638565881952
-94.90652975379524  1260.7153106717897  -38.98408562451999
-94.65629924358502  1262.0675661450193  -32.35528957751651
-93.70788230071203  1263.2276275787726  -25.19889856071965
-92.11959926767372  1264.2087254233743  -18.12132317183811
-90.02123074838921  1265.0235584025345  -11.622531824176724
-87.47044753926941  1265.5894079026862  -5.453559094846374
-84.66726363745367  1265.9488606815485  0.4449004713628302
-81.51404906168725  1266.0721974986145  6.361953227472747
-78.08351953180915  1266.0728812385948  11.597656075996795
-74.45085706482608  1265.8521507154971  17.01916085697616
-70.7082606043807  1265.4357122546176  22.07446831712027
-66.8349222375196  1264.716150298609  27.4908017436161
-62.832870062527846  1263.7714490007415  32.29864077764776
-58.78937406263292  1262.5266304385075  37.30670009641963
-54.764263628985894  1261.0309240884967  41.939404098972496
-50.74125732450587  1259.2402207601215  46.62567837922204
-46.78952003952152  1257.1617843233096  51.11591251198475
-42.649921139771756  1254.7823385763973  55.36688085803083
-38.426113024427245  1252.112824773354  59.30269924307871
-34.00440538215153  1249.2647865652098  62.775029386411106
-29.76904543879724  1246.326031874799  66.07808242234093
-25.68703225308366  1243.3505082641339  69.28593342773078
-21.588059229778928  1240.238936256737  72.27082641719905
-17.486722303529827  1236.936123466779  74.80936111209508
-13.351252788417648  1233.4717233034573  76.91123372072212
-9.482807276700914  1230.0283778957382  78.89021663751099
-5.906950356438873  1226.7469711483557  80.84113578940726
-2.5648647443582733  1223.711316508883  82.82303658461682
0.6910041913193075  1220.821239040402  84.59327373054404
3.6900986281754498  1218.0245909871046  86.10871837035016
6.491420930249587  1215.2864994475603  87.39259220155365
8.8872014561184  1212.6854521415382  88.904743397059
11.06127062018806  1210.279337265686  90.59113741051547
12.869993134506352  1208.0842648602863  92.3549718887528
14.339840299279729  1206.067205587772  93.79793040852888
15.638719156605266  1204.1835824128555  94.98360566330122
16.679469571618473  1202.3607177835172  95.99105047101966
17.56864128918098  1200.5927634887648  96.93237291776475
18.2114054118676  1198.7988292666494  97.77758313742092
18.728891028569006  1197.0448873174448  98.53743016850444
19.147797744730166  1195.3227225336539  99.19801107600138
19.49385769324578  1193.7518650487536  99.80606472133888
