10.060618883744329  1199.2993451069542  98.53895504070631
8.835334877195072  1200.4009714308454  99.14731382046729
7.2725724349973255  1201.87867925696  99.6181059911735
5.4485811394863095  1203.7230928083793  100.10017788020589
3.4058930868609885  1205.9793700188936  100.56048319954695
0.9349774402855031  1208.5834448277542  100.98385605401248
-1.6472240776468507  1211.564944792854  101.16447305567577
-4.59725049700209  1214.9537789631052  101.26692077257682
-7.901334988502018  1218.6380414263733  101.29862387025226
-11.71856837950056  1222.5753850036226  100.77043586900804
-15.983346562795752  1226.5206993767135  99.96919245269068
-20.60960981318091  1230.5705186953335  98.60912262752544
-25.461463905122667  1234.7225279331435  97.67442169900664
-30.68686258113774  1238.8281465543982  96.10054193981037
-36.077090842717205  1242.7917096954016  94.34232588600514
-41.78324752561929  1247.9321377818737  92.05849751312978
-47.52145114597222  1252.3833425825192  97.79594339568467
-53.41413825007114  1257.886583068417  100.13463274170456
-59.4969374181897  1261.6783212103264  108.4798885282918
-65.77802814782119  1266.2449961673171  112.54022030497698
-72.30672518595918  1269.860756976307  114.24449058391096
-79.33328501850167  1273.8108843756108  114.83731020603987
-86.71897925256786  1277.7786864747472  105.27207047022489
-94.25319812787995  1282.0841119005386  94.48532473472744
-101.75635821659122  1286.4492232368152  76.21572105350064
-109.2986444751875  1290.4470547455023  60.81774528105048
-117.22248938634102  1293.3915685291515  50.493663280692914
-120.20185868232093  1295.5630727983444  38.78734597752454
-120.00087736104007  1296.8807054637941  20.003741790936992
-117.10545351518508  1297.357340596701  0.4597500479631993
-116.84845980250931  1297.1070177666866  -17.773936077728983
-117.25369953092454  1296.5633256443348  -27.499192497576416
-117.23444829899748  1296.2127515337327  -36.88437884486008
-116.80692887608205  1296.0342395006562  -45.78395832265816
-116.28554500296232  1295.997068755264  -53.517786086857555
-115.82049393893448  1296.1572035250842  -59.936071853710146
-114.89688195598762  1296.674961119884  -64.84455107570778
-113.4702635091205  1297.6807405543277  -68.82804777297422
-111.50760291038586  1299.0117391819022  -71.35876488898849
-109.16752953967386  1300.4785141420577  -72.82075095977977
-106.09548585676279  1302.0304698154068  -72.96961281889506
-102.16484897149134  1303.6173156016973  -72.50868543954317
-102.26767203592931  1305.1014661619242  -70.51482786002259
-99.8913826330304  1306.4099568628735  -67.52172443340363
-100.97358111398597  1307.426921572995  -63.24674000145552
-99.45884556858746  1308.2751912518622  -50.490471631664995
-101.49321028647181  1308.7042064314192  -35.85168467076124
-101.67333406021937  1308.7252427851345  -19.8256599496635
-99.94190724294313  1308.1784898630356  -9.588079210868614
-97.33823015902597  1307.2018814880557  0.7504614419482625
-93.40179753965597  1305.6779014774384  12.267016497373739
-94.13134791103954  1300.9579652556354  26.186018576003583
-92.44987486411051  1296.5728163586623  38.24196251309919
-88.2069435895969  1291.9977599303534  48.32222139906952
-78.92377013292862  1290.0029311887681  54.294285764374294
-71.30641925466644  1286.3656936513573  61.051570949208795
-65.68367259404275  1281.635245798097  67.68102005256317
-59.43841017941815  1276.1056808659048  73.73615013557061
-52.669867968831596  1270.41050142931  78.9931835375983
-45.75879359123595  1264.6809691166795  83.51353130491441
-39.23163542977437  1258.6421238576686  87.6052532474819
-33.07457030166286  1252.5262526334575  91.17109853476605
-27.169594502615364  1246.4780534878778  94.61016834504142
-21.478382261765013  1240.5904500656243  97.87478687122527
-16.133479448381692  1234.8672686451637  100.88936291292865
-10.996117743024913  1229.293918586224  103.3516581139304
-6.323906032181231  1223.9654054272935  105.37503184723646
-1.960874748496026  1219.0014370265228  107.18530038629528
1.8241369707688904  1214.5214349688536  109.09317564145202
5.127130437335629  1210.5590455817573  110.97836361273036
7.880659298050293  1207.0754051988313  112.72749620020558
10.235450490684695  1203.9709285254073  114.08177471098996
12.297424524792936  1201.2614751626718  115.19967569395916
13.985108137079056  1198.9630518046902  116.23683166991714
15.357324220367826  1197.0945789091697  117.16027242347528
16.481125661996852  1195.6204393250962  117.97996602481838
17.42194450436517  1194.5125092158794  118.641692877895
18.19677125607523  1193.7467818021885  119.17506389875814
18.78498428498552  1193.2335076321283  119.547080549358
19.265761053473824  1192.9086396105579  119.6319832217881
