24.727028952274768  1214.0552643550436  106.27508246190636
24.435488120813453  1213.8185131089945  106.49108297769894
23.918201121211517  1213.7072447391606  106.7708605656454
23.350543442177337  1213.7033147468337  107.05514749129054
22.440785415111144  1213.9655091297063  107.25017448014384
21.304335381448528  1214.6629932599674  107.34634287208564
19.772841435095245  1215.999896873083  107.33270667335805
17.74776471188047  1218.0270948435939  107.38133776031545
15.36411198571409  1220.7753761066479  107.4355355346492
12.419224816156184  1224.3393212766248  107.56144154006903
9.291287878786813  1228.6936727949897  107.65490242255966
5.6366116159541  1233.7804452368673  107.56382049136893
1.7933856260614571  1239.5255137823406  107.38189159362028
-2.162110009665919  1245.8114786496837  107.05726957278338
-6.27910888408842  1251.1992102175634  114.47486570255015
-10.665808596618996  1257.4772369601806  118.3675323478603
-15.384872156044722  1264.7033699808294  118.29870896352288
-20.118403627544577  1273.4413793238248  110.10847377254213
-24.90559403424533  1281.1514093915102  104.52704329490736
-29.90905847481776  1287.6373507342387  102.01937288517286
-35.13489604865892  1294.956843298823  98.0031761580007
-40.44583910516391  1302.7463815911533  93.39881450926823
-45.891300661303816  1310.8801330424437  88.23715207748641
-51.450181415523716  1317.732052257271  83.43642361560444
-57.32243483818352  1324.0917326154913  78.40460890569159
-63.42661725860423  1330.1619803506478  73.42801415825642
-69.60207965984739  1336.0991099821258  68.41808753328839
-75.75743035418283  1341.5272760309977  63.32032303629091
-82.1281966907927  1346.0954314045666  57.75790328114147
-88.90074860020134  1349.7754287979787  51.8005503643336
-95.79696032045356  1352.8246158207896  45.492727759163856
-102.56531320318473  1355.4611202545575  39.23147755927729
-109.08224364610189  1357.5765590386113  32.8933576875259
-116.06860905759177  1358.899869414563  26.96540775643027
-122.56933810344165  1359.1870991658125  19.830004590841366
-129.31344429134668  1358.3172454617916  12.528769369154833
-135.07322728770833  1356.6960241669171  3.792719870403709
-141.3750690482738  1354.464112155962  -3.4593860907054887
-142.13434284854526  1351.794068795631  -11.204241562984414
-139.67777175991444  1348.6369562182642  -26.21004147791125
-134.15512893572358  1345.0010383498206  -43.41748261150532
-131.1632553756457  1341.3003249608244  -60.97766023408785
-128.80345794913785  1338.1925750600628  -71.1174702471493
-131.12438296799584  1335.8963829230754  -76.29026020420477
-131.2941674360522  1334.581322189006  -82.99241412810731
-135.64624736431938  1333.7879179353486  -85.12444531875681
-133.11331115226886  1333.7567528835395  -91.81585789935076
-136.36404699153425  1334.104593873879  -91.54504616610237
-138.0971625554276  1335.013121225606  -89.83791092159649
-138.4592264081534  1336.2161510134222  -88.81872801908297
-131.26821109997857  1337.5677296164745  -91.77928394686118
-120.8416860395922  1338.8552435766153  -98.55258419724923
-113.13755751183577  1340.0186924132495  -101.22895957042404
-107.84999145187345  1341.017573480671  -102.44115440221424
-106.31139556392917  1341.7777800125539  -103.03217829041645
-106.99724352090114  1342.3405586374454  -94.39801017589564
-109.83472279226648  1342.6238685150668  -84.12087195452494
-110.01032749572576  1342.5690591323732  -71.0554484241844
-109.346055056212  1342.0709424722638  -64.87238540590447
-107.97501803800432  1341.2125885962128  -57.284415906365744
-106.20187798788871  1339.9332396691702  -49.328271120859405
-103.62862129626215  1338.1197622981358  -41.18381860147988
-100.43237648426161  1335.7783865210195  -33.73460333234924
-96.63990098282859  1332.9540524446004  -26.658867558369842
-92.42712472365567  1329.8973786911424  -20.064095339928013
-87.99767443436208  1326.6429899530083  -13.186231369123295
-83.46351149017127  1323.1773337384882  -7.028461525156283
-78.6279123894099  1319.2952051685322  -0.598517015615835
-73.79370262755343  1315.0697324994717  4.8884697739758405
-68.65782720814406  1310.5542550063303  10.642100440519052
-63.5765580187051  1305.9731895457287  15.621117163074935
-58.31220521674796  1301.3116019948188  21.089766854599716
-53.11535668257006  1296.6518105268603  26.16079840206921
-47.865563219215076  1291.9483111966513  31.35038145427984
-42.66499741817279  1287.2963585337984  36.22448466431784
-37.484472431926385  1282.6777464747322  41.10821369229269
-32.32769582107904  1278.1195660908575  45.62633800844491
-27.177922584120417  1273.5875991028627  49.98540877767556
-22.13965077181421  1269.1380726748628  53.97761144962635
-17.340188753389103  1264.7844803596392  58.03775507404467
-12.702502732791146  1260.5770705878695  62.039195500260526
-8.309968332899238  1256.5227611020114  65.9519143512565
-4.078076271876765  1252.6421104784058  69.54015489410794
-0.08025460784630756  1248.9452244003487  72.595297096162
3.740291287649679  1245.4362933660343  75.23294817697895
7.324098917779528  1242.1226074918336  77.82261556484573
10.690857999100862  1239.0261746048293  80.34394263541888
13.683296790600874  1236.1975637926814  82.75085429593919
16.28314679841058  1233.6660079569658  84.7897938461681
18.48832759919269  1231.463755901543  86.64066143991886
20.389863138135567  1229.5105887184818  88.50413434778635
22.04898079068007  1227.7346738718127  90.19118832065392
23.40497226462747  1225.9917987801855  91.7808465313083
24.540146698880797  1224.2681531536236  93.08055181072945
25.401736811439573  1222.5626713032057  94.28708780629961
26.030791900470433  1220.9211357284137  95.3094717270972
26.436200745762292  1219.2989791046552  96.16763421201107
26.618636990147568  1217.6726672587606  96.8630999484307
26.757079768337583  1216.0530758185823  97.384904125571
26.862065902019683  1214.533003651702  97.8201200399262
26.923048288342198  1213.148207695264  98.1695703191295
26.886521586826166  1211.9120666911203  98.47653951813355
26.794794066959152  1210.7511026394286  98.71049049389886
