30.489317261552976  1206.4793682827649  95.76269920427612
29.763116248537116  1210.4455434615618  94.0526952337346
23.114636972836788  1214.9207081178836  95.44490349732365
14.873025217390177  1219.7659530087503  99.37928862303178
9.032597728207953  1224.9033612212615  100.92969461139106
5.744072928565625  1230.2386167615277  101.4601982907509
0.9578528869422076  1235.7729478213732  102.13580887968526
-4.409554033257157  1241.3158733663497  102.69431593699159
-9.860629284018898  1246.8904440224078  102.48366966773132
-15.041369971695035  1252.307530399115  101.76845779831876
-20.27675593418291  1257.7603640463465  99.97973782168472
-25.843401667026473  1263.107657456949  98.39134838805145
-31.68494061127256  1268.119939911396  95.78461907659725
-37.704133058524484  1272.6642107295268  93.31267340654794
-43.94998390533769  1278.3964315679166  90.73105234265003
-50.22059664704302  1284.7477879640169  88.63618653569144
-56.62790661115053  1291.5369909537255  85.65520331244227
-62.93725022916604  1296.9049951408228  81.51032695924111
-69.44238743140272  1301.822627044501  75.99212944457159
-75.41798060301251  1306.740329083873  70.63518819932455
-81.84577644022185  1311.8785412733675  65.68021718140888
-88.0823126643692  1316.9140854370362  61.48486501212354
-94.71581842102155  1321.36235974745  56.1899219745837
-100.83276569500347  1325.0575178232787  50.18886510150153
-101.78529591545356  1328.1823416706256  43.11127357111777
-99.47697773575871  1330.7529244939699  27.97403811759193
-94.75207035082582  1332.866934896545  10.897945484614807
-92.89219691319539  1334.2223910789837  -7.763039593823782
-92.01062590049837  1334.9680512454254  -20.137756414874715
-91.09529059806025  1335.2629929231937  -32.74950310442175
-90.60169126932357  1335.5208493297646  -45.49371443886419
-90.44610187898792  1335.833739934239  -56.866013508421204
-91.07042732000819  1336.121503063951  -66.38956213255071
-91.82619187085979  1336.3118545620719  -74.08425932489158
-92.65696911715497  1336.4356987266526  -80.80318625114369
-93.2569395570418  1336.5877838270849  -86.79890992573392
-93.59740021800657  1336.7993006392499  -91.92945998659263
-93.5985002603839  1337.1228707273763  -96.40213485886406
-93.34216687793086  1337.5318698103047  -100.43583441840323
-92.78322100381476  1338.0899217163337  -104.0199581800922
-91.80509398964723  1338.7306183400437  -107.02789654621077
-90.32188316872292  1339.4266351541635  -109.23816112377037
-88.29352403756246  1340.1393394685279  -110.69082814091759
-86.01764000970978  1340.9355855611718  -110.89970480117427
-83.44097615118216  1341.8737500300301  -110.11547859902063
-85.33386560710308  1342.901478569242  -108.1456936513867
-84.94961215303506  1343.791592347892  -105.31157716453369
-88.10901744794907  1344.495486997108  -101.49337316962912
-88.70105558518489  1344.9635679381804  -89.12228287321805
-92.76727045008802  1345.2661594853066  -74.83982701972354
-94.85407194057626  1345.375485667216  -59.31558833481139
-95.13137833382291  1345.260836554463  -49.55156397023947
-99.49728003220264  1344.9944795802842  -44.525890995952686
-100.66303876148434  1344.4621849031812  -36.891033305493146
-99.43147890852177  1343.7285870238065  -28.198627234527528
-92.439896278326  1342.6917029661188  -14.867695198878028
-86.8765812892947  1341.4336738784816  -4.610511963136357
-82.99955215872869  1339.8228035439838  3.6082186627515345
-78.45425367454445  1337.8324065394465  11.35423737008956
-73.36814691367694  1335.3021467439796  19.549863954537393
-68.00335703932134  1332.2940292090013  26.72201697817051
-62.731945384445766  1328.7282574893618  33.57928962530158
-57.52424514633965  1324.7501304407217  39.282740073856324
-52.076631019791016  1320.2993963028139  44.75516706274442
-46.65434631294684  1315.518070023235  49.32337839932628
-41.12316161285558  1310.3822229331417  53.43600726742489
-35.818173309547355  1305.0925096486594  57.04942099108169
-30.530389912685052  1299.6856661685715  60.3849970368042
-25.31601490847823  1294.3099956345527  63.688310594672686
-20.254613682064132  1288.99600805102  66.96972566116372
-15.503958865703796  1283.816887804493  69.9771296938934
-11.014303372309818  1278.7685709134123  72.67118737220197
-6.687155967655128  1273.8626785715062  75.082006669842
-2.7381890995263873  1269.163542621873  77.28390831147172
0.9645305015925927  1264.740860995288  79.2975396510716
4.2113528995496825  1260.6369926133216  81.46316077481009
7.186029245206368  1256.8901432144253  83.61967109742467
9.72413619739589  1253.5670522520518  85.8283314380775
12.012523593027266  1250.76019271212  87.65579853410694
14.082467554596473  1248.4224739734009  89.49738756193635
15.943643061221959  1246.4936005956647  91.22297967579445
17.637812206430993  1244.8692703434579  92.89125353841749
19.12156188908407  1243.527198734587  94.31440884354159
20.416961350545094  1242.4343545449037  95.54922164422459
21.507075445234822  1241.5376997740016  96.6494382829893
22.466493306564615  1240.7667217490769  97.59801149812093
23.267193993482447  1240.0742368932533  98.42873735091173
23.959386919988884  1239.4104577119776  99.13402782747352
24.539422236351985  1238.7715463341517  99.749563325465
25.020572940827844  1238.1287078078076  100.28306541062005
25.391572174651973  1237.4532963120332  100.74112630157391
25.650252158162893  1236.738605632403  101.13030940200554
25.836443678747948  1235.8919767247967  101.46133778339225
