40.140504367343524  1182.045860779556  114.01324748958889
39.60781351720948  1183.4832539870672  114.11717511537124
38.73293122103788  1185.3647239014037  114.20988683841622
37.719117625082426  1187.663123348527  114.29702385840957
36.319818946307876  1190.3772190254074  114.31151706196756
34.727712084622645  1193.464997630245  114.33282942046918
32.70314392428254  1196.9371022365815  114.3542534118292
30.324286225166674  1200.8334457677706  114.27335694888646
27.567257225682773  1205.2203860010663  114.06004133769525
24.50404836325781  1210.0757813326338  113.69845102260595
21.02817072662655  1215.4183266210373  113.08497776768576
17.223787131877042  1221.1169552448864  112.43471381108783
13.183545345326356  1227.0680868709244  111.68085261099516
8.851478424096316  1233.1586670088186  110.66156581875875
4.387209873898008  1239.3677396347875  109.38811762889169
-0.6079301872719665  1245.7536219225567  107.4630745796774
-5.601499051509281  1252.2252963352466  105.53569605617636
-10.989495324432571  1258.0895014715418  103.11069208681242
-16.426764283152437  1264.4935407966186  100.58520052128958
-22.32678874655853  1270.890650020094  97.50533973410593
-28.293474449115596  1277.846426318257  94.62381187225772
-34.65601535684605  1284.0960643677197  91.41222028383024
-41.10834777001315  1290.0851353717787  88.18104118728698
-47.80683345071072  1295.9056021093083  84.08653619984631
-54.4333497216555  1301.3451722733948  80.45373053466591
-61.04268709354262  1306.4031125550573  76.30603838473591
-62.940787799096  1310.8242733346574  72.33167044879568
-66.61579241687724  1314.7570869555248  67.24343428191634
-66.43147959148526  1318.2401059034928  61.77375116874502
-68.36171996845708  1321.4405813777657  47.43019428985736
-66.35375180399477  1324.2140075158122  32.11045807175629
-66.22023548264504  1326.5547068859066  14.967721657633833
-67.05365895871367  1328.4344673298128  4.064536808738604
-68.31660390925573  1330.0169898765987  -3.678965625408612
-79.94707476538329  1331.349312873237  -9.240644974677817
-93.09397711499906  1332.3979855601708  -12.155081382744715
-107.9963137788746  1332.9970328157158  -17.095096814557337
-114.6531973159033  1333.0559735569418  -21.604984998581234
-121.90961211055199  1332.6849868353333  -25.668871099496215
-129.584989385714  1332.1307989551747  -29.216169596257163
-136.60631621325535  1331.524359715417  -32.72640379895458
-142.5884648505374  1330.9409189848227  -36.233918663480814
-147.21323685949525  1330.4195922559613  -39.27044358209625
-151.37924055244426  1330.0260758433385  -42.06230915503563
-144.87647810768078  1329.7417869693395  -48.73662534947805
-136.55177094792666  1329.6251729711096  -57.55511725613066
-125.98687916476055  1329.6729183780715  -67.56179159452768
-123.18732420403845  1329.8491058022278  -74.36080016403352
-124.12204574710634  1330.088544995511  -75.40422108833819
-127.05058277143911  1330.3858661395325  -71.000398173751
-132.1332606044089  1330.8379010358067  -64.46291844866013
-134.36600231146917  1331.4472045438938  -60.05605643366381
-135.90787545480774  1332.1266653146213  -57.412815288555834
-137.0464148611539  1332.7966852536708  -53.67242067912112
-137.56558125040985  1333.4189902859407  -48.64158112796898
-137.19198806028118  1334.0134558042416  -43.85280824724623
-135.7535552422652  1334.528481400296  -38.7628734220695
-133.66381935861475  1334.9516285073464  -33.99985033312021
-131.2356123465906  1335.1762614064369  -28.26047776369076
-133.1094895322702  1335.2583146755328  -27.332162161761964
-132.73864794250275  1335.0701427242318  -24.41144585973608
-129.89450267778045  1334.6964910892304  -19.814582511297314
-121.91148173221985  1333.9614173003472  -10.283470934950788
-115.65191740392049  1332.9543408994725  -2.8061702789296126
-111.34645953608674  1331.663575836102  2.7972891566655296
-106.39495628656378  1330.214608481173  8.506331196468967
-100.82633057957142  1328.5574917007905  15.242084703494598
-94.79984706729527  1326.6373792772356  21.515125605343584
-88.9825337341797  1324.2991495243466  27.556682547880385
-83.37728152546211  1321.537275602456  32.57712677623163
-77.76272502413403  1318.3432755732504  37.8727699786774
-72.2366118663303  1314.90635895976  42.794962951453456
-66.56160802717518  1311.218292367131  47.743986482448314
-61.180199272160166  1307.307981503368  51.9954249670864
-55.643215214407725  1302.9990855007457  55.78769433198714
-50.31952355052593  1298.3585742380317  59.01719565145659
-44.76667199132491  1293.3690365711295  61.99893373555398
-39.46965729444924  1288.2445087725507  64.71247289606654
-34.0821775153585  1282.9881108232282  67.39766232276884
-28.72160253325829  1277.7227144882108  69.81495674222913
-23.334768810614616  1272.387218111644  72.27495366850938
-17.981023280625696  1267.0302610958454  74.38899817064099
-12.742304579288296  1261.685339161435  76.38666585002686
-7.451780714893175  1256.4603304600453  78.0585983442719
-2.51243061483501  1251.5232204146475  79.61851034695978
2.211079999967901  1246.9610336554522  81.15474054755111
6.416324976290715  1242.881723098428  82.50748196993133
10.463128133405267  1239.1674308487509  83.58377741359263
14.093115347491961  1235.7873798096655  84.40175635903836
17.3249666052901  1232.698198478368  85.02629092338417
20.041844257805742  1230.035933236333  85.5380947766872
22.29670191503547  1227.808201933943  85.92687405532921
24.295077282378568  1225.9560242883827  86.15235656600395
25.98779098850023  1224.3701484683368  86.22357608505537
27.420135443626265  1223.0211633006704  86.13235767580748
28.611792798418286  1221.8750714034582  86.01391720736041
29.558908428494853  1220.899876174349  85.84314963619455
30.354006867677274  1220.0482167043995  85.65520895880273
