44.9704542510775  1211.4007716436306  121.84405685604925
39.85165586446434  1216.4914972130107  121.66357183089596
31.784400633682232  1220.296744222935  120.62364033281007
24.863440972625945  1224.2128858812434  119.17650054275732
19.805305294919325  1228.1655570987177  117.0559652468291
13.646137377096167  1232.029919507442  114.52589735116771
7.412693267848501  1235.7126879904185  111.24475403805752
1.1485349432715193  1239.1305118375947  107.24939693895271
-5.089829518029819  1242.581095289427  102.35223426472055
-11.243105454361789  1246.1394839654502  97.10482822996596
-17.887851548021928  1249.8620123237915  91.87007447785805
-24.37041103866169  1253.6683114258353  87.13391724369434
-30.804989826975465  1257.4772018552624  81.91354564439895
-36.77444492325634  1261.1744756074706  76.28219498257972
-42.79506284890965  1264.8220106472263  70.40892707231212
-44.29521252322813  1268.5127139824483  64.99691592760539
-43.0422573951289  1272.3058516897802  51.69508135882381
-39.664147877187304  1276.0754817227735  37.694014248215
-38.862899289713795  1279.3989917062122  22.321482698692005
-38.82136896052098  1282.1175437185548  17.255795874456044
-48.28831403697239  1284.2251353524712  13.79813904909903
-59.35857831994042  1285.9836255237242  11.550528788973239
-72.71428106054185  1287.490797252967  7.653407493835665
-78.66326020846118  1288.6264741942412  3.7132702001632456
-85.3697615733046  1289.2789220052448  -0.04231621184034706
-92.53636314990254  1289.329656791081  -4.721864334971146
-99.3691342890188  1288.8854219709074  -10.520809007979919
-105.50460128515361  1288.1506715268051  -16.314864232599064
-110.93479756323009  1287.2380058110348  -21.367653885903405
-116.36994848257622  1286.2036472631341  -25.702206896661735
-121.69829934623516  1285.0582129203704  -29.468912857264407
-126.52620137077673  1283.8759074365314  -32.83049123505106
-131.01807475599645  1282.8163993697344  -35.439779825934956
-134.98495643985183  1281.9975372251006  -37.518165400101935
-138.56687254942955  1281.429516151859  -39.051118589376756
-141.83161680778622  1281.1300185129494  -39.87197611346614
-144.72058899048008  1281.045759837022  -40.22369089549135
-147.21299431794301  1281.1471038870832  -39.946126103046396
-149.17359301318635  1281.3160669517517  -39.63093488768533
-150.74369758485315  1281.5636831675831  -38.582729323633245
-151.98975383928112  1281.9683165445485  -37.46168904041531
-152.71870596821796  1282.5122662984988  -35.58808753128395
-152.8901255904352  1283.2007108561832  -33.71769836075803
-152.4531344994967  1283.9897742273206  -31.415125767971986
-151.56685093528552  1284.9529501367667  -29.333558503007815
-150.06634385408955  1286.0852022579147  -26.842069275429633
-147.84624260594063  1287.3084817220856  -24.059544423556424
-144.90473843565596  1288.5575461500339  -20.869384022590488
-131.98778866630855  1289.7674630617653  -21.30462716156954
-117.98639431216003  1291.000317916071  -23.792158995144234
-106.75656479676935  1292.049276388484  -23.70287945822379
-101.39700419585432  1292.899885654805  -22.62113136935431
-92.73866376959351  1293.442961146395  -21.11796961921967
-78.76050387383572  1293.80993802094  -23.23153138461863
-71.55517805602662  1294.0027973908368  -23.476174967968515
-69.94646549275994  1294.0954823251825  -14.381971804805927
-66.21989331413377  1293.98818306727  -7.541190193245884
-60.934789508606194  1293.5589827438282  2.5782794287676727
-50.58636150332653  1292.807885443507  3.0894056410160893
-41.03773922263788  1291.650853871328  6.2989287973454315
-32.99300612627678  1290.1668484313893  10.854857844572173
-29.561111584372647  1288.3608816946653  20.761993719494434
-30.4969185556525  1286.2287940230897  32.293625605461976
-28.30297296778329  1283.7211329329975  40.701250700986265
-25.481135650840383  1280.7060513691838  42.735511520982534
-22.477372704365695  1277.139426056416  46.46422389268717
-19.641684995376814  1273.369773259544  50.78688547682654
-16.271595146752336  1269.290059705154  54.99203567305556
-12.412331145639813  1264.810905415412  58.28058904478601
-8.39396529287188  1260.2056394757137  62.13203875963598
-4.491243148125816  1255.4939879890298  69.35807387540515
-0.43972696609583295  1251.0556207306067  74.79522660371366
3.6581315375642904  1246.3703766644894  78.13469924457455
7.882765373103869  1241.6391537844063  81.35443594101443
11.92391481294683  1236.972272330531  84.35216992804297
15.970978076174168  1232.476788937383  87.17360851159384
19.592593104211666  1228.256376555927  89.38147284111743
23.249603613000104  1224.229883534092  91.41576924579289
26.49394687242958  1220.3498718927926  93.16599830844518
29.83070230984529  1216.624386656341  94.72471985437403
32.6197039969576  1213.119425947067  95.99852859516542
35.25476323705553  1209.8570305732774  97.26498485561187
37.497432878661016  1206.834399825446  98.48676510742366
39.49898016186863  1203.9314518618655  99.67572646512752
41.18804463554851  1201.1738618579996  100.79027498471282
42.58827117626141  1198.5660087582069  101.93329437600516
43.77457844867438  1196.3260566095994  103.24974822361014
44.71250003762674  1194.4144348641398  104.49293239460991
45.42812449499746  1192.8062892439762  105.6454495555082
45.977810286638565  1191.3095439167403  106.59853244180577
46.407336493024815  1189.8720916740826  107.67309587394239
46.729699845120244  1188.5248520385674  108.68755731118455
46.90082476967598  1187.3130139671885  109.65213344713133
46.918679986182134  1186.2738238550694  110.45360545369653
