33.513781317788194  1173.7963584941547  113.08680637690378
32.69471715181557  1174.5759646199904  112.90528605066024
31.560217030743527  1175.6680719596616  112.65376060569395
29.887833601532428  1177.165983390935  112.21081294870267
27.69384606498399  1179.0796658812562  111.52631938972095
25.085935895857965  1181.3399930432497  110.7825244214602
21.95924563061668  1183.8914348618864  109.83257667702975
22.894633209216824  1186.7635561421237  112.71701738032594
21.523962428400985  1189.5107666649315  113.26416360215494
17.810209619259556  1193.430727074181  111.50688755883647
13.537836982294001  1197.9703597232967  105.38345932997592
13.298276327473506  1203.6054305583023  93.34299069354039
16.580700367705607  1209.2024300203543  81.75638694560422
16.813415450016706  1215.259489255133  68.067870016264
15.149951746468671  1221.8588295789082  59.61531665552762
12.699411819244812  1228.7073048919992  49.99605804261402
9.617380861363664  1235.6934730380872  39.82035988169379
6.323501978099932  1242.6577408480603  29.83076731771296
2.2566224193992244  1249.6307922015235  20.300160114226543
-2.3525355219279622  1256.6785300698223  11.149444251471866
-7.300581055477542  1263.7562051311866  6.021982907214899
-12.298231477317836  1270.7353426610853  -0.4598323815849934
-17.403027019653024  1277.3691638639598  -8.31198203949484
-22.74800676937214  1283.4782667409472  -20.200403665395818
-28.33890060546856  1289.006551058375  -29.94336874097361
-34.11803386591114  1293.7351724319442  -38.0109011150293
-39.79689696721533  1297.755943344539  -41.96494493030982
-54.64538777845252  1300.7197684299706  -44.09900240515042
-70.46343049830246  1302.709812750722  -44.587294653982376
-87.19823496441876  1303.5951310019436  -47.128102840055696
-95.76835675928754  1303.7072159948898  -49.92833719619095
-104.34264337095958  1303.3156964402579  -51.99149900321116
-113.4192229214276  1302.588553077223  -53.575931762323826
-121.45020856429949  1301.6950011581296  -54.8768286819705
-128.39919394754912  1300.6912747090555  -56.11436274796901
-133.81878132044042  1299.8141489224445  -57.16932889270818
-138.7634993905845  1299.1401374133889  -58.062976729772835
-143.09853451803767  1298.6744800350302  -58.59849713309305
-146.6721772176139  1298.431552154756  -58.894261273189194
-149.52171579927818  1298.4673116543343  -58.26157659709153
-151.6852247807443  1298.8389787724943  -57.46369107823184
-153.0593789632823  1299.4942075037507  -55.8556443514223
-153.89091765986956  1300.4478037650456  -54.25219380412849
-154.28062055259852  1301.7757192312974  -55.627287575507914
-145.0167189694716  1303.5476026158651  -58.93328276954776
-133.7727124907458  1305.5750764860568  -63.26085161922978
-120.49034007949598  1307.6271637002521  -64.63331597591704
-114.2106559690227  1309.3576144748147  -64.79475239772889
-107.06776438266685  1310.7409189385357  -64.29671676880392
-98.59962386142537  1311.8345189019406  -63.343116191403425
-90.2267425979196  1312.6073396877  -61.27598436913538
-81.9948374863163  1312.9864319629055  -58.50047371287358
-74.55460216216885  1312.806952995737  -54.99772392999315
-66.95666418631212  1312.0489328108524  -51.53183574652618
-59.30618078676778  1310.6292720448919  -47.28170886874146
-51.83747596493558  1308.5296536877606  -43.15841870340872
-44.58378034831258  1305.8313679377684  -38.25660749519289
-37.678830043562115  1302.6127224346262  -33.4831852554828
-30.73977134123628  1298.9348061144874  -28.06136910866901
-23.849291273101798  1294.7641652774419  -22.83046425393686
-17.116789996393546  1290.0901894315105  -17.296559639586285
-10.49210625032579  1284.9192438994792  -11.66759631910848
-8.40439417557744  1279.3393408946931  -5.802503072097931
-8.953618348329357  1273.4819932022015  7.550947950825178
-11.571944927340994  1267.4982040881657  21.54287258326195
-11.57021348568339  1261.500471439506  36.8954490629118
-10.88777139059462  1255.6374316905058  45.940994525724065
-9.908869530003226  1249.886830164384  51.67719094382813
-8.476743266493948  1244.0611538230953  58.435618102068894
-6.205122518764521  1238.178236400707  65.70346812097435
-3.3316430176924623  1232.1991904397748  75.8394155006884
-0.22182397794359687  1226.4174053148083  83.38358589916048
2.94257796113778  1220.8146645178463  88.85231732084004
6.262629397530406  1215.5178813120287  93.95946811796651
9.59827498053345  1210.5406097481457  98.61035936995371
13.031556792945697  1205.9071314165753  102.76720515107614
16.224962394275465  1201.6722365386754  106.0643279198746
19.10656744080285  1197.909465441659  108.89837645371388
21.584008063260985  1194.6820030571355  111.3360407203231
23.771503396477303  1192.019430775274  113.40627885811766
25.810680635970286  1189.8122459036651  115.28926770038817
27.561213960098357  1188.064235214551  116.93082536280217
29.01700740582622  1186.8467475490356  118.39265996504312
30.189798463954144  1186.1416703124576  119.56876786489677
31.17944598279079  1185.7713162193731  120.56551266421849
31.999300181079974  1185.5145518998852  121.55541571810609
32.50625112421869  1185.392615149413  122.36052425938333
