-6.666830011880597  1162.0656910968871  102.42239748385488
-8.347770076450074  1163.8536520027235  103.1137142262141
-10.536475557471089  1166.297668666177  103.95483773748448
-13.158957361042514  1169.331710834893  105.19039055938342
-16.32496837429452  1172.8995328848248  106.61042792565733
-20.01372679764235  1176.8717194356882  107.80359099157428
-24.12629539586257  1181.1280979780383  108.73571393003921
-28.630771310789132  1185.6163912249528  109.47275014301734
-33.525901154953885  1190.3651565447997  109.76753169370895
-38.74511000419281  1195.4905997585379  109.71241871049962
-44.1751892079301  1200.8509331177522  109.2406138086049
-49.639184134216066  1206.42287232801  108.72176041073374
-55.323098351510254  1212.0835941217565  107.84134184582055
-56.52100879410039  1217.9577569838568  106.50160230867097
-55.0830092177437  1224.4121445387393  97.00572926054122
-51.533027291312564  1231.0643001362644  85.98626032929641
-50.76516382517287  1237.8758960135783  73.54483526938287
-50.75320981779248  1244.4129364742744  66.92492362671399
-51.144561579202744  1251.063416768339  59.81521834932569
-52.13390559140304  1257.8232617413994  51.99689000440752
-53.63730651311046  1264.556401391732  44.21498703489082
-55.7072926658352  1271.1219390486654  36.39665673559012
-57.75522564591798  1277.3869069280513  28.45698014386602
-60.24432212443368  1283.3039282347734  20.16810202101002
-62.724946317587545  1288.7647921680777  11.228442492470563
-65.49071465836062  1293.5991584714125  2.014406678478446
-68.35219080151688  1297.6341343563724  -8.201738241073105
-71.2232345684771  1300.950658769836  -18.75235673815601
-74.19167018379697  1303.242652750059  -25.74810341090876
-81.69160981621738  1304.1809370644698  -30.38498205864861
-87.22788887854612  1304.4999176765186  -32.8328661275385
-96.3264835310693  1304.6462375771573  -38.13348060329062
-105.03216949726337  1302.7438129797551  -44.19421255481781
-117.09042561336165  1299.5572697559949  -50.06808940690053
-126.62225966705722  1295.2459468817367  -55.185917468899504
-132.6526346484122  1292.4070106088955  -59.558239770180876
-138.37493536964547  1289.6668847254425  -64.21658697551116
-143.5654818494675  1287.0170781189781  -68.51638452203873
-148.077862143493  1284.690642511381  -72.45797739294134
-151.61929670975942  1282.7460391058041  -75.87618351619645
-154.2716025900972  1281.2806756338125  -78.73945902210858
-156.72817108280782  1280.0667025119271  -81.09664855359955
-158.64588179695312  1279.1925422352379  -83.04646800086059
-160.2156092903888  1278.6886377497704  -84.68864018571333
-161.08225768375078  1278.633124654569  -85.7303652848098
-161.62856030549972  1278.9918353481646  -86.06482588088647
-161.58762251992502  1279.7344428124586  -85.55692236323372
-161.2931126995647  1280.8112103500252  -84.138780339438
-160.2402615623911  1282.2114688643733  -82.15915450676016
-158.9766318463914  1283.8249977536989  -83.44396117189102
-147.6399868667215  1285.3910568910899  -86.84579197027617
-139.3609624368742  1286.8899095839558  -87.43603470019988
-131.99217980149285  1288.419942930393  -81.12112299232066
-134.21290300173388  1289.8768470029388  -71.84040701143098
-132.7184618379017  1291.1116817702596  -64.86370960576484
-129.3507057118405  1291.9841297723297  -59.61151115999906
-125.8775237549804  1292.5807013824847  -53.82612980871443
-122.37612051349367  1292.8298378573006  -46.700230147278745
-118.73479572749378  1292.6026622231643  -39.920083079148505
-114.28658431821377  1291.9425766256923  -33.2154071376132
-109.46190712825276  1290.9060634826214  -27.07840175409424
-104.7100666803043  1289.4969676964079  -20.64506329085614
-99.83108779596978  1287.6649134856482  -14.192916801123854
-94.8284319562793  1285.3412104391919  -7.785847882854494
-89.5526486098775  1282.5832539661951  -1.8278887333177432
-84.27244652133545  1279.4379511337581  4.20218156721919
-79.17062494547079  1275.9627745901503  10.11346048238337
-74.1866543536166  1272.114087951868  16.24369145403831
-69.12606154832247  1267.8906597601454  22.02268536093358
-64.01498424732785  1263.3910784252646  27.261646516407087
-58.85947482700915  1258.6339564826483  32.69376979762269
-53.83312424021836  1253.7364321512596  37.91185207642313
-48.87634577706181  1248.6458643463984  43.3169766506781
-43.972729079992455  1243.4925238957146  48.03004667525807
-39.1710102714512  1238.374744412661  52.476483589548636
-34.606592699466624  1233.4073276610854  56.84803122369133
-30.320682233523808  1228.7085740583898  60.848371151949905
-26.41603867018699  1224.2275417967812  64.45024359889075
-27.057119763077637  1219.9818889780788  63.182772561167326
-26.19048597033828  1215.5766721133746  63.16612959378099
-28.98512008113667  1211.6514255759637  59.30850711774754
-25.601059703064173  1208.0465940653235  61.25656711622332
-21.829728464881722  1205.0925965661902  63.397254064882496
-14.959433603281063  1202.2872034123664  68.49535566219396
-9.99354385283774  1199.8333739666525  71.74565281935354
-7.372052088150171  1197.780467948312  72.7385207225501
-4.116372589026858  1196.0023857448555  74.25637398565043
