14.147101328309368  1175.4058747642584  99.09354133001132
13.428157801100236  1176.2500093818398  99.58732674364032
12.318482674026423  1177.4224128709413  100.08961711545061
10.99524818213615  1179.044175520167  100.33036950856352
9.257877553136112  1181.303740947217  100.49016174478905
7.046063694838537  1184.1764141855529  100.57811861780685
4.118369553154683  1187.705856613215  100.75935390378129
4.9435712946614885  1191.6822250171365  97.05726173629893
3.730133034740872  1195.993164035411  94.46535800140495
0.39292376631646153  1200.4546375998166  92.02018578176015
-3.3137028320359945  1205.0434996813915  89.13701152075652
-7.3933155228953105  1209.7987853683715  85.61489475081271
-6.28206106990156  1214.579738962766  77.3904938715354
-12.216600884221942  1219.4698032059694  74.00865433336185
-19.30511749909229  1224.2674331022895  69.2342006598174
-25.716253682268384  1229.1784700400985  63.524304955805015
-27.420584363547437  1234.223916334937  51.6583880808892
-29.439627203003955  1239.5428827057576  41.66159334500033
-33.43189558682925  1244.9400506736315  32.772970015609225
-42.49833935824891  1250.2533191070895  29.472567935265147
-51.47249173126849  1255.2588423576894  23.912898311883612
-58.90290624520601  1260.101176397388  17.41599046498719
-66.31575885931957  1264.8878839051945  11.322226954796314
-67.64764389448403  1269.586859055124  1.432096576919248
-71.45453584700337  1274.0552851028106  -8.346814742760747
-75.91732211512894  1277.8392496022757  -17.91564079118586
-80.51075145412712  1281.044047382849  -27.712607660905483
-85.07922706325007  1283.6595687560316  -37.649078176642064
-89.32768619274529  1285.6412106123864  -47.519916568071864
-100.61689361088732  1286.6785076820443  -52.81142133619575
-114.0224911468025  1286.5555730044484  -53.99661773850012
-124.04369993347655  1285.69973842972  -57.279819419414416
-130.5901197433952  1284.597962310579  -60.808850232978024
-137.10832382841338  1283.5760865048971  -63.55037453689503
-143.83975665787187  1282.575258491461  -65.56559690799793
-149.58199953874495  1281.485502342638  -67.08714304197319
-154.06259933773777  1280.3182935099117  -68.58167870490733
-157.85168801327038  1279.2030878949358  -69.74024499059394
-161.2159812345048  1278.1756910929803  -70.62727964779593
-164.19497216026622  1277.1382791664907  -71.30727953665854
-166.5729297230655  1275.9774442508697  -71.46318236524112
-168.34153255860556  1274.7231869893985  -71.48917953064961
-169.59849421121405  1273.4931861743344  -71.08780150886739
-170.323811235957  1272.3984484592593  -70.53607082365158
-170.87238998613856  1271.5206681300442  -69.50505922063353
-170.88341596437257  1270.8335292504883  -68.2823984311304
-170.47992424453597  1270.4398961254406  -66.77068162686656
-169.45604195527724  1270.3062597674457  -64.97942713889367
-168.12367104828516  1270.5283689665848  -62.98738321764698
-166.48887727482617  1270.9813652800003  -60.9126235793964
-154.98000006091212  1271.6390086737451  -62.41667881174175
-142.1579565729796  1272.4367686016521  -66.03593945306818
-132.05022580153505  1273.2364276611784  -67.19782954071837
-132.39251637606725  1274.081279897895  -62.01816002844646
-133.66530140141504  1274.8619437643088  -54.52540966104639
-131.32592284692612  1275.5668973248473  -49.113772686877645
-128.39419997642787  1276.1135209062354  -45.68958054626963
-125.50860816748393  1276.7471649443082  -41.24272643291981
-122.93492215854002  1276.946263354699  -36.03466566006999
-119.40587750634913  1276.6508487867998  -30.66939822027293
-115.3007505194659  1275.6318869146112  -25.870781327676255
-110.90919929103335  1274.3634481133317  -21.026665867151074
-106.41121558035904  1272.836801514219  -16.13160817601126
-101.69278475696842  1270.9304560854575  -10.860902481397687
-96.85002708177197  1268.6701926768023  -5.6770965090636505
-91.84982815369983  1266.0276981630527  -0.5880047951624912
-86.86491360797908  1263.056687069108  4.55900952140173
-81.72299027259729  1259.78552943858  9.43397131997083
-76.58381123412707  1256.2269454291252  14.32681738196859
-71.33463641877191  1252.4176690970835  19.112649739889378
-66.2234148358969  1248.4254786496188  23.987922271008504
-61.06467192117153  1244.3315387104394  28.815338654279877
-56.106907335320585  1240.2196076656057  33.31502404588964
-51.215160593160995  1236.063529943984  37.5321677616295
-46.386881138040245  1231.8519030083412  41.46001755908711
-41.44540322794878  1227.5624447472487  45.098935536486835
-36.66950131445527  1223.2636405094524  48.516369444671625
-32.09352786361573  1219.088253234329  51.53260854347059
-27.88401709215263  1215.0637339304194  54.613929355668205
-23.674389342026586  1211.1794844287238  57.321572054923045
-19.660270555024876  1207.3512446062716  59.869751179402535
-15.776303483409388  1203.6141320886495  62.001775259767
-12.242975054528653  1199.9778185360492  63.88519348665392
-8.953898265892768  1196.5053141987642  65.57107747955185
-5.768094737610282  1193.1673992323074  66.93615427628728
-2.6942436370582463  1190.0453510827554  68.21338294458282
0.1681463526875817  1187.1227893923158  69.13617392304286
2.5783258321997042  1184.485134055274  69.80268784970234
4.720304943040749  1181.982673495177  70.22735912945839
6.682457969157438  1179.610168407229  70.3369451403842
8.457288432503404  1177.4303895540938  70.35591087339633
9.93696106619861  1175.533906863011  69.96124636449802
11.138787780387487  1174.128846546848  69.77931941967991
12.174720648910961  1173.1049731082949  69.6450071159271
12.905456987144738  1172.4783230599346  69.8319439892357
13.267522364393148  1172.039317391523  70.05557622034213
13.38512660587937  1171.6696833712015  70.24262076371035
13.317661048339462  1171.387105434725  70.4131814386119
