21.100307297161997  1215.7721813048295  97.45410072449461
20.621386809362903  1216.2044472140778  93.41512900082589
10.588302562315832  1216.815845401485  86.70727711163232
-1.0043593185624218  1217.6624017979996  77.00236898913923
-9.921853602422956  1218.9222488591513  74.72087394380925
-8.792947717455581  1220.889278072193  76.19219378373766
-6.569844104439028  1222.0147026681134  81.88126941614304
-8.186259058117395  1224.0908783498678  83.94856978055769
-10.539863115359047  1225.3557355934156  92.19221314542335
-13.141185454802375  1228.9396351303426  96.34055577433388
-15.736040431271679  1233.0290021642418  97.44369306564946
-19.83426527049869  1238.4986770507478  90.56987063213843
-24.874682041256147  1243.895641036077  85.59647729976285
-30.440447164148495  1249.070873871853  83.23911898966348
-36.284619170247176  1254.7343036566579  79.5735867201935
-42.527237384677775  1260.6209872224474  74.96775196342597
-49.49509025385354  1266.766985354723  69.41004245064802
-56.94694125177289  1272.9772113927197  64.22140780296172
-64.72821302808748  1279.0332201873002  58.96353961586159
-72.46975013607987  1284.7678384767312  52.40569206913635
-80.29511775680895  1290.0210803292402  45.37468635025421
-88.40714905332534  1295.0191669675894  37.18994422360773
-96.46979890325932  1299.8342146691975  30.214780195227696
-104.48097610969512  1304.4884525787572  22.393958881760945
-112.02883024489608  1308.5381628776895  15.051888589998367
-119.41225025849812  1311.8454815528094  6.785963030106115
-126.06501057120926  1314.4932942057555  -1.3218983849123935
-132.46277326094474  1316.5214413605263  -9.357544085977407
-138.17348630565542  1318.0952040719424  -16.53955287112805
-143.40142445515045  1319.2633605085905  -22.84047709023917
-147.67940904393225  1320.305072712453  -28.464046050268863
-151.2183452983615  1321.2394528574084  -33.868983310315734
-154.15032651425554  1322.050047688865  -38.722495425991156
-156.4706366084194  1322.8582984799075  -42.83742746849286
-158.16720274001491  1323.6400165309028  -46.13375660566348
-159.24159502562296  1324.4336485336921  -49.01433179509151
-159.68015202333427  1325.116614261347  -51.23382763819434
-159.76419911395587  1325.6454188118394  -52.722649491679164
-159.22183943891844  1326.0252027022111  -53.731945624890166
-158.24918104273084  1326.2366594799992  -54.62848101943983
-156.65351083057027  1326.3703304736362  -59.40861138366188
-154.7858296811887  1326.229253216129  -61.954805550983174
-152.61650063842052  1326.482451835477  -62.075999165081775
-140.3917470789786  1326.1136278384315  -61.56182856175711
-126.97710790898613  1325.2494059804592  -64.48963302261548
-112.07905714226803  1323.5181305430167  -70.50879474176242
-105.13501555623024  1321.7378211766893  -73.0320997084
-101.81458522811043  1319.8852296717591  -74.1863841655771
-95.95195683307168  1317.7534269012945  -74.44743738438902
-88.78190980233332  1315.2110892841524  -74.354225565343
-77.61758597650172  1312.4721121971138  -73.45026938318395
-69.25622429953091  1309.4864099038762  -71.72491765086164
-62.80121651744351  1306.4967459947745  -69.73848264366934
-60.67462486611013  1303.3537105351515  -67.40634770343087
-56.749352670239944  1300.2402459893835  -64.7838963058111
-56.71005086622828  1296.9140780775374  -61.65311739836961
-50.674990133694095  1293.6653613125902  -58.28138371276781
-44.274201037964495  1290.0138677386797  -54.728364783006086
-34.47734689052962  1286.477570456668  -51.15236880042318
-26.705118799832054  1282.8414654468572  -47.387267000047224
-21.157627716031072  1279.4027928790415  -43.921270211826744
-14.998090447256418  1275.9581072292297  -40.366324688508875
-8.593780611451706  1272.4739504688093  -37.15633043547651
-6.801263308137608  1269.0751733100758  -33.72742476703532
-8.270424610338607  1266.0713486667519  -22.988701637861833
-12.150543711651926  1263.2449715692387  -11.060170842588661
-13.393054148604534  1260.5420564055132  1.9171178285661012
-13.672131580023049  1257.6651125525486  8.632383768200471
-13.972582326094464  1254.807845313016  15.649867793660096
-13.918472015839072  1251.8231668133838  23.23604098874702
-13.38209874777663  1248.5950565817125  30.484095067073127
-12.051602027292219  1245.2811672082717  36.85113730578085
-10.552377999628181  1242.0644685586165  41.923693990432696
-9.07714544957882  1239.076963059375  46.77449139321172
-7.500763165014366  1236.17539027767  51.660587968155674
-5.869753921161277  1233.2881557107057  56.541651965581764
-3.802050257834357  1230.3538431018299  60.84954870289533
-1.5991076866521257  1227.3801650885246  64.49599531503465
0.7298159524698824  1224.398014654763  67.6230551056099
3.1438659902259696  1221.4840586041867  70.68176831965967
5.444320884631011  1218.810579645001  73.49354005109765
7.786217610355047  1216.3731701367883  76.04517499928716
9.760503968878723  1214.1901360161582  78.13340503633613
11.767143675820078  1212.1031698821123  79.9861651264988
13.546476391238853  1210.196501785531  81.62190156660994
15.130941441365465  1208.441357183199  83.34645022247871
16.425379010957272  1206.9324418754736  84.98273911890135
17.52220412353255  1205.5314758428092  86.61500232135312
18.484165111614278  1204.2965683211407  87.97624173198024
19.29035979108855  1203.0600306260192  89.21374518266542
