0.10867616073287978  1207.7505594272568  98.74817844619994
-1.1664159244182444  1208.502428779397  99.11757160728949
-2.5985999734316274  1209.5512886882252  99.31106082548959
-4.128090699377246  1210.851396696749  99.31016662942245
-5.792638953825841  1212.510255034943  98.65171060152086
-7.69057454879001  1214.4583410783214  97.6107932637403
-10.045423887480371  1216.7902637847046  96.01630836593284
-12.591325507863136  1219.3762056603678  94.59839533576324
-15.470577199667076  1222.1889577818856  92.47036839954747
-18.444705637203302  1225.0831779175278  89.6841946208131
-21.875758847625487  1228.0727432778508  86.27253637322463
-25.629420134979924  1231.167056052792  82.69976338691016
-29.815074415917366  1234.407855086303  78.89615551453232
-34.07726440442414  1237.7357612645449  74.51939216187846
-38.679708930018776  1241.0985241998771  69.68820275716982
-43.49062596662071  1244.535567485171  64.53146439921441
-48.69320123149512  1248.108808011086  59.16191002746314
-53.85744786855952  1251.7702520058726  53.53153010753227
-54.522819550139786  1255.422814120819  47.67411205665727
-52.426980318354246  1258.9285457278534  33.60489154350462
-48.40966517939618  1262.4611984188502  18.45143064179647
-47.21909754974311  1265.96317728556  1.9553306721192172
-46.843609839524106  1269.3832984448693  -4.157806434798769
-55.917704773394675  1272.579516749744  -8.36122453384015
-66.72140508255154  1275.3789295783595  -11.406998248277326
-79.68345655307621  1277.7441400596729  -15.97958790975007
-85.61874922478621  1279.6054452647759  -21.35599494744339
-91.84382568416659  1280.9650287621778  -26.398001509263715
-98.8751376647469  1281.8202325518412  -32.45075801857183
-105.32192552616593  1282.1998220271034  -38.43903245416329
-111.62904308161771  1282.2292335831962  -44.344766854899035
-116.77807264768543  1281.9850577736368  -50.09023697304265
-122.05261432554782  1281.3667468372446  -55.66783772624256
-126.90939165572047  1280.4333240966275  -61.094446003364915
-131.69286715459216  1279.258710539726  -65.67657437646406
-135.90914485814545  1277.998659103804  -69.51382867925165
-139.7975188302114  1276.67361229388  -72.59201853229573
-143.2459571030272  1275.3879191089102  -75.20469672720236
-146.4259593252121  1274.3231718928685  -77.44910303982235
-149.13789434639855  1273.5461778673985  -79.26962935687952
-151.33241649537433  1273.1443362833575  -80.68619210443144
-153.08246607502792  1273.0085271808018  -81.61227503257892
-154.41701354313003  1273.210347791667  -81.92966553261432
-155.3391130981429  1273.6524763770117  -81.6204660082908
-155.7732360697592  1274.2907331875294  -81.08752356684937
-155.7735644101793  1275.083446352546  -80.53608921809561
-155.18210289952992  1276.0524288611944  -79.99055454480363
-154.12950500259265  1277.2089103212434  -79.23727529633172
-152.6710520600255  1278.5492743874406  -78.1704773292964
-150.9760156802608  1280.0170678887441  -76.85308693192209
-148.89115188157353  1281.672384726396  -75.04339097755619
-146.37157719049782  1283.5196207731274  -73.08803663498877
-143.31018647686878  1285.5106572621191  -70.5631497712619
-139.8815629111533  1287.5713506297284  -67.66186383062818
-136.18509551754426  1289.5603476600143  -63.92191514329465
-132.1292717472047  1291.4937701314232  -60.10085491971621
-127.7745154804086  1293.2674683070516  -55.64488041248621
-122.88465151664745  1294.7593492487922  -51.24231150967339
-117.90704664661979  1295.9252732471261  -45.69716635197483
-112.5929321135531  1296.6368885743009  -40.29730716714315
-107.01451193805423  1296.9410811885868  -33.80030580762423
-101.0247225869104  1296.7244825707323  -27.40094229361273
-94.98058610022312  1296.0008593536922  -20.17534052875354
-88.84133254817009  1294.7711606168048  -13.26478226863856
-82.51483616086387  1292.9298840380145  -5.971175508221525
-75.94248004177773  1290.4934834709788  1.033720574143679
-69.40582605474316  1287.4669337562777  8.281109371864666
-62.857924988222244  1283.931377654471  15.59843145504934
-56.39923259922213  1280.0341424420683  22.5159013280247
-49.87817473060364  1275.8509276702264  28.869687402607607
-43.67434621432111  1271.5083331242527  34.41535476646125
-37.573207842139034  1266.906601830912  40.22002491550094
-31.91385635306352  1262.1295853402414  45.72916773345548
-26.353995886168676  1257.2668488009626  50.91843751825624
-21.322852103286998  1252.6068870958245  55.34797316703519
-16.42978811237242  1248.2944445240241  59.666851637588636
-11.98661594962883  1244.4637209489956  63.536504996479565
-7.656714675565054  1241.0038108387557  67.21035225660188
-3.813763840877746  1237.8301890260702  70.50148307199518
-0.34779371021638106  1234.851669054209  73.54344682871256
2.6353627139174463  1232.1403417990068  76.25196353642222
5.317327317203679  1229.6364664583798  78.67528114877642
7.736752725557743  1227.3211096470527  80.87343198031354
9.841652838198094  1225.1034219980897  82.7624865707775
11.646395798082573  1223.1203136195923  84.29837807062528
13.132734736619941  1221.3275441902651  85.57477019461437
14.453872926957754  1219.7961444891725  86.76953538626339
15.550116315677014  1218.3924542430218  87.80952603313676
16.505865233191923  1217.1833348175178  88.75529782098967
17.293122282566152  1216.7221239199462  86.3001748053912
26.8502830306266  1216.2292064574904  80.10100896754943
36.99884047362743  1215.8588173658936  65.31981443916631
48.05488585446114  1214.9805639754836  55.50294200827916
51.31472254680915  1214.2049839420415  51.29027875517197
55.24954327351131  1213.4240682076068  54.12107412194475
59.74326595987945  1212.6348081185645  53.98128709901395
63.76071395103606  1212.1049380136988  46.54405177169701
62.72592001071213  1211.1161054384245  45.653405141388355
55.89391790524351  1209.9084867931672  48.56546800958951
47.752292075047805  1208.5339814854954  58.03903565467295
42.38337580023987  1207.6673490632  63.2614164029046
40.126596311534925  1207.0479061344045  66.97004740182842
37.17186505972227  1206.5310656260551  70.6500968985636
34.01011087834855  1206.0662673877903  74.31055257719488
27.053182406236676  1205.4561743371182  77.47362652314555
22.482300213260288  1205.0116718810712  79.77938206920463
14.83995799926284  1204.438786452055  85.24535024624214
