69.45845294481292  1226.3248642263443  89.25890530772992
47.95587730164999  1227.5754648985412  89.0950206741863
23.413329783577023  1229.1631782314319  89.34793565928697
18.461780149841942  1230.8217967727803  89.55775002539153
15.049531395085335  1232.6561183383535  98.40263672919576
12.459733845308396  1234.7323028084315  108.02443217447382
7.7436932024015865  1237.0759951311925  118.5521294078168
3.301801661870536  1239.7065739102736  121.28499049952062
0.05292819509472402  1242.492648370129  123.81503485454981
-3.6986349625299284  1245.3639298197975  126.08700795819459
-8.273338257231835  1248.4545437549782  126.80327936181945
-13.235316770049364  1251.7558863732963  126.01357526023767
-18.363781391605734  1255.3043477785593  123.22657474179027
-23.745385648290267  1259.017469512095  119.69070652207397
-29.472586878713393  1262.915347154841  115.25781060551449
-35.56850261823632  1266.9252743217212  110.01836606142949
-41.817022163361884  1270.9933531425643  103.76781727388074
-48.18999221252595  1275.1445864887226  96.96518227558613
-54.894294440140975  1279.552928827493  89.7938335923106
-61.99513678912231  1284.1870862419178  82.49656410109019
-69.30082265292343  1288.8260536278024  74.12212366303714
-76.57880728225932  1293.2353135410626  64.8569035507381
-83.8204779221215  1297.5299210908752  54.82958861034527
-91.15193363582095  1301.7365629161438  45.17598452719016
-98.57867853528094  1305.4497921772254  35.824933081550114
-105.93750000355078  1308.5017929191386  26.577166679107602
-113.2922446723792  1310.5249728305557  17.644964368616407
-120.84010059614418  1311.6580927417422  9.174917720851195
-123.10914724289701  1311.8033766981007  5.679579422164438
-126.68337897503153  1311.1896784208452  -7.846562122213778
-125.31275779562534  1310.483551701298  -21.708423632059265
-125.76358371494715  1309.8728215490676  -39.98912960064263
-121.00582981401814  1309.6701463888817  -48.00184743664375
-117.87354032562739  1309.5475905947742  -55.50760084695562
-115.4731607031562  1309.6816673318583  -63.54287413840813
-113.40035191917178  1310.127197195735  -71.11695883183867
-116.30404793461508  1310.2339653825397  -65.1589977318111
-121.93921964957357  1310.0040521117237  -43.19995962320716
-130.425171722768  1309.4203934520788  -17.102344709027587
-135.79602794428558  1309.748932871742  -7.788635160536581
-139.83220874786429  1310.0864730954777  -4.555957022677638
-143.26403830066957  1311.0349360985701  -6.115657163720007
-146.1159924245514  1311.2952591958865  5.311474786197631
-148.13638918548614  1312.4124609603132  5.619175714326353
-149.00139707535712  1313.7630252582176  6.413434830722158
-148.93331071674106  1314.8667959862146  8.206183736367782
-148.02151346285066  1314.8727471874004  22.877172938670334
-146.69574285812328  1314.733873573504  33.80834606768006
-144.44491666231977  1314.5587191207062  41.51524591097084
-141.71337884692397  1315.1976545157552  36.6257087355514
-138.18877531836984  1315.2494159854475  36.664859667405054
-134.45185839357345  1315.6533098916016  31.036259611909713
-130.19011025991378  1315.6285646046267  28.75225387262713
-125.62291731013761  1315.165430671017  27.324243404495512
-120.73841476611483  1314.382046958556  25.8907967630611
-115.78339600601369  1313.0714710139061  25.792806289937314
-110.70434696696918  1311.5451028924635  26.155192867753847
-105.53362416364365  1309.7253645175713  27.848239149734365
-100.29641227660987  1307.6755145066893  29.63212430937277
-95.1883663974189  1305.3137499861482  32.07268792248242
-90.13673247633191  1302.6559378645975  34.66443806741009
-85.26247091012169  1299.7660087209338  37.928600789594185
-80.32115027801575  1296.7694469494925  41.37915302982423
-80.33237010481227  1293.6104572534825  40.60890229608546
-78.62673792708756  1290.3173938468317  41.49894993504955
-80.91874504017115  1286.8704368294173  38.680586863182945
-76.45961825908856  1283.4425429500197  42.6780237071858
-77.68793662692816  1280.0289784786555  41.359172569150374
-77.7674135826516  1276.1552574198008  41.45920552894895
-81.63829047343619  1272.3218761905905  37.9039128792483
-83.36312020725711  1268.6012239835604  36.672807907868844
-83.87955576915849  1265.5068348778282  36.86808871950927
-84.14728116592504  1262.5663588688044  36.93263887407704
-83.86262202480356  1259.661843917573  37.21978773870654
-83.12860333007255  1256.9512797297944  37.57999963992625
-81.7697336871521  1254.384330172195  39.12429423501099
-80.11552912213897  1252.1073059457744  41.07150527590377
-78.32655491626153  1249.934164829268  43.36065672045308
-76.5033465725536  1247.9260155743257  45.303564013750076
-74.56067001602234  1245.9280245314196  47.17889492313052
-72.55332335176607  1244.0715426316228  49.00894608353105
-70.4494913723428  1242.3093066890513  50.71746293959606
-68.51327777861829  1240.752231781961  52.2388891475576
-66.4309190114129  1239.2861901510478  53.46836870094566
-64.58738944127029  1237.959049473138  54.6767768493451
-62.72217868192629  1236.7839338408528  55.852937152621934
-61.10375997319632  1235.7920452420065  56.93037153625829
-59.56075192330301  1234.912268811126  57.80707054834107
-58.1476786288886  1234.1138921897714  62.91510812968902
-57.022542268573055  1233.4274299446117  66.23151329265693
-51.50325852823591  1232.782746253546  73.1729259652584
-48.03411639964961  1232.2794415551327  73.67670793793172
