69.16962692462845  1209.3558928894925  111.16232055379399
65.48687295442016  1210.1611527416012  114.93133298017253
61.34627365522686  1210.954486837327  119.35062365700993
56.645288069864016  1211.8361065511085  124.17742333873755
52.369690176106126  1212.6421622135456  128.57094664957148
48.6066870350307  1213.5336001541343  132.21134214741068
45.74477411133098  1214.3696885622146  130.83957572161276
33.666434755944834  1215.7066430397915  126.9610441892928
25.163208768534577  1217.0286563150992  125.40444331832816
18.2467145433684  1218.4242625355982  130.68951869077696
21.20642780802619  1219.6576750758547  138.0758608209277
20.735213201525628  1221.3485031910698  142.6969428426173
18.280888236237455  1223.5628675196767  144.63708435774285
15.933549577524031  1226.1009330796624  147.10801687879913
13.441772541772714  1228.8893301752328  149.79204044885802
11.105410218135754  1232.049288630187  152.14570348111818
7.538212519399448  1235.5925403244785  153.67264240739192
3.550743274133674  1239.5997699661546  154.70898172798877
-0.8900617336292971  1243.9463202719644  155.4335704617695
-5.660391522523463  1248.7149436710022  155.4574085658908
-10.859524405560485  1253.7971703579733  154.8195695805199
-16.508410358522514  1259.2588055739468  153.1522740929451
-22.549069218262762  1265.0094012301302  151.00667555363924
-28.781945029812313  1271.0483551381271  147.87129853184555
-35.19816431683519  1277.2399969963976  143.78983579060508
-41.78007766612416  1283.475753662072  138.22541544369435
-48.51246007369462  1289.518426575084  131.57003392659118
-55.16604441309113  1295.3338292002265  123.82119515579693
-61.767449437444675  1300.9696951964884  115.34764785606663
-68.31468023839872  1306.6600252037836  105.95221839659426
-75.20505522859415  1312.3651037297068  96.10753272234292
-82.15398617390291  1317.863059988161  85.737745507174
-89.07209318642894  1322.8453891647957  74.75414024224685
-95.74041303309617  1327.2675466603669  63.13940414055308
-102.50902973255262  1331.3633155933517  51.31467880111389
-109.43383466932185  1335.2766768920478  40.388268689178844
-116.53921459941282  1338.6932360373403  30.111286172533333
-123.40533065260155  1341.484933043488  29.700456005703245
-130.3366153358731  1342.1163760283243  39.701265226135305
-136.89748687372023  1342.234067199319  53.354595736833076
-143.2752715163662  1342.5630549000648  61.829125853797976
-143.61360487224675  1344.678364651067  47.16877724937536
-137.46938240635097  1347.0598557277829  23.379578008980616
-128.93585837556964  1348.8196148133197  -3.594223615609714
-128.5167522555317  1350.0616821614444  -13.673692470827838
-134.62282842825817  1351.1051965317097  -13.819111121785449
-141.84393379224468  1352.1355142356654  -14.21276661873338
-145.2869790322444  1352.9101704337404  -16.90909485224697
-147.4162937979811  1353.363934771985  -21.182453147400416
-149.7592379757825  1353.5777122668183  -23.079125213874256
-151.58990606581384  1353.6530910299898  -23.68663755675506
-152.1937900830083  1353.597590342275  -23.95797192362626
-151.38534211935374  1353.309799855601  -23.748168711737875
-149.4985387552424  1352.7582660333337  -22.612320444174234
-147.0968093749001  1351.8029824410023  -20.208187131270957
-143.74192454978981  1350.4678662127753  -17.100957733445547
-139.78141561028679  1348.7665881106236  -13.42295963053186
-135.0211875511966  1346.8324878316669  -9.802074193895061
-129.77729310517697  1344.5068988286753  -5.048058141664709
-124.09736977391879  1341.8033029280928  0.43317277114898367
-118.18641519879611  1338.657080488979  6.795359571451475
-111.91271640492191  1335.2322322735047  13.157941234563605
-105.5332997542513  1331.5255065438646  19.439867467700537
-99.03351627963313  1327.5830088828895  26.044670237899993
-92.91620230144015  1323.2660663896663  33.029478597845575
-86.81221986738034  1318.5893180723629  40.36064495118265
-81.03933220095335  1313.4592227702863  48.009185373649046
-75.17253330045729  1307.9983653323836  55.27357370353473
-74.14913499373304  1302.1299101809486  57.38751979551401
-75.87001445799552  1295.5882603432058  56.02279614646575
-79.85361797756495  1289.0079720873982  52.383290418168286
-80.99648549133803  1282.649178839278  51.52536751560398
-81.33690765263611  1276.9664358479017  51.36327537709834
-81.47211132165846  1271.4775321623415  51.20442688316879
-81.34021948764914  1266.2523099100158  51.22284110506314
-80.56481049135584  1261.2248036058668  51.87550959988782
-79.0729701805797  1256.5411200456756  53.43151837260276
-77.41862214173491  1252.2211376964751  55.07835629222761
-75.54432332787226  1248.4089004275468  56.929568156618764
-73.78564857864897  1244.9953964606975  58.45964906580001
-71.70408409002397  1241.8256572795326  60.17862356089213
-51.79584878985747  1238.7458139887408  62.02019780601766
-29.456966491017198  1235.918650731624  64.03036154769453
-4.521757784677488  1233.3874523610177  65.86085298587787
5.48304265822186  1231.3195901027016  67.12680673016027
16.471712187830715  1229.5101768079521  68.0235050007053
28.369986222562552  1227.9228917490045  68.67320477443195
39.16482334911505  1226.5339327190375  69.19496162985874
48.29064332913158  1225.3517367174643  69.55170901512928
55.20518846835772  1224.3694847620202  69.82109776878568
61.539245444624704  1223.5558090944348  70.05583327361387
67.19561835172395  1222.9050318802451  70.30794480772744
72.03640924286913  1222.3811743966503  70.43925718688938
76.09759997958838  1221.9347921063522  70.5356808815182
79.42512081089549  1221.5388677799629  70.58218261481682
82.27499672871272  1221.2032906572058  70.76723584557072
84.54308263922371  1220.9630258525522  70.97430397956532
86.47613730016118  1220.8108063490904  71.22506125104506
