57.32796295970591  1204.3458804246527  72.70164796710036
55.958150482443706  1208.9617768402027  74.23785943932168
45.519938242238574  1213.6200850159355  78.09899794266153
33.559428175726644  1218.3987682730838  83.54897531161365
20.195794925907137  1223.1670973659607  86.4843485993987
13.819682348252748  1227.9960259899794  88.47329899344948
6.751374771821099  1232.8057566856453  90.10979598111813
-0.9709456920067252  1237.7638916663254  91.3929384785302
-8.414557433787387  1242.834229997624  91.98794129551376
-15.13917175997664  1247.7163814631917  91.52348429350128
-21.232334408212115  1252.2670919753457  90.5152285052641
-27.19752025277022  1256.8480502235166  89.01350194424093
-33.05144694334413  1261.7814806657502  87.37675968963129
-38.640254037261315  1268.1192792906784  85.42103096601892
-43.86565973769555  1274.7123604523103  83.08684942483207
-48.96342679741042  1280.3326578259503  88.6716138162484
-54.1738462210602  1285.5796848072757  90.85516154262146
-59.44111896709645  1289.9015735052458  99.62706014866902
-64.6166437200655  1295.9767210476828  96.24427572167373
-69.53473430541601  1302.1426700173083  91.60535187863057
-74.52015887638107  1309.116574337933  80.7941925291054
-79.6444722612524  1315.5057404644308  73.20267885258752
-85.02773226627643  1321.2138474215749  68.76350676633326
-90.43901267867392  1326.7252566611162  62.098835968541316
-96.13685504849998  1331.4410673627954  54.22380718689976
-101.72606264138548  1335.3203670309813  45.97883241293341
-107.53128561201102  1338.1624411176122  37.92723693591191
-113.24102103085585  1340.2714474492602  29.721226883827455
-119.22324087642828  1341.4141974527206  21.61821971101423
-125.10605565114759  1341.497515051671  14.302949141323346
-125.95838485147851  1340.3064210127804  8.392598760626292
-123.25259625274016  1338.2895027605055  -5.792202195912093
-117.8668481453313  1335.8839979658674  -20.746161462390095
-114.88215619089074  1333.7092167804428  -36.45460075566729
-112.68312549582355  1331.9164504464084  -44.01120143900248
-110.21678941390803  1330.5066048707506  -51.7836327615432
-107.49801582796174  1329.4045528529969  -60.21513545181439
-104.92634138423941  1328.4564278645582  -68.24468023380219
-107.78083872660294  1327.7021316018947  -70.95557889272868
-114.08419013731695  1327.0556459545762  -67.43956503486137
-122.68996382687862  1326.492564143097  -61.871095546843726
-123.29413830818747  1326.0033590521402  -62.854252738756294
-124.60721245805944  1325.6452723270334  -64.73432322774903
-126.48434388720881  1325.3613591348426  -63.57174603949238
-133.20853655474548  1325.2093250764613  -57.110635776587856
-137.29271899315452  1325.2091224666967  -52.41011129117866
-139.31176545705424  1325.4626422571469  -49.48398375922053
-140.81651271101413  1325.9162651577726  -46.684837511778554
-141.79514404780926  1326.448189261615  -42.97434567228224
-142.2333159704722  1326.9201117774614  -39.38198350138097
-141.60461964743803  1327.2569257400867  -35.682028091980115
-140.22448722922346  1327.4743386492603  -32.402291317080305
-138.50117495074463  1327.5032694482743  -28.990745380562775
-136.32412148071094  1327.3497043595871  -25.7911749766608
-133.86848740982364  1326.9068812468336  -22.00388193970812
-130.94253383974257  1326.2726024305052  -17.90431371324901
-127.69759561378065  1325.4020495168074  -13.486903053407627
-123.94915291185032  1324.3624633752509  -9.517524595448542
-120.06235265698851  1323.0469376161232  -5.101291659809261
-115.87704842902322  1321.45526677319  -0.6969128702028202
-111.73620430642316  1319.4964899639842  4.357133263485342
-107.35523548975823  1317.2578884056695  8.946081885577136
-102.96726547425543  1314.7422182667772  13.822799127950233
-98.46476816955607  1312.0097626282181  18.287998968375078
-94.09758810862701  1308.9877407547299  23.200892796898124
-89.62777369357748  1305.7067375024226  27.922524880285742
-85.30258911697177  1302.129505944727  33.15839420738579
-85.58334600787347  1298.3475331371094  37.94041699761187
-88.79921635582573  1293.8270287459009  38.315087225069576
-93.80481389473442  1288.5646620106113  35.423822379031385
-95.71778787581036  1282.8987646675967  30.536126837735544
-96.58847186733946  1277.3653868132433  28.44633940663552
-96.86327432051043  1272.0260844218078  27.332255934666737
-78.52336491427755  1266.9353033323948  27.631846040861095
-61.09308463408402  1261.7142626557068  28.364873199866285
-43.01617775150273  1256.7059752363439  37.39968255247065
-41.487586067214274  1251.472564057437  47.05903714181254
-35.93395054532363  1246.5889112129612  58.196840608709664
-32.532834099987774  1241.8344270618554  59.10034681796503
-27.887767255232802  1237.3642550280383  62.54516110260302
-22.2836681047514  1233.0973790745795  68.62462334044511
-13.654007472344984  1229.0625045543588  78.28256606394191
-6.280749434705073  1225.1898596164742  81.7501153042081
7.427205079122245  1221.3004781669133  79.8052740473954
22.448957351510998  1217.6233470550455  76.60265527919918
38.37336592735397  1214.2903960584213  75.64356846533622
46.981801431367145  1211.517810681402  75.29363637547884
55.30305379433116  1209.1141551972821  74.54206836168659
63.585082947960686  1207.026317144883  73.54482609250422
70.94820518156548  1205.2880220171294  72.90376527245922
77.17068428532231  1203.8217751373897  72.53760667127493
82.04232658006835  1202.6864350222606  72.26448512182196
86.290404723656  1201.853956814868  72.0497354900172
89.9677204648216  1201.3316320170663  72.03907445600969
93.00052015442921  1201.0446088760891  72.22831318894788
95.55856452603717  1200.9711634834593  72.46093017850896
97.65264580612654  1201.080874526718  72.6820380544132
99.40093445938382  1201.3615419647751  72.9389777334871
100.8235231763498  1201.7705276085135  73.26142688892085
102.02348851529082  1202.3082145574444  73.65801000553475
102.98638206039851  1202.908434017614  74.0771665451081
103.68269675219369  1203.5400178343832  74.483800715933
95.63188062045208  1204.3091357478413  78.63313686112298
