78.04544362861395  1190.9296734872971  65.69804542492533
77.50972268776994  1193.0525596990003  65.63899580402784
76.81880999950869  1195.4669284119027  65.59431208484908
75.77752751665672  1198.190958982453  65.6364675839047
65.80920641139252  1201.2477576906292  65.00993964832529
54.451577536742725  1204.3863222839104  68.21849022450402
41.76473051275882  1207.7610033834867  69.22589518382637
27.03709844088244  1211.0149838440477  68.51056879380118
15.134584914804154  1214.5237032730658  68.0191139761702
-0.5907792729274224  1218.3838588093924  67.43724200957838
-10.29079348346741  1222.499246449238  66.83723617973502
-19.727086110993678  1226.9461744699038  65.79210011163889
-24.079039501462738  1230.1517021057061  71.34042700886546
-23.688730338005886  1234.4172137634132  79.7279349107485
-25.971373291482145  1239.5650900747066  84.43150690257077
-28.69983225473898  1246.080250232871  85.03621626419483
-31.45028575739793  1252.084953830825  85.5981172747523
-34.080658666323465  1257.4349512509402  86.52883154514149
-36.93004928849355  1263.0850948940945  86.618932237176
-40.7269919073045  1268.8470675354297  86.04712227797943
-44.7907451092823  1274.63517721802  84.60647807490551
-49.08369146610022  1280.181880591164  83.25649692624432
-53.472159679688005  1285.5988964362061  81.70828925768085
-57.984981556358576  1291.0728270843642  79.88960922174826
-62.6497407148417  1296.650843608148  77.85607096981981
-67.51894094078384  1302.3033531172375  75.14070643129985
-72.50278629472155  1307.79776260464  72.33916447584915
-77.5416465232992  1313.0783228563246  69.05840441954975
-82.41108700375062  1318.2023136588396  65.74428043978335
-87.31609018467462  1323.3177619806488  61.999118467037746
-92.18695761840372  1328.3383017772112  58.21314702918998
-97.17799095310622  1332.973282859708  54.20287285392624
-102.0840115354043  1336.9295666415915  49.434754651185884
-107.05846466191743  1340.2340689897499  44.0630884301404
-111.92491561918828  1342.9651618436135  38.11179962893503
-116.9170062985025  1345.2882680764842  32.251230686672194
-121.73004988351485  1346.9699669888935  25.68721051885747
-126.56693224981592  1347.8891290675415  18.765020401973874
-131.38859233911737  1348.0204493707852  20.470196583322377
-136.51232579876736  1347.5787781684146  19.39049216497012
-141.34884832121475  1346.7315802090147  14.949925606974503
-146.03101982405377  1345.556256725581  2.6217447220122923
-150.12046731662113  1344.229211692667  -5.9111216900933545
-153.9534435749718  1342.961809520808  -9.661979451601756
-157.2501124794536  1341.7977170395607  -13.928791205967274
-159.99199456453937  1340.798365648454  -18.20102281483445
-162.27323096995497  1339.9000263283838  -22.39409589881057
-164.0842598631926  1339.142310028734  -25.760178929538426
-165.56843768151404  1338.4460410707427  -28.17580981103156
-166.71696694483185  1337.7686325144846  -30.345950906741535
-167.38386500300413  1337.1312969488497  -32.04327516621332
-167.8958725578122  1336.4989633613993  -32.85737892107318
-168.05389650629436  1335.9382304905264  -33.02097009182475
-168.10088108668208  1335.4203455482502  -32.162260237110544
-167.6109152623281  1334.985708607939  -31.43650066537042
-166.94138380201508  1334.5719931196206  -29.639651135199028
-165.67671990189146  1334.207842640967  -27.79316300632224
-164.14654581990138  1333.868140050913  -24.845308654478373
-162.08234073410225  1333.5885849959614  -22.026538399810075
-159.8771194400298  1333.346999301925  -18.396718695147516
-157.1944162122425  1332.1652903261734  -14.804773861369652
-154.36978651352092  1331.1556673207426  -10.743540427140982
-151.20459233997462  1329.9849028275894  -6.542231454743327
-148.10515815498374  1329.605368487174  -1.8619936297764448
-144.69379658259396  1328.5763453298255  2.7572279914777598
-141.22123122541447  1327.113609286438  7.642898577305919
-137.43612560206097  1325.2601241564712  12.419383882140366
-133.59852173812848  1323.1722062609372  17.801884920800532
-129.6240604128977  1320.922681690106  22.881850342743515
-125.64602819513696  1318.3666083404723  28.265684714308513
-121.53341764670483  1315.647003716803  33.30345692966236
-117.36138432436611  1312.6895405205987  38.84369134870691
-113.00261528965426  1309.5316425661147  44.07986440702773
-108.63090823359497  1306.029234604262  49.578262967806126
-103.99741633618214  1302.3092037185315  54.53673842093895
-99.31348922881278  1298.4127781407888  59.80348913426776
-99.13304417657628  1294.052987443787  60.33672284734343
-101.85513940810254  1289.1205308091855  57.970221565923005
-101.91257504790859  1283.9726918395695  57.82744566390991
-94.3423036496978  1279.6042364939829  64.93735318842289
-84.02096068888726  1275.6575530909145  74.44127812810838
-76.51138262139658  1271.8034499596802  81.14746767421344
-71.5040345519991  1267.5396702741664  84.90317452757219
-65.44657369498617  1263.253675207289  89.59769489777835
-63.14928246337086  1258.945048128254  89.99415842701191
-59.33836084632999  1254.257899582538  91.51163464433553
-54.24966024101034  1249.6339928939908  89.05390067761391
-36.37674650596206  1244.8481482607797  88.42497784991399
-19.142091718957424  1240.1584080091063  83.75408582770672
-2.859340346953834  1235.1819246093335  80.47700260019776
6.565659792598293  1230.1448466694683  77.88007394997099
16.476101372464328  1225.168540055335  76.00705098817542
22.62149576164866  1220.277695950503  77.97034552699562
24.99853001385  1215.8130394117184  82.17192904913081
28.785949902325925  1211.6450808370448  89.29797545180884
32.3407142069234  1207.8394941155086  93.98448568326022
35.64022552043279  1204.1241625462637  97.74559708742137
33.922535732288225  1200.6765153576296  100.5475965998271
33.22349739268067  1197.4460740335205  103.55458798393104
33.41354095956575  1194.548590861246  106.51240910078108
33.59416010148635  1192.004523364271  108.9939633069026
33.81393846330673  1189.8680801453665  111.26199175985789
33.51910220616597  1188.0592089077543  113.34712921891246
