-31.385198550349415  1174.7011921261335  169.30957128463763
-30.545032805348185  1175.8977116947012  168.91203905743157
-29.55118593712449  1177.0971697404536  168.41672417654502
-28.605072267504  1178.3834256173627  167.692957193389
-27.6536246997497  1179.8019489510307  166.99431766257348
-18.622406282509477  1181.8121435162102  162.7860530468221
-8.732555311529484  1184.1204249399698  156.61868920459517
2.2061500001978587  1186.8069890956283  148.15985172299062
5.96759411736315  1189.5604290150254  142.1765970412963
9.875961602971545  1192.7382294397332  136.98684108478471
13.971280140811698  1196.3788020008208  132.5985527625611
7.909008318726847  1200.4608093113973  131.83014460202847
-0.03159960249111293  1204.6328448578256  129.21491658920766
-19.831369302827234  1209.0610268281002  124.89652794748477
-29.04868360535103  1213.8529890547345  121.16515843575831
-38.30410538139135  1219.6251965066099  122.01874854213001
-39.16816113416674  1225.9485083198335  126.85563876457616
-43.40009847202843  1232.6463956958878  128.20950340989464
-48.780786205720595  1239.5399520506458  128.16377001248048
-53.400371506082266  1246.7612427034642  127.48140752060498
-57.87422208742367  1254.383174409555  126.5910622812108
-62.25517580067771  1262.1478216474231  125.28087899859588
-66.78167188399158  1270.106373313372  122.85393777784834
-71.15920643548698  1278.1687705155575  119.67850832384256
-75.45004683920777  1286.3552728236714  115.66856236276283
-79.74588000584846  1294.5421890886976  111.28415484303254
-84.36750012065157  1302.58509092359  106.91330528826026
-88.6391544106483  1310.4273245831112  102.56075094946831
-93.09646597648039  1318.0772559918285  97.31924197092081
-97.43272466910457  1325.4561541763624  91.9525263018056
-102.03526064784165  1332.6084518454488  86.02204516918594
-106.5639507280908  1339.3965596900427  80.38878033495511
-111.0451120540207  1345.7187057858494  74.67920059079196
-115.47663050944226  1351.4691159361914  68.43994842095745
-119.77301482606248  1356.6062359292368  62.005094352212005
-124.07594609568224  1361.309846148346  54.4909176085128
-128.2939155266623  1365.4319579362084  46.905616050928664
-132.62677737648374  1368.946351466979  39.22756546542535
-136.81269304179165  1371.8365196771201  31.528008449754527
-140.8768608583353  1374.1021451447361  23.56280331585417
-144.68172286236938  1375.7570025466734  14.935420361309442
-148.49782495820529  1376.7536720964645  6.485586705409016
-151.97602488714816  1377.2607613664966  -1.7583892127809362
-155.44877207598122  1377.2979126039363  -9.063339047556724
-158.55988445525492  1376.9071242197883  -15.49660573472063
-161.93441240486987  1376.10402160417  -20.87988161604248
-164.9102585976824  1375.0542864863571  -25.397940050711465
-167.55662592761706  1373.9588632850937  -29.518383801476528
-169.6784623076757  1373.0530260249182  -33.03777357818848
-171.4456417116375  1372.3537277025407  -36.23264824607995
-172.9443682436853  1371.8741906378848  -38.72519686078111
-174.07280897353724  1371.4924117670992  -40.910095854264064
-174.7996496455191  1371.241227427192  -42.66980579064564
-175.21380011025684  1371.0300354449544  -44.32959589476053
-175.1767135855795  1370.909374122459  -45.496178674566416
-174.77395256982226  1370.9112299249484  -46.148467603127216
-173.82537311058934  1371.0984348358313  -46.01156963342048
-172.4964036277209  1371.452862719423  -45.37416732456503
-170.71894412549614  1371.9111921309518  -44.214803766304954
-168.60314962740102  1372.3951617167015  -42.63345687524801
-166.0652928826287  1372.858722665982  -40.716907275333206
-163.37840417172953  1373.273296758611  -38.06355160935896
-160.36461055437204  1373.6045482489585  -35.130560731351274
-157.3416589202034  1373.8424839401505  -31.51518315719955
-153.88059701954182  1373.9312579163004  -28.421745456061373
-150.54852419355944  1373.7664136912506  -24.474722488663044
-146.82031810742578  1373.328212569409  -20.635717340329276
-143.1426898493878  1372.6197395457586  -15.876063431700569
-139.13249976126477  1371.7362509578588  -11.589630184244227
-135.07705611639744  1370.5845968350723  -6.742124362624812
-130.7540647535044  1369.1699891999187  -2.0856262259452394
-126.33164107349752  1367.4160611385023  3.147144806894483
-121.8392035692565  1365.3635047096388  8.248404075297454
-117.43091228424008  1362.958062855124  13.635092138672208
-112.946161974612  1360.1787643422822  18.98538830403676
-108.4434822068888  1357.0253477806832  23.949437012369458
-103.91850926356186  1353.4655176032788  29.079664292158796
-99.44263191231991  1349.545649661376  34.20113372781684
-94.97968808020285  1345.251655280343  39.53638943438175
-90.6731043046982  1340.5856293334953  44.86601472134545
-86.23651159595896  1335.587924957397  49.62477814850903
-81.94014451959272  1330.2503971044862  54.51032891552648
-77.41320055159659  1324.699644542137  58.67736236844745
-73.12499825650616  1318.9140689022324  63.142215573526265
-68.70142440354408  1312.9922331049684  66.92654359091934
-64.44803979089981  1306.8912210764026  71.05197444961607
-60.02621781526743  1300.7023580912783  74.50836986225445
-55.540994477226754  1294.3403657146275  78.09949910559546
-51.05485446793053  1287.8771058611887  81.10613407273895
-51.276643056858575  1281.2936979810581  79.49017076014053
-54.428160732272886  1274.3684560905695  74.89868965629319
-55.11469339056952  1267.5156104673401  72.54376574462782
-48.452141262482286  1261.1465170143479  77.25590122992449
-39.40004431688923  1255.406485926813  84.23695562046562
-33.30343220738406  1250.029908435016  88.25268912643145
-29.875288538699746  1244.6961472417609  85.91623373471782
-17.362811214503104  1239.5962836356596  82.0786381507709
-3.047771992494802  1234.8552677816997  77.29054490466379
11.936579091253632  1230.5683491276186  74.59281040306868
19.119338267271488  1226.8226570277193  72.00086159464408
26.087353951603436  1223.4724006018073  69.31904563754566
33.62717113789133  1220.428682271813  66.88112939883663
40.461362806940635  1217.7256321013322  64.88806199234486
46.38965240687006  1215.3715151412864  63.227191940805
50.957779571322114  1213.3842983929947  61.71563038302204
55.18278204682845  1211.692766063654  60.375998544069276
58.92835543373157  1210.264336746385  59.28411884488473
62.19231628321161  1209.0256560557066  58.30399480689075
64.98971565524548  1207.9578590500034  57.393989783708975
67.38663268629242  1206.944652038593  56.518935951571976
69.4907652006637  1205.9871337442928  55.630277491390714
71.3084057198931  1205.0725172043726  54.87538023480589
72.8419606306633  1204.248977261621  54.19930553354603
74.12707723659474  1203.4760924123602  53.739771499377945
75.1910209342634  1202.6707965826547  53.309488338836566
76.03301009025978  1201.7866896506625  52.90774351224464
76.7359820764593  1200.876146638959  52.64991432735138
77.26628412103005  1200.0381503182823  52.57230496391958
77.7233958073259  1199.305671950365  52.58973689271627
78.09016487866731  1198.6122568926155  52.57833069188356
78.4405669342178  1197.8731394313606  52.53082523601443
78.74849228971256  1197.065483153948  52.59617482648566
79.0176511913692  1196.2583877183215  52.70213007637744
