76.83398194100339  1180.1570595076466  106.14331059386048
68.24067686647689  1180.5571783591759  110.23693200523942
58.37087164516156  1181.1511173905237  112.5865193166841
38.29845931582835  1182.2504786958268  114.06036914610686
23.843299330676864  1183.7125398226306  111.45448969623
12.051963593018378  1185.3927467219755  114.7327008369526
9.853290546082755  1186.8210451237665  121.39089424624538
9.552746604314734  1188.4724909693402  129.79508496582423
6.440733211474511  1190.3910376666925  135.84237360165426
3.3718638608130913  1192.8071700380506  140.35224937344142
0.8498367037988706  1195.5557238149781  144.6952360030147
-1.1985284752441923  1198.5807209516038  148.04596789877252
-3.530314136855373  1201.919917930083  150.76746773033835
-6.594587354501637  1205.3781588001762  152.51119307590264
-9.772498300248655  1208.9191114418613  153.2856067601837
-13.186910445381372  1212.419579117338  153.53624268352647
-16.758724589028905  1215.941448530133  153.01295226859045
-20.538886478251992  1219.4617144774488  152.15489406481768
-24.503494645926573  1223.1012765458695  150.28791360662763
-28.577461557354688  1226.8143662640812  148.10703117296825
-32.73786746449294  1230.6982856168588  145.27377297456633
-36.99422346688189  1234.706561429299  142.2460055109463
-41.394748451613516  1238.8416505416947  138.65555341624076
-45.9740493232837  1242.9829800497255  134.72450708516865
-50.71457778295334  1247.1166054877074  130.63257001998628
-55.53180206115318  1251.2529853906608  126.51016862586354
-60.49279938573571  1255.394535362386  122.3956145822757
-65.49464337559243  1259.4497946040217  118.19420159119187
-70.7239649910898  1263.3974376118128  113.82747361306075
-75.92044332456555  1267.3198323070737  109.41040117904726
-81.29008414226709  1271.2670856594943  105.10125107392989
-86.65625690240631  1275.2083856930985  101.07655787993818
-92.06264534199016  1279.1657544844377  96.95976466714599
-97.39549808778987  1283.1866619694897  92.90279242664026
-102.41340472487737  1287.370515014199  88.3863186533377
-107.42229739991635  1291.5252503525899  83.723018462624
-112.1746390571225  1295.5074959392268  78.52607163621076
-116.97811182646203  1299.2336972199928  73.29202210574483
-121.45414888702102  1302.9072275619374  67.60845078556969
-125.75949023692492  1306.5980857609934  61.312402080435874
-129.92366592593086  1309.9362446043424  54.465977633823144
-134.12756449168268  1312.6750501358115  47.49228684272303
-138.1724701710027  1314.7873569103845  40.28458611853707
-142.01900246407027  1316.5149393716836  32.9976726201361
-145.5736979112014  1317.9373220979019  25.664987786956907
-149.20821887048598  1318.9340016400154  19.058948125272032
-152.65591423855537  1319.5257087694745  21.61127068670314
-156.28111920691447  1319.6187160986824  20.940003292200654
-159.5224965864034  1319.3091859972196  19.1646507514086
-162.8567521016951  1318.7242043254116  7.439301017817666
-165.64641887550678  1318.0872021038504  0.4253342341752635
-168.25891700113442  1317.5845146618299  -4.569319658461833
-170.31840765895677  1317.2080153983743  -8.266973998482454
-172.09990996546207  1317.0046403108356  -12.516166097317843
-173.52103476284438  1316.9476721000376  -16.77269742215865
-174.65111728298803  1317.062980571866  -19.842391711530688
-175.4321970839232  1317.256377880368  -22.16581720474393
-176.0781158442718  1317.4555232826851  -23.878386085529197
-176.41921686743618  1317.697374268224  -25.258110315160042
-176.58261273018292  1318.0329785128974  -26.049088967390315
-176.31440497610023  1318.526316814505  -26.317555285544273
-175.7683509377393  1319.1287713448348  -25.87096560729597
-174.7709801694663  1319.7747955278933  -25.045934032614973
-173.4592107101156  1320.4061670585443  -23.4925050260007
-171.66620119045052  1321.0575161573345  -21.67256973985578
-169.520480997984  1321.7166083628888  -19.364834948913963
-166.85437300071948  1322.2561948064372  -16.966589481835175
-163.93371825859197  1322.6275477391373  -13.680249541152573
-160.70644551973268  1322.7085042655428  -10.129781492219774
-157.37000862093484  1322.4845089164176  -5.820193850497159
-153.57023079974536  1321.933120511303  -1.9754410393273316
-149.44100452496554  1321.0739345298548  2.853597199370998
-144.8324934654963  1319.9690144952817  7.50415065952177
-140.29365161635934  1318.4789603397999  12.986478309606063
-135.4855073784377  1316.673192349082  17.634929159834293
-130.7717609731255  1314.4350527781653  23.316813161125726
-125.66000136979805  1311.939344311523  29.039293186182356
-120.70110785040211  1309.1172955342315  35.686405059533776
-115.46081427351534  1306.1534431641003  41.57011335953528
-110.38711685565984  1302.9720785171378  47.62590261577643
-105.0434952903126  1299.660026788145  53.4791339227692
-99.95879632996099  1296.0979735393921  59.77691151797463
-94.75172207498136  1292.3718271928758  65.55997143444867
-89.67674685305376  1288.4515561502062  71.44149023131303
-89.07333123799606  1284.4699327734695  72.28583909028525
-91.43271800453809  1279.825414555511  70.24369171209885
-91.36799807819128  1275.1089880264317  70.26728902951506
-83.93982885922006  1270.7215398373119  77.4811417184576
-74.01631661349991  1266.9456039178663  87.03302906645872
-71.65755078668067  1263.227297388824  88.97430801460195
-70.39830482401626  1258.915255465743  89.55920122389153
-72.30666459832602  1254.8707230795221  86.9925928972406
-67.14670481178037  1250.7460524611586  91.11943193539379
-61.807191587100405  1247.2082915391393  93.85280061485457
-53.74192691192547  1243.6029524917985  100.35403032402904
-47.80975734164357  1240.28810937967  100.68902912051996
-44.52898578134698  1237.068241118911  95.70548061150475
-36.2129469292246  1233.8506183738348  88.73958082578778
-23.24069631890513  1230.9937641129193  83.99416543708703
-9.013997035380715  1228.2506231846417  82.12313828986606
1.600071824187375  1225.912557021247  79.23526653559568
8.403299469916245  1223.690387976444  76.04657946248017
15.593722876324147  1221.663868833636  72.90768819385208
22.647090102017742  1219.799262641111  70.46278186486013
28.873391654633103  1218.125674957135  68.08653654333176
34.15264599088482  1216.6190314286966  65.72089607501498
38.727437136722  1215.2521782296278  63.152567642442385
43.21848847007273  1213.9445895112758  60.767410539937664
47.38300566929129  1212.6385795959811  58.32996508319836
