39.24113030306345  1181.3422638149975  131.09856150379528
38.783921487744045  1181.5808600246423  131.63199610641064
38.110338313207585  1181.9544262846266  132.12523653526083
37.1213868281736  1182.6132633141542  132.55053240739625
35.82300370235877  1183.7674831121371  133.04331560829306
34.21305770431843  1185.1045620688196  129.46074683264447
32.1948201919753  1186.9625368505476  127.54524703000065
29.897545405004212  1188.8805464537857  126.1521387860744
27.42869679147879  1191.4002114749305  128.9745189502386
24.846867561891937  1194.1878299950276  130.06153220950014
22.01722381933358  1197.513835855389  129.94057800535415
18.77217854496048  1201.2895325787101  129.62936045663037
15.209510326583626  1205.3445695447303  129.21164766230285
11.459055416781052  1209.7062349310986  128.61908466050326
7.460548658693836  1214.1776253631194  127.45071662428634
3.2392974707940723  1218.7916247841308  125.40222342613463
-1.3512106977733658  1223.4410109002235  122.94669410373218
-6.041221353115098  1228.1673706904128  119.86517205961992
-11.006148813077438  1232.9730458336232  116.62645773428454
-16.15736696680975  1237.8668971964387  112.8151722435072
-21.623329419997695  1242.7093186756038  108.4820271959098
-27.41529340634667  1247.410155412038  103.34066879213171
-33.40282799491833  1251.9798234760144  98.07725900318164
-39.58561682514373  1256.5846300742148  92.75629612112687
-45.908202326652024  1261.316390604289  87.34526854448217
-52.23280937163231  1266.12515228027  81.29789145710403
-58.68830011558663  1270.8930439808532  74.60726536475332
-65.08881695424162  1275.542655051955  67.641554061331
-71.60423769915704  1280.0869214989477  60.41596894359968
-77.9264945584087  1284.4681954270395  53.19145900890877
-83.98592858737828  1288.6539585298833  45.4664662344621
-89.80834848934653  1292.543296811085  37.602132356631856
-95.57027578606653  1296.1368284148639  29.584376393116667
-101.45434814004464  1299.2174063352275  21.93500539208988
-107.26939694515559  1301.8127919397623  14.557780423151156
-112.74325724349896  1303.7203540038527  6.970166099931454
-117.98701957551404  1305.049934688099  -0.48945829188487355
-122.99073471128497  1305.7464769227258  -8.392530747949463
-128.1649370769373  1305.9283579862083  -15.58741201558273
-132.97872819404884  1305.7029894425812  -22.760090316541806
-137.6764758501605  1305.2215891304334  -28.79706465900343
-141.8800156759932  1304.7286810212559  -34.10252812887029
-145.8252851885531  1304.3707055629004  -38.50472385849346
-149.22734337321162  1303.7564435179224  -33.332602434811456
-152.1871916602459  1303.5937213968866  -30.94954826846505
-154.66810959352054  1303.8769566411747  -31.510024012455457
-156.75151318644055  1304.9907807050176  -40.134764931636965
-158.48819287524645  1306.2283009779876  -44.7749832507328
-159.71101758608313  1307.6122254048737  -45.20812854976271
-160.57529936269208  1309.2098356407423  -46.00192537663162
-161.02199782549786  1310.9479874212243  -46.81621914015244
-161.174238854495  1312.6923162687308  -47.124454156114574
-160.8647420630018  1314.3836332141946  -46.39334093417427
-159.9338219614712  1316.0753997437207  -44.80760051960445
-158.59490875839475  1317.7673090360768  -42.80713701583467
-156.72972993285757  1319.3531807104935  -40.51418497073505
-154.60206894627754  1320.6519111216521  -37.571851699557875
-151.98467895775036  1321.6809729782672  -34.183809767488285
-149.03044481959392  1322.3836154487763  -29.75654185915254
-145.71663642685925  1322.8219986619083  -25.55869636409605
-142.22567113541731  1322.9229848651373  -20.790536270128726
-138.43391128573728  1322.793547884468  -16.232853195052936
-134.44015657816976  1322.3597774798195  -10.389191794489816
-130.09613878072219  1321.6351405425137  -4.5548179353650085
-125.75280252586322  1320.4730186792308  2.017376430108433
-121.17416366323872  1318.9184461813961  8.157768529383993
-116.5702972292164  1316.9277288459284  14.647138754323084
-111.7851760971513  1314.580038966111  21.025925497995086
-107.11238991202399  1311.8728591518975  27.672989159555698
-102.32494467843671  1308.8445239780706  34.11413029642079
-97.50165869750839  1305.4685121404254  40.55979752970983
-92.61653207679211  1301.7724703853041  46.59320290475056
-88.04185168273906  1297.7374880777259  52.775891173554
-83.51486163093753  1293.434231716678  58.86559213299886
-79.00801847080173  1288.8565282872753  65.42395500467926
-74.20817819484736  1284.121316325926  71.38963784321157
-69.45925825701472  1279.1898793491139  77.09019863239928
-64.72663427954255  1274.1070179695898  82.29563684835537
-60.17100897914299  1268.847446706073  87.88797630770553
-55.78330852266866  1263.592061079747  93.25307807954388
-51.41403490415204  1258.4054526788061  98.50007221390194
-47.22011911781512  1253.3659072229161  103.48794901023825
-42.90995135041518  1248.3691982071414  108.69381405746813
-38.89450023427425  1243.4519582368353  113.60452495860721
-34.87605326616566  1238.559684678181  118.28974728996994
-31.164322871602785  1233.781562627985  122.61679594127318
-32.06709168628412  1229.1053388716325  122.66083503219458
-31.484561199842748  1224.7908803277219  124.32461134743913
-29.091200234771197  1220.5310780927944  127.71180850868551
-22.590771162333315  1216.5057180747895  134.7538703274453
-18.07169838185427  1212.4449722493655  139.55794014462973
-16.006052841885705  1208.8065734520378  138.35359692004928
-13.512117333835906  1205.5189902745885  138.78648090603113
-10.966100275585049  1202.392704017947  136.2775664758551
0.22691843181321936  1199.544407258591  133.77914497175132
11.946397224831536  1196.7968309065661  128.07384055228957
24.461356525667263  1194.4711757387163  123.71440122824706
29.589471821611383  1192.4035447745512  121.77021926677178
34.96598771604229  1190.6695640870464  119.86093156186435
40.64841558999571  1189.2590840956839  118.1631509476155
45.60696710976852  1188.0071312003204  116.45584169459852
49.733786470385645  1186.9209312370397  115.13867308738713
52.82645552597545  1185.94403817433  114.12287706977965
55.702628364020946  1185.1131435993025  113.24027304515563
58.24032975751828  1184.4762785383346  112.58249760556704
60.369513465958605  1183.9121903436662  112.134072187811
62.16515826048236  1183.5198289865843  111.82438599946256
59.501609734244454  1183.0946818302773  111.542664488472
58.27500154152808  1182.8099388497708  111.19525041580853
53.37632049809147  1182.4278515373292  114.50407383714014
54.374968057850616  1182.1459485528285  116.47532024108678
54.38394236543087  1181.8240310242861  117.93364218524626
58.60136044417443  1181.563011747749  115.14876170846921
61.03183144072818  1181.226974471808  113.82085511096885
62.62333803828445  1180.83608966675  116.7420500728639
