14.758338202450966  1224.278603410087  144.5240589645703
14.683478560921802  1226.5608287024763  137.14145166997378
8.520129783150862  1228.7300471339279  137.94740838919006
4.902436416672849  1231.1717591851161  135.6456708022465
1.9534151440078014  1234.1878096951584  131.7311860183411
-0.5192525490994635  1237.5591310158457  127.59779774225896
-8.763635268043268  1241.2000844665654  127.42686470861068
-15.838487559163903  1244.6675664370769  126.11812004937778
-20.94006560195325  1247.9568500999703  122.88663586236999
-26.18097572928151  1250.7973364643271  118.6905386726198
-31.714120338442676  1254.2810523104733  113.61084525440464
-37.472762812110574  1258.1807612223017  108.47314369342286
-43.07520275511899  1262.5625083167686  102.60590156652437
-48.46550065461337  1266.3753510517301  95.99488625616769
-53.937387286195886  1270.1446136707002  89.00309618039242
-59.39866448081019  1273.7416858214965  81.49051111886399
-64.88610774860612  1277.0690150103746  73.21889510192142
-70.31396911566807  1280.2180592338837  63.663889690483735
-75.53378616073671  1283.204078098523  53.73717575597866
-80.84697559900212  1286.0095189793724  43.80250619345503
-86.0367491381029  1288.4054758929562  34.19706278258785
-91.3197947202645  1290.3959996518888  24.062701065553338
-96.38195559172178  1291.932697732078  13.496927061007328
-101.57772515122849  1293.1614462943523  3.130133232322776
-106.80461752503997  1294.0652798188312  -7.013548583134209
-112.03318401579472  1294.6536999237633  -16.578087805207865
-117.26645587550618  1294.6972404276141  -27.116019128682325
-122.74275851991138  1294.09563302458  -36.84867590296179
-128.2053126359351  1292.8668999361425  -46.91483114845792
-134.08837232152342  1291.1140066413664  -55.164764071055515
-139.47597917108385  1288.8423224941832  -63.300630382045675
-145.141141065495  1286.1211253154859  -70.4514869541504
-150.29109796424356  1283.0579109264697  -77.26848043233392
-155.3139091447851  1279.864833164206  -83.42205037350543
-159.82198995839136  1276.6977123177141  -88.38925777663637
-163.75161028799985  1273.8195130272575  -92.83604261483399
-167.27089792761433  1271.4533930938915  -96.56999258143252
-170.11863503537927  1269.5821640661923  -100.02345328484277
-172.49905029427123  1268.1862832086576  -103.19057426640639
-174.403469187957  1267.107858214214  -106.260108815519
-175.7861678416527  1266.3400889512766  -109.03112769537933
-176.7999675358593  1265.7594984417792  -111.2799377054475
-177.22591498688993  1265.311749110265  -113.03036709594939
-177.40864248082875  1265.063397240774  -114.20932007233769
-177.07639900414847  1265.1143739947886  -115.02039017307911
-176.1857439811724  1265.5459759673604  -115.43958034277411
-174.7289047486124  1266.349824344371  -115.65440067369848
-172.6899856502065  1267.4810650821948  -115.21854854472984
-170.25677573312106  1268.866592078686  -113.8180299758274
-167.4557236396576  1270.4165539334251  -111.51727921376363
-164.36896421909623  1271.9785264257548  -108.62720159384918
-161.14871674883676  1273.448120233054  -105.31599700023357
-157.59089699886476  1274.7700072191392  -101.62751179105045
-153.88049466744707  1275.9845624862573  -97.35469007184054
-149.91233578423777  1277.051233787204  -92.58113570884217
-145.9673510523103  1277.9456437689262  -87.205758145727
-141.8761881564621  1278.6590084368224  -81.84321358971172
-137.89669083241523  1279.1386569622937  -75.99030203839648
-133.79997631160904  1279.3183881801879  -70.15730669431473
-129.7515102671293  1279.1199788919293  -63.52963214712402
-125.53962957749076  1278.59267203002  -56.89159632690924
-121.3243868931383  1277.7632130626566  -49.81758886205702
-117.06854798522284  1276.658938640886  -42.89587687110018
-113.0043285043238  1275.28318635071  -35.76188715018814
-108.83682352841312  1273.6955486220252  -28.763819694672325
-104.7438223110736  1271.9067948382872  -21.565301163115862
-100.64916865277146  1269.9520351893207  -14.537800342641688
-96.73466424772559  1267.8244504551535  -7.555174777714774
-92.88494865553845  1265.536726931937  -0.7776755160415982
-89.07784604944028  1263.0992820045903  5.77584781322672
-85.40297773956867  1260.531111177411  12.023499501714099
-82.06902716813055  1257.8644882198016  18.039959209817845
-78.54572498255044  1255.1529823486117  23.79189215387529
-75.25534857440356  1252.388261335294  29.48888477032404
-76.33964156426168  1249.6222406357133  30.465115824244748
-76.01756062861436  1246.8877354646038  32.9362365221845
-79.35696505224509  1244.2229010005028  31.53780671052455
-76.18654356900939  1241.6301525980907  36.368435597878516
-78.49399028294177  1239.0739238792755  41.61227520681642
-79.72449644182154  1236.3039816972732  45.81043226309672
-84.60925514917277  1233.2720993299681  45.63290825631259
-82.9085299505707  1230.5838760631389  45.69563311370359
-74.8502196800489  1228.4161698209682  53.503000351600974
-65.4269331900226  1226.825034473828  63.59809816456629
-58.77255280145457  1225.157492048147  71.11167526866002
-59.78554947140869  1223.5670839670063  71.32088845685543
-58.01555182418818  1222.108163296636  74.04721426317329
-53.84933143339037  1220.8324117008233  79.32907565685699
-45.960063777558055  1219.6785419358052  88.318963507514
-40.59234603849999  1218.4871491185522  94.86738714413246
-37.82931494313067  1217.2816187523529  98.74667737856653
-34.386407627095906  1216.0249481005212  103.1679422437804
-30.77107687745937  1214.8048337010068  107.3350894913563
-26.984734970467997  1213.5580614510297  111.43354122066873
-28.21887207583174  1212.407763890433  110.52620724731305
-28.04752077987321  1211.331065736918  110.86774166646065
-26.131915589466026  1210.4063466099888  112.6564422024474
-20.04290202476229  1209.4981589236722  118.53962338478075
-15.93476936880016  1208.687924576505  122.44005446520883
-14.25501663859168  1207.9506699671897  124.35801237077634
-12.15043391268667  1207.329770726784  126.49466426120924
-9.968213329288353  1206.7174463505173  128.97041333555282
-7.729712809266145  1206.1378463180836  131.40721722719098
-6.091328257329126  1205.527682242385  133.48927270749226
-4.7611600933952465  1205.02203320062  135.26553998777771
-3.472202068995693  1204.582266104799  137.08177343990286
-2.2747547510343207  1204.3416280270505  138.86369083723957
-1.2114723725025662  1204.134394486617  140.53463239995045
-0.33636095228211904  1203.9606505076838  141.90221210904537
0.40207263584875685  1203.6666465408464  143.02953078423948
0.9602429957542573  1203.3454232083745  144.08762775879723
1.416523531973001  1203.0087428463216  145.120775486159
1.7251424298489164  1202.7378696987303  146.15068731727393
1.9709509801428517  1202.4556041002447  147.02887605693937
2.110169790445973  1202.1471232993147  147.86458061292615
2.191034297270625  1201.758445394123  148.57705324776197
2.195829872460171  1201.4066481673417  149.26238705888255
