-28.324440700910277  1156.8995608816783  4.929125100846533
-28.427413611921626  1160.790818941176  3.167693958912581
-28.695038505365094  1165.6059999338522  1.678062196337193
-29.354751229613598  1171.319095515633  0.167161242968074
-30.06275314991127  1177.9699148098334  -0.7431979034971683
-31.198891149715234  1185.4120612602717  -1.3192039380540987
-32.372429080815856  1193.6636738075958  -1.5162297304166772
-33.76177363942763  1202.6269306658983  -1.1459641040828346
-35.45743240618545  1212.258709507404  -0.505288435385338
-37.29157567825693  1222.5370862563755  0.4096557923204855
-39.82838911930014  1233.4078576871932  1.0663419730476922
-42.62416774049825  1244.9200072405583  1.724511593185416
-45.86490482295855  1256.9422239196788  3.9236792211356777
-48.86918447089991  1269.430598076401  7.827555418037992
-52.25462310398922  1282.284621647526  13.411053499715909
-56.062361407205756  1295.4597135714198  19.544656088140336
-60.34045981819396  1308.936670556948  25.323325727526917
-64.83357057790593  1322.4012909714966  33.029045119319605
-69.19263129727435  1335.707149352974  42.078189731592595
-73.66075990057115  1348.8017807625456  51.63608089578692
-78.29319675014389  1361.3899881519228  62.42971269529579
-83.80301354301118  1373.2172599744858  74.32177177119023
-84.15377188361332  1383.8111836516782  84.06316377664814
-81.36718360932673  1393.5305327367005  90.74996735881422
-75.90663874208329  1401.9664244096666  94.4058145622169
-74.1483198941473  1408.8336767405567  102.19342627052066
-73.55357347464772  1413.9893628141363  111.36332796742377
-73.2063808723523  1417.0240319190923  122.29512499195297
-72.92522132406967  1418.164966077519  131.56647389386606
-73.73379041341255  1416.7891827451215  141.03934596074754
-75.4997803723287  1413.486327537053  149.64840613556387
-78.16276718210136  1407.9729588866153  159.11976736869428
-89.77658352053307  1398.8214208956754  174.7189035438531
-97.84230516405567  1387.3310945177482  186.69059648784062
-101.62548951905391  1376.3404105727766  194.08161306208743
-95.3691757822591  1366.0030640512337  192.41524894975487
-92.9549513960004  1355.1599561155062  193.13857305152877
-93.85136248523777  1341.2467432691176  195.5865428243831
-93.72838460582587  1326.8393085657976  196.57969023444934
-91.99125753604713  1312.0101353218038  195.53749007777543
-89.87531622567128  1296.9408009154324  193.21433564223642
-88.5881461560978  1281.066443023457  191.10096522879664
-86.67358075110998  1264.8901538869513  187.60248050095512
-83.41412278434402  1248.7048927141802  182.85794771052664
-83.77638949415878  1232.6612407327282  180.0784180200363
-82.16602320767272  1215.3069789090937  175.03094120031892
-78.60684395542289  1199.2807886583014  167.4840956450792
-74.14484205533854  1183.484431862657  158.94149819711453
-69.52008821836712  1168.7036291096201  150.01482472163445
-69.677978381995  1153.94804615905  144.97332447302296
-66.99505429766204  1139.4953343373404  137.37520634214627
-66.67677114875444  1126.7947787658711  132.48384873487467
-64.4646823135459  1114.3518650293174  125.2936663710991
-61.11168935363431  1103.2125316751499  117.21879308034718
-57.44213968694896  1092.732769495841  108.20724900018628
-52.79771160006821  1082.94433491294  99.26589806608168
-47.85532376286898  1073.96504748489  90.3177519065736
-42.432235464633294  1065.7171560747672  81.16217855303597
-36.959353358519216  1058.1996924554485  72.31670345077809
-31.792693577879835  1051.2698500529857  64.13057974708195
-27.067277589246192  1044.883560122629  56.86947421544391
-22.809054012893444  1039.04428827384  50.39068835911419
-19.0234076128965  1033.7192808724587  44.66645397193175
-15.713736143929395  1028.8612164721703  39.79167598991873
-12.90249647335567  1024.4213469742606  35.71247930731131
-10.53197519779015  1020.38882658942  32.513448446089996
-8.623853911358145  1016.7490348977688  30.099112759295753
-7.165856154916232  1013.45374572576  28.623186809318444
-6.278250071418699  1010.4455588324225  28.034120413991776
-5.876524974854863  1007.658482877454  28.438162217000908
-6.0519939750422616  1005.0634923653531  29.839715455712103
-6.770920573448776  1002.6108618373448  32.34584333191488
-8.112058693710104  1000.2753702047917  35.90369990349226
-9.940812536059338  998.0116057646708  40.50553779026399
-12.335554094139418  995.8033816312019  46.096636587298015
-15.125040609049986  993.6014714754203  52.730041008585154
-18.420808188300953  991.3948013641788  60.28929595269428
-21.956250890157477  989.137832555033  68.68567940529172
-25.829009289713397  986.8367315988131  77.62396009301665
-29.786054508920152  984.426736078081  87.10990913086073
-33.868910435767745  981.9542816339408  96.87143694880606
-37.831805164107465  979.4131704037558  106.83684394133368
-41.772185161083286  976.9024515337029  116.65404868991361
-45.470176069949005  974.3977976560367  126.32173735049133
-48.940106167478454  971.9882371631896  135.47845450767568
-51.98066624979824  969.6722072988282  144.06830142977753
-54.62473116405206  967.5637142569391  151.74698448989898
-56.897565289045126  965.6242959885872  158.74297830846965
-58.84933199254036  963.8973902954476  164.96961951078913
-60.511256014114274  962.299806875374  170.52098103082636
-61.875614619943754  960.9004755893969  175.2966305962202
-62.835606103711946  959.655091625718  179.31891611702554
-63.55772575241944  958.6070175468155  182.7160963204164
-63.893835810341216  957.6584914915941  185.57195482190974
-64.16150928756633  956.8348053911124  187.8869336107998
-64.06879269674783  956.1295520805796  189.74867768329648
-63.89854195634834  955.5646728919775  190.993132319181
-63.417235312927886  955.1439180502599  191.85306184445045
-62.884699882991455  954.9321274881904  192.1376975349547
