-23.184989632192643  1218.021472231375  -3.0590308298488984
-22.88434562524458  1218.0081638886206  -3.5540860946292447
-22.606371011481016  1218.43415776146  -4.0633805526556435
-22.47711989967723  1219.516009089804  -4.275625064010251
-22.514800104951433  1221.3227739021622  -4.373445270717687
-22.769163096693365  1223.9388471091777  -4.196220070232716
-23.329314717255954  1227.473431468903  -3.7933730440306923
-24.123053728757377  1231.9769524164385  -2.9656617127058733
-25.56831194341692  1237.5168767483106  -1.8157130077121524
-27.116916698884378  1244.0885977056241  0.11798079932510963
-29.095027148125997  1251.6512131810568  2.1679008830804594
-30.99305802955508  1260.1889589400416  4.310428802244607
-33.63835981859247  1269.4104623739343  7.534837408029018
-36.76810482982186  1279.247513618621  12.17434386062088
-40.43519331562247  1289.4923932274096  18.23035546916251
-44.07490839271474  1300.127867667633  24.460659802892184
-48.102205298288325  1310.784636978455  32.56259779286865
-52.48957933187998  1321.3896217332565  40.66829579169666
-57.31580539604092  1331.605816653172  49.98964308965512
-62.2384023418183  1341.305104532491  59.14966386828439
-67.26242084509279  1350.114655945626  69.97217129317463
-72.55786640164004  1357.7980794803752  81.20758897945993
-77.924945664559  1364.2255972931152  92.67579412778385
-83.73962758114389  1369.4673567380976  104.52118016979475
-89.28913910428176  1373.3633242487133  116.32906105481219
-95.1801999495897  1375.6497517132407  128.38111070312817
-100.51365608765181  1376.0561886841926  139.82286687937233
-105.79143979840327  1374.6435648346699  151.1549478668614
-105.43612775263381  1371.772223277364  156.86641020924608
-101.80895718032005  1368.9239315947725  159.12688302667752
-94.43501956482483  1365.0096825130302  158.0838696794107
-90.06766839172921  1360.0462613630039  158.485727676446
-86.6909117734889  1352.7405079478551  159.4433818385802
-84.7564776453746  1344.4845383370032  160.11179842879505
-86.74708481946719  1334.078702719458  164.2707919562387
-91.2665612743606  1322.7037991100437  169.92022869743383
-97.57296973805256  1310.5759636846703  176.72379419968672
-101.08651715634298  1299.027938974879  180.9028228275918
-103.63005607919975  1287.0720428532568  183.92003670121824
-105.14942063342788  1274.6662684177884  186.13471461027117
-105.65180811017296  1262.4085016300796  185.99401462952522
-105.13202771464952  1250.1334019450842  184.41120037103664
-103.87269246172414  1238.119556727636  181.21165989245537
-101.96052124989677  1225.9933839467305  178.20114077556335
-99.06338602123391  1214.1693765834148  173.96619628485647
-95.50790644470966  1202.6639651041182  168.8968277441796
-91.43962623652675  1191.575573038373  162.82575813351144
-86.82435730176141  1180.9285194250342  156.2180253538208
-81.72270953176606  1170.747552262209  149.00592853649144
-76.18535812949973  1161.1119108016437  141.40959250660745
-70.31255426803294  1151.7785650789222  133.31236428432635
-64.14037699594836  1142.8585400757727  125.10891047684468
-57.788671028376065  1134.3196984554477  116.47066789476133
-51.3512234942029  1126.3749333342494  107.91393696237891
-44.7545937270075  1118.9397934682545  99.05609464061484
-38.23744088419597  1111.9612913015808  90.77087515736577
-31.85160799871635  1105.512319579413  82.6939066414957
-25.97679241156235  1099.6150795173683  75.14929703707706
-20.394824751960634  1094.2877646501083  67.87682542986653
-15.348934621680353  1089.4934435645907  61.17701923830249
-10.464384833514456  1085.1752123266326  54.85458306301344
-6.06125557717927  1081.303752454764  49.1735060512194
-1.8472522744871331  1077.8355690641831  43.76813222743486
1.7314038676472698  1074.7521177575347  39.08986925122959
4.9387223200982575  1072.0126368959632  34.87449897264997
7.7029758128205845  1069.5980360623846  31.246390301943407
10.147947456112464  1067.4579515293535  28.085554638059655
12.250340960273931  1065.5709264136774  25.364654717664685
13.974302989619064  1063.8723335823643  23.147959803943415
15.243112817365539  1062.321185560468  21.57577294178264
16.146476129523947  1060.8326541435308  20.616651937924228
16.470283419111865  1059.3640189036742  20.47185000492183
16.560279164486793  1057.8609023254644  20.6460568007796
16.073066315013403  1056.2978618144375  21.588396936168966
15.398405230687693  1054.653140343447  22.966904202697155
14.310059657352962  1052.9058221913192  25.35027186031147
12.942329560831588  1051.0436306972929  28.208092725609877
11.137640736046555  1049.0719821714952  31.902356315695883
8.882129094991525  1047.004942152249  36.04326538006042
6.340062692488791  1044.8616646944754  40.952065810546856
3.3667697177139275  1042.629455238354  46.334938511528065
0.14843381275904877  1040.3072968692334  52.40559084293014
-3.5036331182500193  1037.9011926407259  58.87144773259517
-7.37576185003709  1035.4299939493797  65.85117415970758
-11.527268593165669  1032.912550424021  73.12996700716347
-15.778861628872475  1030.342323640214  80.77111478174055
-20.120310922195777  1027.7360321904468  88.60575181551712
-24.44510551406513  1025.1155116055986  96.5120506870905
-28.698459188542017  1022.5008764762075  104.4580885564024
-32.79070585585514  1019.907711792061  112.34346660598925
-36.766673888691315  1017.3730569630661  120.00491780584247
-40.50375129616867  1014.9144986284224  127.41362818385522
-44.042750092915284  1012.5978444331695  134.33094772989747
-47.29935941527155  1010.3895910366157  140.92702736024836
-50.23248406861275  1008.3539578566669  146.8808172107291
-52.791998595207446  1006.4285061147425  152.36665853632158
-55.02031480852196  1004.6658285087021  157.24243112763145
-56.98684793506612  1003.003732243737  161.7487427456035
-58.68293407158498  1001.523655720058  165.66211212256675
-60.11842660674916  1000.1519825554883  169.15805146785655
-61.311982838078706  998.936945642841  172.11629574999748
-62.31076196218761  997.7966355838533  174.75802790170698
-63.15057277827082  996.8005227182472  177.0084049984664
-63.81241103210891  995.9215834025609  178.90705153007428
-64.3380669021744  995.1668818628738  180.52989520601272
-64.71251718910256  994.513596151297  181.89463942328223
-65.03617760798053  993.934372152354  183.09683675744284
-65.30676731370465  993.4410831296666  184.11251067690984
-65.53893988063388  993.0041351342189  185.0094734179652
-65.7432822366995  992.6425394522387  185.77193154457657
-65.90749009101513  992.3324430766907  186.47120315720957
-66.06192879750421  992.0746101142399  187.05417403410675
-66.19579957119467  991.8879029454133  187.61365077376786
