-19.85278171639961  1162.5488366905367  -23.043105207621206
-23.169031518510288  1175.6779822308536  -23.882153775745092
-28.013623824495063  1190.5175900861188  -20.83658238821851
-34.559556579432275  1206.1574338995122  -14.329005667074956
-42.14173208917571  1221.791348743585  -3.885514306397499
-50.99802234100162  1236.6374989563258  9.342951456867844
-55.259704106576876  1249.9047692395495  20.389388664928976
-61.34561558633519  1260.2728301156365  34.286276282513235
-63.037113634690215  1267.8914726193261  44.5132295226047
-66.54990674315995  1273.2345399593028  55.84167081193966
-65.86875887568924  1275.6864388612676  62.4072123970443
-70.19844234291581  1274.3430438493854  69.12274698331636
-77.32817632265349  1267.476403175615  77.16410275748979
-83.85126620229093  1256.911312308112  83.34665343404934
-86.63790479472539  1243.7853297692106  87.89679017297993
-85.47987693691327  1229.763728495449  86.77462809310995
-83.07757244993736  1215.2583396997213  83.10291455511816
-78.40101208831504  1200.8045766810135  76.30345837659338
-72.07863480902274  1187.4005233691885  67.66174795398135
-63.74777213486422  1175.5125747518227  57.02099619397285
-54.31556701238157  1165.1504303746492  45.15101082159697
-44.947043509315115  1155.9726056095494  34.21345485015784
-37.49577672298734  1147.3684138482781  25.033264743287802
-32.04264926732137  1138.9295559941859  18.1153573047496
-28.6131377496087  1130.4462725723106  12.516878536095629
-26.002822207701765  1121.8800222998716  8.476275047610976
-24.90519268211679  1113.0064212905245  6.364801647737733
-25.388859041216996  1103.5515732506465  6.671365834935217
-27.25285836849571  1093.4606931759424  9.286957471391144
-29.627924381142495  1082.939872823662  13.544823904721337
-32.010441335084224  1072.3327978550808  18.78868048829955
-34.176014726007026  1062.0314197994821  24.57060541838562
-36.45318973149331  1052.3701046131018  30.740867514716612
-38.62022656777785  1043.5357297834087  37.13878709968928
-40.743116217688105  1035.548954359342  43.31743392822655
-42.45461169725632  1028.3766520513018  49.1506454311647
-43.876920117527824  1021.9478963258296  54.61003454902284
-45.122212416467924  1016.1609996416231  60.1298550653525
-46.30307906458975  1010.9640365201881  65.57191975918198
-47.38778903294124  1006.3536973622855  70.71596484161857
-48.353627009847884  1002.3443589876535  75.26304533079258
-49.25162836142184  998.8337511046974  79.41095869324606
-50.09245917315858  995.706910452056  83.49489421127396
-50.89110014274491  992.9746849283601  87.38828785451415
-51.51739409001431  990.6782231668817  91.00832761643066
-52.043708253398435  988.8013038924562  94.07991671328217
-52.47240415884226  987.2826576305564  96.87675313609337
-52.815177946019816  986.0565700087888  99.3159861914493
-53.07683726137747  985.1104224533805  101.59272268897121
-53.252516526206534  984.407892144008  103.50862516827834
-53.267918705730565  983.9891220161487  105.1377161122593
-53.15088794977209  983.8538780316103  106.37935853713144
-52.955096673638316  983.970915581742  107.3823454622612
