-12.31424857841952  1117.5245846385574  -51.36949800004508
-12.77278151447604  1119.1425080535  -53.46038909584365
-13.650430847613675  1121.4985550669946  -53.568862069543556
-14.692477681236138  1125.0052625797289  -53.733859038365416
-15.801470354919301  1129.9171735232883  -54.30246060000389
-16.786607372083086  1136.3982604827588  -55.74799551258458
-17.86006634629103  1144.4703824632838  -56.43864857274577
-19.145289950267905  1154.1222917645068  -56.400841661655406
-20.541350088099684  1165.276771351696  -55.77939911066939
-21.883111013957627  1177.7308974481916  -55.09056011970737
-23.52512522133742  1191.4074504388045  -54.64414921592031
-25.47622682749421  1206.1165116833101  -54.37277367883728
-27.855158262644604  1221.7952653358136  -54.23451587959872
-30.411420176691692  1238.199949532227  -53.96837337559164
-33.043902062765696  1255.1692593047933  -52.34453315870691
-36.2243706938667  1272.4893420368683  -50.25025072608185
-39.797491502932864  1290.1748909866265  -47.59641728985205
-43.97319958736269  1307.9706508995412  -44.8612856162289
-48.958626502952455  1325.6188115950072  -40.481561770807666
-54.00534716873506  1342.5543443528545  -32.94108907020967
-59.519903806981226  1358.5951424838622  -25.12075493414752
-65.04911957112054  1373.3423800397363  -16.106248835155732
-71.425240079644  1386.5273786713751  -7.524692028318684
-78.10491964117917  1397.5227133928543  2.9676254201700907
-84.96809003345749  1406.5743011175853  14.282518569042312
-91.76319914154779  1413.3143832131768  26.136578273948807
-99.25876855836862  1417.725382054341  39.28116517496085
-105.91781468177463  1419.6258073061663  51.02783305122542
-112.61165900704094  1419.0491983855154  62.67996631116843
-117.98098392777369  1416.300296509598  72.66459517254323
-123.29319816456321  1410.8703334335999  83.00968787298083
-127.80423054244014  1403.5943397111525  92.63991907285985
-131.74547141544906  1394.3433219182539  100.88535956009723
-135.08126975715837  1384.0254112447649  107.83981787370621
-137.76093485092306  1372.1394628521712  113.16598838152342
-139.76762809131674  1359.230808644993  117.87296128264595
-140.8300193321609  1345.2232805464168  121.69075733385407
-141.317489805876  1330.4537856508252  124.78533680397837
-141.59550210467938  1315.1383061173963  126.64086770946349
-140.00649364811952  1299.6676929764756  125.95598268893315
-136.37663162276905  1284.2845092420134  122.63536697735938
-131.8951733142006  1268.888896816641  118.06450256419855
-127.80393256195558  1253.4456738504189  113.0068979679916
-123.27064265646553  1238.207834875368  106.57918973849327
-116.91313897543878  1223.4561134701146  97.971222742122
-109.78343714135369  1209.2412035318193  88.0500118737706
-102.87203770617678  1195.5881778180453  78.01963461082201
-95.70168638017381  1182.5130379432208  67.56573034164995
-88.11628835745107  1170.017070954821  57.07238607585722
-79.90061794507426  1158.1329504647526  46.209552868027714
-71.9963251912787  1146.9607300890825  35.84300540876593
-64.33100244751932  1136.6087709087403  25.34962666314036
-56.98735666518714  1127.048270045077  15.505003044680144
-50.07680956331381  1118.259311557809  6.236863632558919
-43.69072406404665  1110.1645041331828  -2.015625172853368
-38.0791051664182  1102.7502608417365  -9.1399129279635
-33.32985063831064  1095.9743021858183  -15.068087532554678
-29.442861024659553  1089.8022060954531  -19.84995043201656
-26.327078919593603  1084.13033560175  -23.47123599160365
-24.108710001628577  1078.8916136072426  -25.746143257123972
-22.900666906326318  1073.9745897915  -26.527663267657793
-22.811785436314835  1069.2968184102206  -25.76774206011958
-23.611921661065363  1064.7533079382708  -23.66613900106519
-25.34258999061609  1060.2899581686231  -19.947235160946274
-27.924795999493902  1055.8972609894822  -14.8727065571141
-31.35950849922706  1051.535854412262  -8.238021219612866
-35.38791907333966  1047.1856124898572  -0.5350882498572496
-36.24446352796776  1042.790574249812  5.170376788925539
-38.759627386330564  1038.6167450387543  12.72803635642438
-38.49512924829487  1034.674705897521  18.29306946797071
-43.608325498144985  1031.021899011026  28.64350355704381
-44.29905223238473  1027.4820733358713  35.36900794709465
-45.784345619452864  1024.085830941623  42.830437243198006
-44.11522693948225  1020.8258255280996  47.17839727654457
-43.976186162923085  1017.6809080892677  52.84305287984084
-44.725792972564115  1014.651779613236  59.43177586296524
-45.38234962952276  1011.8033959385123  66.12771827620541
-46.15370154049314  1009.1526037638423  72.59442456734426
-46.85166728062317  1006.7604728666198  78.35984985786254
-47.81278632326578  1004.6353575339348  84.03738268052729
-48.74791596830862  1002.7834137145181  89.36350140561308
-49.73822521777668  1001.1832236021784  94.38887834844408
-50.61230666630843  999.8016904976366  99.00729210747389
-51.52955968203534  998.6233505581109  103.30006179999012
-52.32298623221185  997.6127533945473  107.24157079275605
-53.07062134583011  996.7571644396239  110.91253930678465
-53.7015951430203  996.0505903115122  114.19915029443108
-54.23755394617575  995.4730836501789  117.12952803767945
-54.696590574909166  995.0286965442467  119.67391502895515
-55.06369331151839  994.6905647925137  121.90360168257581
-55.37769019643171  994.4842212172596  123.87480929380328
-55.62617108400691  994.3680595644638  125.5415961671806
-55.68736370163024  994.3641944710829  126.95845565127429
-55.62880910856205  994.4489733236959  128.10681035297367
-55.40877267526866  994.645325421127  128.98340914347597
-55.23066072073744  994.9417579997037  129.61914507608844
