-46.799533454803345  1293.9776403651808  -51.45692416548032
-46.68109895897267  1294.9993013795204  -51.72904076527095
-46.5888879217887  1296.6699470057488  -52.01774378945087
-46.75759901753029  1299.0646692796395  -52.02084166879956
-47.17005478466556  1302.2465205221265  -51.87764861183393
-47.78237151722007  1306.2905098190272  -51.16077998447945
-48.75830827502216  1311.2430685007578  -50.423075977479336
-50.04112993952834  1317.1083893909126  -49.14061762900539
-51.9127298167458  1323.8383821890582  -46.69441348394971
-53.97275141664774  1331.385283802735  -42.94628458584348
-56.59836837064552  1339.6969167128113  -38.27867858259467
-59.9040817273237  1348.7021925745346  -32.71924982110907
-63.787074033861394  1358.1981455837565  -26.47426119593779
-67.87061704565302  1368.196677607862  -19.548151766804338
-72.41605007426642  1378.3479270352125  -11.11254238841117
-77.29059953146876  1388.5325949392723  -1.2911202193571292
-83.00183405157166  1398.29264221758  10.441019326047563
-89.17287184210265  1407.4749609229602  22.79028184444214
-95.61572656813281  1415.847075340361  36.07799934948963
-102.27334650844278  1422.9102625569233  50.56865348902638
-108.83777981271483  1428.7777919971372  65.46326922370608
-115.7373373478706  1433.0353916293705  81.24135665408897
-122.34640525990795  1435.920247805844  96.28798382009415
-128.52517256213363  1436.9352711662045  111.63744781705066
-134.2407870613837  1436.419183144435  125.6362938754958
-139.65606338050134  1433.9613482178738  139.68221517380445
-139.46537701397466  1430.846255245466  147.65756341756676
-135.83507369098766  1427.2102381974778  152.1499780130015
-129.4976662292476  1422.7557494964321  152.9002822871149
-125.61514787513687  1416.4899592877107  154.92330784587293
-122.51449188310602  1408.45826880562  156.92674709217007
-119.22054396155661  1399.3991838790885  157.88822108196578
-116.13665858000434  1389.551662458291  158.03982829001566
-112.24787106613144  1378.8533404908926  157.0991395746424
-108.50273217074191  1367.5361518652003  155.60439923558337
-104.99308220769254  1355.5177009373865  153.95353315929717
-106.89120574826586  1342.9334049538575  156.03228641768806
-111.14122034660453  1328.3267075882034  159.74878145965334
-117.90333856742956  1313.5923257294426  164.63461779335805
-116.32007500509181  1298.4847613842612  162.4044261644475
-108.37554098438554  1286.198700074144  154.71926765555554
-102.18792670647217  1273.8458874662385  148.52389665508784
-101.67192138874795  1260.9895727802862  146.70744277851276
-106.08784030026588  1247.3410809292966  148.4703815371202
-106.51251990749542  1234.4302878292783  147.05141638009044
-105.12713877810837  1223.1004036349054  144.28225921954586
-103.65524759607372  1212.2306040800006  140.76837582129463
-101.75287744164892  1202.207343656721  136.43896196707047
-99.28081550294904  1192.364015016275  130.95413561564018
-95.74631459078444  1183.5781942771475  125.1270911254552
-91.91187092619556  1174.7796950831312  119.10427921862579
-88.15320231970647  1167.0628815141592  113.08385046851079
-84.10231234766056  1159.6340911934292  106.7352352994128
-80.00409483591201  1153.0439971355177  100.4468068409556
-75.66382837753238  1147.062907400423  94.01850924412003
-71.28177297587587  1141.6342340408326  87.80500313395314
-66.88663085708592  1136.7620514105452  81.47501349836905
-62.55842604925834  1132.3298101475932  75.52106575210132
-58.37043063695806  1128.3586625168641  69.4954886836874
-54.158378862088824  1124.8012456895324  63.70734541402887
-50.091492922658375  1121.6362129756708  58.14052518526747
-46.39303879100619  1118.7970728425257  53.126054691681766
-43.08254403274623  1116.2583880215232  48.47837996584585
-40.19202790568221  1113.9642852557647  44.20485624256392
-37.70303931427272  1111.8146255981271  40.589839687423485
-35.66060174579572  1109.6770980867013  37.68472222159781
-34.23645584868788  1107.4716712255802  35.7637249761391
-33.390771230898096  1105.165208523462  34.54812676169627
-33.10056713066708  1102.7564610862044  34.18950061117757
-33.16828215879019  1100.2211330650096  34.49530515725428
-33.714365389354874  1097.5183339983698  35.74277571598313
-34.76629509479976  1094.6334259873283  37.89166602778129
-36.35794362556375  1091.5378078325468  40.92877540923657
-38.26721967489696  1088.2487577461825  44.62204361517911
-40.53692011792569  1084.7306198286797  49.1037482406793
-43.069202237817635  1081.0064431741382  54.18946400110743
-46.026193718875476  1077.0466193211093  60.18688353674797
-49.322468046884936  1072.909080987832  66.71568272536881
-52.78790397455009  1068.5934276322428  73.85045801488533
-56.46363026200673  1064.1268738680003  81.3555783148486
-56.32139584251686  1059.9621056229153  85.94208857411977
-53.97360507435427  1056.1759759290123  88.68052864574632
