-35.1266265595188  1290.9488470610086  -24.99864465933044
-37.06723884246893  1302.0995320771044  -23.784704991101968
-34.24798760420021  1314.516549136282  -22.511172329202232
-34.33894185665753  1328.4582525711248  -20.175976708690772
-37.25591977083147  1342.6612923224586  -16.248329531485425
-45.78693711045962  1357.0760841459971  -11.873848077476357
-52.721414023077216  1370.8647387816206  -5.715231754744593
-58.189918670653256  1384.5528021196856  2.737575399800079
-65.44894930395988  1397.3895337426106  13.501645790925368
-73.88440910987268  1408.9106063890467  24.697836853377385
-82.31893977725284  1418.62019564737  35.819497526485236
-84.89881361060199  1426.7702220850417  43.73128622698044
-89.54864280904258  1432.6168074979691  54.494614412196064
-90.12203676384124  1437.1413456702549  61.708502819995566
-92.72752410257641  1440.0737221612105  70.60037683925434
-95.35788042978939  1441.532386632731  79.26486278280146
-105.19385457385644  1439.371448005901  94.07560865859098
-117.57118228801326  1434.2566262460082  110.6906640719173
-126.2983035197596  1427.6865035895132  123.96064127156995
-131.6949187392494  1420.5396108294206  133.53526357801675
-132.4036900063335  1412.5748594129468  138.97060317036207
-127.83552820340151  1404.5194435104738  139.77767321880714
-120.82413959459464  1396.2892054485453  138.09017066383413
-116.04960844541733  1387.4288403488624  137.21953961282375
-114.16605281112456  1377.011894943781  137.70563440548045
-111.29071088260893  1365.9622804580763  137.0752738839134
-107.49412086714338  1354.7324330887175  135.29853397310734
-103.14492970011112  1343.1271442859977  132.7724478173949
-98.93877108830067  1331.3561491406795  130.08459246158998
-99.49331004366108  1319.3091502396564  131.03868531768575
-102.98310463522814  1305.9792946516409  133.9632785567114
-108.29895669805555  1292.6029339258364  137.78277757831117
-106.43879797379455  1279.2937215304762  135.52204187271167
-104.86827740644249  1268.132656186036  133.14651930150126
-103.552830520429  1256.4004320667057  130.85044424242764
-106.14886949213437  1244.8367797950868  131.42116777598915
-106.80158376331012  1232.8243779380177  130.31461138152386
-105.53494272849818  1222.0663959395404  127.52217433348795
-103.82653273885177  1211.9100927406735  124.13460087936623
-101.56945265540293  1202.081972310003  120.25542957659934
-99.27262417227466  1192.651402340415  116.09242711837081
-96.3371936322922  1183.588205158581  111.36055603616853
-92.88763061591497  1175.0174085611516  106.06969911799911
-89.33858197684206  1166.804272638853  100.803284966063
-85.58119263159085  1158.9375576261255  95.44428847690008
-81.88367287861435  1151.3779807906408  90.07525071443769
-77.9030475919068  1144.184203096919  84.08807766394605
-73.59166133685864  1137.311977839211  78.09993174241825
-69.08537717697658  1130.8285239989686  71.84992394547064
-64.5808190769934  1124.634442918983  66.36516494289658
-60.31727450766872  1118.7597410805902  60.85791625114615
-56.148182336300515  1113.102523616834  55.87604406823471
-52.117673804349735  1107.7082136818233  50.749684243770794
-48.46578048778612  1102.5331806621498  46.303461306439864
-45.16299565163731  1097.6107502450477  42.403485476561016
-42.399953848467796  1092.9232511608056  39.39470491826907
-40.045572891067685  1088.4786524208328  36.84401175165943
-38.12501408541358  1084.2772810213323  34.70949383708752
-36.567617745546556  1080.323601938771  33.302876161252115
-35.52650465276662  1076.6071170983487  32.58134401810365
-35.00620665290778  1073.0887129550113  32.89200521079647
-35.119223878462776  1069.7153831792868  33.7247593723624
-35.62402012688716  1066.4624245240936  35.44568919995027
-36.60976338207136  1063.3075924619388  37.81843687030811
-38.10136546163696  1060.231928777335  41.20593970894012
-40.06067193774576  1057.2336802372083  45.26751254529467
-42.4313800983505  1054.289476147483  50.149519087106945
-45.01287700083647  1051.4180752685074  55.52828155145001
-47.96402623508013  1048.5704316115591  61.69899497038748
-51.248208341706224  1045.7482990052615  68.3873339828974
-54.72687245171488  1042.9275952837525  75.71113051714205
-58.41473226596102  1040.1515096645705  83.38668626362299
-58.281615224412334  1037.8157201042063  88.1828524106875
-55.900067283609324  1035.8107975836688  91.32850139309218
-51.69054361780047  1034.1524183301826  93.21690288343027
-49.892180691374755  1032.3546894957976  96.86386124599687
