-46.258649585020905  1186.0108854961754  40.1817355166172
-47.27255775023768  1190.2619506232954  40.2049987139134
-49.74618955882405  1195.7151377093182  42.05507375310825
-53.418661586189835  1202.2317373097815  45.257881419142194
-58.778309463516685  1209.2635013433426  50.51698622425042
-60.55333061797364  1216.3796515602392  53.47283695337893
-60.254089497092735  1223.634897318247  56.22547594547416
-58.105562652949615  1229.7358406551161  57.31592422441925
-58.55256853971531  1234.6474035233407  62.20489940833311
-60.20638609640599  1235.6259493000357  68.15663365698198
-61.95751523801716  1235.4645802946225  75.04693471107342
-63.76206444052259  1232.42158388642  80.35175255578523
-65.32545362095132  1228.186282207442  85.02749431957412
-70.33137211695154  1219.5847874014826  91.44000620646848
-72.66159856410607  1208.8158603862503  94.45529349373541
-76.56055712256858  1197.0727492720273  97.61536481707958
-76.78646610813752  1183.7565953942028  97.04270550220534
-79.60174656658938  1169.3118468326757  98.29328318300787
-78.53084443479413  1153.5078924108298  96.02915719718709
-75.21954972452446  1139.0804055369981  91.7349778991519
-69.57264749457676  1125.4246861808415  85.74562932482897
-63.66432004107779  1112.1955532944435  79.92120426329764
-57.77267953269532  1099.1776355319735  75.01826104593418
-52.591394403458565  1086.2321841193857  71.21179299754996
-48.417317712041616  1073.5012318329555  68.53308372259534
-45.18589708548126  1060.98045386995  66.87980088802576
-42.716558409344316  1048.7088560810885  66.52589236467537
-41.11512239287764  1036.624478929419  67.69040012734757
-40.66858275040042  1024.5292868540998  70.61520738752425
-41.57782691876815  1012.3921496959392  75.09677981127103
-40.42516281960898  1000.295468178812  78.6692048223555
-38.178356786374934  989.18286746742  81.90842625164672
-34.88092514600377  978.9772788907113  84.51131048751813
-33.59155636514453  970.0295001358729  89.33178965753945
-33.130800691987545  961.7788505460944  94.74165512879136
-32.40688841363997  954.6975550273637  99.9628095434814
-31.644663487893844  948.7032218209329  103.98171450862213
-30.491983200583707  943.6620073651219  107.01828554074406
-29.2636507699062  939.4772965494233  109.49975992239729
-27.882942945501405  936.098176413617  111.36866933050453
-26.429869477190643  933.5184796470573  112.59308985571866
-25.070952485134477  931.557026474519  113.40146739474832
-23.765909359789553  929.9893733062173  114.0255790055141
-22.66567400469029  928.7790090488542  114.57410068861037
-21.746897534038297  927.8541331112831  115.008240784387
-20.86969448260541  927.2990901984913  115.1416234661223
-23.415021858282255  926.6542102674206  117.81508766742276
-24.668208967425723  926.3809144915333  119.07635145150705
-28.746598699630248  925.9819121396978  122.58887613225619
-27.864868989622742  926.2738162760533  121.7695415002119
-31.0496456481333  926.3601097966496  124.21731705844002
-29.975866994605532  927.0618594339194  122.97374711685475
-32.94105261203657  927.6111897984817  124.96398497772125
-31.57635906155824  928.3530348368503  123.16905982084177
-34.12094945377189  929.1805436114942  124.54580310808683
-32.48425807277687  930.3894028096743  122.35587103465716
-34.821289337600476  932.1460400613025  123.50277433197725
-33.02413768634643  934.1275957647254  121.11354019651404
-35.24521402357095  937.0121015105058  122.0789145176864
-33.26708602654043  939.6860379697127  119.47328868920359
-35.27068115199545  942.5888785144901  120.25825699154899
-33.06792116382724  945.0707029775921  117.60428372601338
-34.849452299320326  948.0027789671283  118.51147989519436
-35.936023454549435  950.9367706174287  119.93882672963021
