-63.99774459802929  1170.0528583458536  91.97194656595084
-62.62013312952238  1175.0783052577317  85.74482358718478
-60.79206906395819  1179.404687224743  79.17665700208775
-58.68918122190317  1183.164399681862  72.3486538242412
-56.291303399439485  1186.4367036404713  65.39224005449354
-53.859233801606564  1189.4140692688327  58.85808862924477
-51.22335495205372  1192.601358134205  52.93276563715651
-48.88957480487014  1196.470789743764  48.068250830902976
-47.096289272484135  1201.3689400586418  43.63145709075487
-46.104246528806755  1207.3015701057395  39.963747077194085
-41.92423516997766  1213.7128034138977  36.704869892531654
-40.95258865352405  1219.567307682031  36.22292764419252
-43.61582874120784  1224.3401263755093  38.27115006694701
-51.92227885825006  1228.0086934544775  43.36157734645252
-59.054277618970794  1231.1025501289569  49.64844775341473
-64.8113240052413  1232.992910131859  57.226107337942295
-70.99156710964925  1233.3903984716042  65.68466364361863
-77.4549595416649  1232.013022320301  74.5840595185469
-83.18148276672204  1229.3270593134  82.78053694999689
-87.68676356778103  1225.4521675457652  90.17467565043994
-91.15046431138231  1220.4878072228662  96.23920538756808
-93.67911247464994  1214.605806859242  101.4882426437713
-95.09715908277502  1208.083532907697  104.95445751879038
-95.01982952541378  1201.0428592311214  106.95849226882082
-93.51769974525027  1193.5685592208365  106.90422543367382
-90.85691870493392  1186.0013706802204  105.52490665657804
-87.23340825412785  1177.7975411123896  103.0258105652043
-83.3169687265626  1169.353432894033  100.31385655538341
-79.05777286953605  1160.5680953923252  97.16748968495756
-74.39155203755134  1152.1550624124757  93.63670848697464
-69.19066982408896  1143.8007628114306  89.68624449363725
-63.839644463983355  1135.3733868278318  85.61748234826963
-59.127041177715284  1126.9205800422621  82.22640744615282
-55.07522260910937  1118.4919359357907  79.42510105749898
-51.77309388905603  1110.133116003724  77.52904285406666
-48.88659855799412  1101.7976352026299  76.20649339995316
-46.687990524732264  1093.40099425153  75.73170613824266
-45.18728559482589  1084.8938201794922  76.26418011198928
-44.21676252196471  1076.3727626966459  77.48732482021883
-43.968481261071624  1067.8926785417527  79.78776429055883
-44.04250405757358  1059.5008238590062  82.68953772012034
-44.91759362002101  1051.0309849410532  87.00792988514124
-46.1786065069321  1042.5613637772437  92.02614185350356
-48.068026995945374  1034.2503242269627  98.25283732119286
-46.41554354269296  1026.8021287932525  101.52993450881459
-46.07460394664562  1020.2285688246899  106.05935734859656
-47.13350430777963  1013.6742506954004  111.5643235521561
-51.97373190624946  1007.1658582896937  120.38798838553296
-55.23623496241413  1000.9681038537499  127.72252763953664
-56.65614358322273  996.0595563070981  133.29698767932962
-57.95038608828895  991.9206103713291  138.19351432564397
-59.44828898099436  988.3227433771588  142.9467376977749
-60.98943319014621  985.1782349623787  147.26990321597725
-62.1458287881333  982.5503676714643  150.9893638197828
-63.022069766348196  980.5412153361787  151.08667584231358
-63.817974101738876  979.0405552148137  151.87665811268653
-60.92949769717011  977.9631983202493  149.79149921106688
-59.30170261481708  977.1458576881355  151.66500783772835
-59.082255855400945  976.5907767788551  153.57884841544728
-62.305717457559396  976.243691667279  157.49589086490533
-64.0064030908358  976.1602612086665  159.9909130552293
-64.00165596447292  976.2273419578983  160.82322867304714
-64.35502312288577  976.4333011626043  162.0438786057947
-64.95383449889435  976.6563040969129  163.235013076803
-65.70814061058103  976.9482375116701  164.41540959697244
-66.12945545783373  977.269443242219  165.24793053223084
-66.42455085527098  977.6708359964131  165.890607638731
-66.67397920490198  978.0943790012275  166.414816220379
-66.98329189679463  978.5741987310553  166.92959777767078
-67.19256847485248  978.991404310323  167.3264592930136
-67.41186565954656  979.4272351601549  167.71080346888596
-67.53363641059074  979.8012103998967  167.99051406790144
