-50.4482057764893  1293.9223169650686  -32.01154882081517
-52.86115228768595  1300.9027850353787  -30.22436937161121
-56.38770910910471  1309.7566364236063  -26.820450308289693
-60.52614083936702  1320.5061435459168  -21.608746060864036
-65.8556200728801  1332.289513652579  -14.082964225551432
-71.93838551069089  1344.1763869528186  -3.3847741608914435
-74.22390428996609  1355.0718582012873  6.617721796599022
-73.8604450090011  1364.6093860970261  15.626241848875301
-71.96136529336314  1372.2398641812035  23.024798993520925
-73.12674491261266  1378.1040292606144  34.43669506281904
-75.44096654882924  1381.0710249616188  46.33559444261536
-78.87075363172153  1380.3348078377187  58.16140026805371
-81.67445554944096  1375.6018265422726  66.76219195198554
-83.78991936699593  1367.5932940979285  73.65948821487432
-84.20310843870003  1357.1266103375192  76.9725786175435
-87.68424541071096  1343.8439454721324  80.76445493688405
-92.18340197157119  1327.5011855359464  82.96596868616766
-96.1971228031149  1309.4534452482249  85.48090136343188
-96.73267680357414  1290.499897586469  83.02841953986267
-93.9405791550214  1271.7794730225364  77.99951214298622
-89.23635626799907  1252.8162933581636  70.09423870866655
-82.89658187516008  1233.7715743439176  62.42615918013938
-76.8271452381087  1214.994860444914  55.74228967938584
-71.74935179248293  1196.6052748445  50.94537112513008
-67.82530791609652  1178.7864845017539  47.497806073288515
-65.16816338623092  1161.3302859366559  45.886730502076304
-64.1713822760099  1143.8967350089677  46.905578195002526
-65.0010365761161  1126.1100675920989  51.660191446860416
-63.40796886836704  1107.9338622354971  55.62091748029473
-59.884962690352566  1090.1305131593717  59.23619049344031
-54.46229069338457  1072.7409117415739  61.48740854595928
-51.492864622403765  1056.0233949671888  66.69389786394466
-49.342426861015504  1039.7758112119664  73.02814572881243
-47.212767240377936  1024.6241091644497  79.68423838905642
-45.01182164625429  1010.8483150305686  85.54579262765164
-43.02365225792951  998.5253090144683  90.88092914442805
-41.43737664099762  987.6412424235801  96.41269296923664
-40.186626487071855  978.2298996056292  101.61742485739815
-38.9593577997039  970.209061904837  106.28717662347137
-37.93146198680715  963.4109847473853  110.17641765277321
-37.03915956062625  957.6498022119875  113.64087578091342
-36.35668498908835  952.8373326116774  116.7324928604741
-35.764314352912194  948.9542163851895  119.38944815937877
-35.231369961142235  945.8322159826346  121.58735232212636
-34.85240410632203  943.3732664923592  123.49495303445823
-34.58188699626138  941.449325460481  125.11606495716887
-34.41209905071577  940.0312733665427  126.54600376045079
-34.2507501834192  939.0090297109008  127.73191332607288
-34.12668028723258  938.3850313766147  128.79035869847215
-34.03836420299387  938.0527008008623  129.66571498379662
-34.01261646507785  938.0151188394252  130.49579047160455
-34.02599852367991  938.1474692617932  131.2169350329793
