-26.471463526812045  1240.1062240802096  -29.21564805642847
-26.778271916190413  1243.0002784591888  -32.22764455530699
-27.336019500719324  1247.6474919691623  -34.337414387516716
-28.486510039568774  1253.9345425899587  -36.6453470913657
-29.98657362800121  1261.7237538569766  -37.98666008508404
-31.91226820141147  1270.933248869437  -38.989974771962736
-34.2611696607364  1281.6451019680903  -38.153320236404525
-36.99876562880465  1293.7340674067032  -36.22380213404172
-40.40267926981531  1307.2926768363957  -33.17759085235734
-44.287602923596125  1321.8186561172004  -28.928802147481296
-48.418126585545494  1337.0016313997282  -23.39436629278095
-53.27709788356225  1352.0871042160147  -14.052141357883231
-58.32001716141548  1367.1868544970052  -5.388753673068067
-64.27037485299184  1381.836640383293  6.3044164595536385
-70.47739130088891  1395.873135826655  17.93640899854251
-77.3988185980505  1408.651420790337  32.47236364179549
-84.32622122461362  1419.723106964163  47.25480438361754
-85.75130826724504  1429.1774698076815  57.756021851305135
-89.19359859297374  1436.411277971516  70.17115222935178
-95.16368656047148  1441.883870170044  84.20781545057656
-100.8710121554193  1445.4883682129675  97.47309625708081
-106.4079850688404  1447.9827553907965  110.55478845899148
-104.19678050249374  1446.4051989441257  116.39502599966322
-110.24216419596233  1443.8631338361813  128.55819753383298
-114.24439660336715  1436.6235408192645  137.46846370470564
-123.18789290560412  1429.3061496504167  149.52062645522176
-123.23206614781472  1417.725497330098  152.9221679643644
-116.02780316940525  1407.740852572511  149.1542195822235
-106.6781450027692  1395.9082717760589  142.49512003004355
-104.64445522862005  1383.0555890185435  140.99515534206986
-108.60911918177666  1366.0154825434536  143.50330585924038
-112.86630490379824  1347.833686655083  145.13871656599272
-112.58495721704617  1328.8529353207061  143.63104701619625
-110.5913185980013  1310.4953706642307  138.98213388294286
-107.5928168599053  1291.5885205252523  133.30953358330527
-103.67137797006595  1272.5831369635907  124.60402823845969
-98.6878355686021  1253.638906266108  115.91949403586209
-91.77437352670259  1235.400433717486  105.40530321959575
-84.42584344040965  1217.9754710170835  94.7897961200207
-76.23968567071068  1201.5240085611902  83.64642514965543
-68.37477989706137  1186.0364445656824  72.7843449454492
-60.52864088793581  1171.5594830159437  62.4562577750729
-52.88029554035252  1158.1063551096731  52.35357600497425
-45.63194965455876  1145.6553827836965  42.79265150314656
-39.367517387577394  1134.0513092545232  34.32909918478728
-34.47815083656073  1123.03353434119  27.61451648917878
-30.863952828998155  1112.4291205631282  22.55903030714497
-28.719929990380948  1102.2573877565262  19.59601100365398
-27.952710574759497  1092.6382293373829  18.36066139098895
-28.64326432728459  1083.6096351565939  19.405689001969247
-30.364144569747992  1075.1071758943526  21.91105734911699
-33.1020445363964  1066.993631088498  26.47762388160927
-36.81648499982117  1059.134232404169  32.8705820784173
-41.38745112600121  1051.3942504851245  41.33489321276272
-46.359645819906426  1043.7895243785922  50.984397190484444
-48.09629944398415  1036.314310531342  58.75021371404884
-47.83329652201366  1029.7655398609656  65.38076875966533
-46.17263256709082  1023.6126359575243  70.86766561942233
-46.68578534893703  1017.9501001516936  78.90935356204795
-47.743265408054015  1012.1453501100148  87.8753998557086
-48.70120530969746  1006.8268758264426  97.40184518886163
-49.58832126947412  1002.11746773833  106.08806287321323
-50.51478161290668  997.9378462230006  114.15079713740673
-51.470328243633666  994.3136075061851  121.62875732715476
-52.20684798047075  991.1172146754966  128.59160154779312
-52.75985730202284  988.3637502461819  134.60587800930367
-53.1332991760635  985.9781257986493  139.87117961185893
-53.44877978938718  983.9140880561893  144.38582420418965
-53.601537811447244  982.1649964103378  148.4164700875375
-53.734263007423934  980.6696825233569  151.94516793258538
-53.686814385793085  979.4200510043394  154.8861306056844
-53.614326896264366  978.443736724109  157.355495930232
