-58.177731147191935  1282.1649295604352  -50.040999768447975
-58.65920097318523  1297.0691954764109  -47.36079553410126
-59.686388670088846  1312.5812087519125  -44.22826398324327
-61.15348490358296  1328.537205943378  -40.51484306783989
-63.72119586553511  1344.5470912573828  -34.294955065450075
-66.83371656994801  1360.32744137369  -26.71051987738531
-70.71383249779252  1375.4518428503468  -18.064438266002476
-75.16057918836843  1389.541086272089  -8.735776157490125
-80.50859925315338  1402.1824709621108  2.9027736957290147
-86.47621292184968  1412.7510290894525  16.91463304117513
-92.856577553889  1421.520621318461  31.315548304503277
-99.52322517688162  1428.1026938115574  45.84353782723936
-106.22683051176776  1432.4173501817088  61.77475583889458
-112.70081942719267  1434.1456956704112  77.05711483844267
-118.80713444894758  1433.1534737589488  92.99180623128187
-124.81387213983481  1429.965591842636  106.69438413004522
-125.10245158807805  1424.055500658158  115.40884048323797
-122.12654926447762  1417.763914013983  120.1036073777378
-115.47348523356635  1409.2788844930171  121.9158375700932
-111.91332758436306  1399.4634830958428  125.30376728654952
-112.73372197628997  1386.2555217629547  131.16549148095797
-118.49468458084687  1370.4168880029945  140.08924864982205
-124.13600257994297  1352.9204989210994  147.82206467064506
-126.10839086937615  1334.7312095344887  151.48100745725847
-124.32864157385238  1316.9460626646724  150.81002744315413
-122.50472019753855  1298.8605601107763  149.05116246272968
-119.78595372519462  1280.376464904254  145.58207133545116
-115.56916824323808  1262.1464870169114  139.9196441711548
-109.57713545114997  1244.3250480288877  132.21457510871852
-102.83738314887168  1226.9436403406878  123.35721119015106
-95.6542505957491  1209.9741125501896  114.03177940852565
-88.31515777052542  1193.6397441051163  104.31849452675014
-80.53481240119177  1178.171391505224  94.25789492566253
-72.655272795936  1163.696442066263  83.894948394976
-64.85233696403424  1150.1559788209352  73.78222480575818
-57.295032315929575  1137.503208630966  63.99829842020907
-50.06832323095213  1125.714158141063  54.79444263416949
-43.40837345100547  1114.7454598955562  46.4857102225969
-37.42302495723218  1104.592380944348  39.170964809713695
-32.1358156023942  1095.1889733041087  33.022663730305915
-27.641856349064195  1086.4855351145052  27.820896970874383
-23.846189936956023  1078.3801009249476  23.779110964707545
-21.007449837706506  1070.7999562729333  21.1894872497748
-19.12171211916914  1063.6948683201053  20.25585467817204
-18.45743118066126  1056.9558417420749  21.21799227422933
-18.84438911544464  1050.4836627968207  23.761809642219763
-20.173250648742197  1044.1534912571103  28.154624601137932
-22.514123487715466  1037.9494650486306  34.17950880569173
-25.782645943966585  1031.8176073955929  42.04961725018135
-29.90380779706627  1025.7586910300288  51.37414644668251
-34.56778624911689  1019.7043184410229  62.03575796823915
-35.977818328325924  1014.0666872715483  70.50459625899158
-35.48187375702389  1008.881630523353  77.85538115372329
-33.48898152506245  1004.0049799576933  83.63494269722723
-33.78459615238693  999.1176859029558  92.05077025310797
-34.732911978052016  994.3547327620715  101.33070229141117
-35.68872008479391  990.0125495522029  111.11183158180765
-36.7814104371649  986.1025435872848  119.98003474715966
-37.95821927218253  982.5288189702762  128.1358864463392
-39.404151740572544  979.288052596849  135.8871619149782
-40.64341531409574  976.3699909335855  143.080463372712
-41.92591235610121  973.7948544550247  149.6232060078746
-43.00897964001462  971.4913488178775  155.38392406113297
-44.02372935287083  969.4710757217015  160.35362897537962
-44.90190448795687  967.6603228156298  164.76105304150965
-45.720107956379906  966.0876678429775  168.5878156823261
-46.477658099165424  964.6873662066514  171.98223472102785
-47.14018325454845  963.4658626756047  174.87150831017203
-47.72875483136518  962.3571231578206  177.35198821630192
-48.216951266176984  961.3806690873355  179.45983437141717
-48.6480263009545  960.5106636212987  181.24456078765562
-48.976124906526316  959.7689755935888  182.6763970508218
-49.221673757446425  959.084843016956  183.84244859204605
-49.40636832030867  958.467040559625  184.72605362728032
-49.55829069392661  957.8732314848505  185.5197768036526
-49.68589124739532  957.3657124095399  186.13936460768207
-49.772022803200414  956.9399144455699  186.69530008518535
-49.84414041528467  956.6072143020677  187.14593046448078
-49.93987612251446  956.3506788377066  187.55373944853514
-49.999976097790174  956.1808751849669  187.92602142619197
-50.07226599202313  956.0961981474815  188.2296113790094
-50.07094263197661  956.1052538647241  188.49265503792532
