-49.90612249837356  1226.6731558039444  -26.637908712942046
-49.500374479129974  1226.7231861021978  -27.049347523604315
-49.21485184379544  1227.2374090845901  -27.506130207109354
-48.936540235854764  1228.4851998048823  -28.065234498836837
-48.693103438052475  1230.6467190958574  -28.301860228857304
-48.546887936900774  1233.801521236434  -28.58127277141873
-48.56239142921669  1238.1220794154951  -28.724240528728316
-48.75741004797752  1243.6797035796576  -29.145184779368815
-49.36965688600028  1250.5979403915408  -29.326515913401245
-50.23639596726847  1258.8543329648733  -29.6591066839718
-51.43917778342047  1268.4354471985  -29.18524597523611
-52.88768776423542  1279.2040379437583  -28.036560313213286
-54.77133793111277  1291.1458702597913  -24.88522751752391
-57.289592166504676  1304.216566094808  -22.287187787918295
-60.042683326567726  1318.5073818077165  -18.54147691598293
-63.81592112148013  1333.6599254130717  -14.50965199498432
-68.11661116373759  1349.364247689893  -7.4126799599528415
-73.34991846367535  1365.2943489081601  -0.05251989704528626
-78.97270115524569  1381.099946239206  9.91009355551454
-84.70424315383832  1396.6207562572558  19.840440473443643
-91.11172813224714  1411.1233155634484  32.95096002212197
-97.63154275859301  1424.4412268322455  45.68731602426025
-104.91837420794994  1435.6885929750395  60.360556272286885
-111.97087992598426  1445.1987734833992  74.4809557934534
-113.56906877232659  1452.9013331389235  84.40125232319576
-117.29128147463761  1459.397573999132  96.13300317941479
-121.39665914243642  1461.7335813035922  110.14479607407637
-131.43429719041686  1461.2348068625108  127.1798110803034
-139.62813431322522  1456.988158598445  142.13793480630545
-146.56884386163034  1451.6066192378253  153.55837593291196
-146.98289737279333  1443.3236425001883  159.71870388412648
-143.26310767256277  1435.2022635628205  160.92231272221545
-136.19059873882856  1425.1680863452239  157.53489230323285
-132.22970605738  1414.034533780563  156.06406995609902
-132.37180483789936  1399.2606681783275  157.13441934982325
-137.28640995993302  1382.0860867958902  160.00092102693714
-141.97807778332546  1363.3585798328531  161.94619129478846
-143.13961967217082  1344.0349068666071  160.33320986636008
-140.67185228883858  1325.2651469317802  156.33760581175102
-138.27205556777093  1306.3633235756824  151.4469396687075
-134.88732947150487  1287.8677055003516  144.75459689606802
-129.87500203545133  1269.0914453384094  136.2691932547094
-123.82255331696705  1250.668266026604  126.53966599969952
-116.6028687100666  1232.1614359216035  116.24098070386694
-109.54793626272009  1214.8975845453315  106.10710419038143
-101.38030097458875  1198.6206921665375  95.37533400559066
-93.62600628747424  1183.2520529998108  84.783859519281
-85.51692406897708  1168.902741457486  74.26812842735244
-77.99093203797834  1155.564975886346  64.71136099330906
-70.92540207896731  1143.3796183819388  55.77203317948933
-64.44971355599822  1132.2856601115147  47.6265368531278
-58.595669128674395  1122.257856104637  40.09809980906995
-53.27303735882442  1113.23995649274  33.620378595293566
-48.74632233255533  1105.144608372147  28.257819178786214
-44.939083869377455  1097.885437432872  24.02083766447086
-42.158662218178726  1091.372214814239  20.86985557134355
-40.27447661345129  1085.4918591520793  18.968147748620517
-39.39275079904841  1080.0872720330096  18.715367166064336
-39.4042283540764  1074.9956489755436  20.21506049116068
-40.43120085676653  1070.1061915509679  23.32064245520749
-42.556158230190164  1065.30648581573  28.215740804049574
-45.56030573169159  1060.5463946909163  34.719988958137826
-49.33890912147163  1055.739599133271  42.913906109327485
-53.63900378677454  1050.8868025208035  52.243436977235376
-54.79227909086181  1046.278959213961  59.74064397549472
-54.00708505762371  1041.9853051718353  66.31626325928063
-51.92954894230291  1037.7912075913484  71.74633981618452
-51.93350121862932  1033.4241217039023  80.05423873594034
-52.754519293274036  1028.9365995252315  89.22431034551694
-53.745404950336486  1024.5963566507849  99.18739576655214
-55.016012557770814  1020.438955080388  108.39515474043432
-56.4793777452892  1016.401478818957  117.44658492557852
-57.97926084566248  1012.536507722408  126.27942056425277
-59.58548804904163  1008.9009309747212  134.67836454279183
-61.009381643512576  1005.5955011559074  142.3344100674512
-62.29404235515959  1002.6876304690477  149.00675185506356
-63.36638482983318  1000.1403448926301  154.87400899439223
-64.33962334040118  997.9597437768393  159.95714200299395
-65.2170941522435  996.0842129711433  164.3579553078366
-65.93797241514375  994.507151970696  168.0708891534672
-66.53541288659765  993.1719926975445  171.1413102892192
-67.0142904530274  992.0328445386067  173.59076696848865
-67.37243015592668  991.0547513693539  175.4857942152507
-67.60712775786737  990.2097373184181  176.9658319917828
-67.60119620857036  989.4980528618274  178.01833907727607
-67.51021930774868  988.9235223482187  178.67024156775219
-67.27611073539256  988.4909548045531  178.82680422756883
-67.0607288956882  988.1845748377964  178.72823263495386
-66.67216348815839  987.9918090213517  178.3242286874167
