-64.0067855394438  1362.1483822443745  -53.7770039843082
-64.5376853915342  1366.3939724854054  -52.57294059908871
-65.21585402183314  1371.4945888764244  -50.89112065501981
-66.08904287611395  1377.4095119975748  -48.98861319625941
-67.24942314237613  1384.1218198858128  -45.87186065375733
-69.06624049641266  1391.4770344361991  -40.836217623554184
-71.61468761603376  1399.252540960177  -34.80872551595993
-74.5776932690962  1407.3588870195233  -28.999683518068835
-77.84945417500408  1415.5888742874108  -23.037035763449968
-81.73948958736536  1423.7138320736403  -15.169854146848781
-86.04981664298901  1431.400871097119  -5.181323445985213
-90.90977141131106  1438.5409506797337  5.661769576210909
-95.94910688572071  1444.7082206446785  16.715472462732265
-101.79333483779877  1449.6353717228228  28.2333075853324
-107.9138674206481  1453.3187714022495  40.490325503930194
-114.38161714980845  1455.6035700683253  53.39268546027757
-120.60020846316087  1456.4841605647262  66.09769882356042
-121.5151708446421  1455.4912868003503  73.9512553544791
-119.3548834645073  1454.2583200698093  79.19611590344746
-119.77689123034587  1451.3735011131826  86.13853578696184
-128.42638020655806  1445.704354827049  99.37653294734079
-139.1791915886518  1436.7301279218896  113.8161461957237
-141.26517935433813  1426.286973841535  120.29561827349411
-136.78639619930013  1417.4627972216833  121.04181051337099
-131.09649443177426  1407.8315818656674  119.82120077711143
-128.85245076945282  1397.1845294597279  121.14978140088013
-127.39721880856465  1384.310588788813  122.26558745757254
-124.87908994542875  1370.9123588971786  122.03769792780365
-122.03379689431507  1357.287269529134  121.08829663459233
-119.17793198119195  1342.8002535675653  119.72207427474501
-115.47701354986916  1327.9718000303023  117.21576721194921
-111.60353289742119  1312.6812213516241  114.02399793833284
-107.36848690852825  1297.4961504219755  109.80701362342788
-104.1545547789157  1282.1776118625753  106.1493048353809
-99.70080301449077  1266.9563546542552  100.55530973547948
-94.93454889365313  1251.7549422900915  95.04640104307128
-93.51903593662612  1236.8675725725652  91.81718220946156
-95.05893394152675  1221.6054164751831  91.24650952460264
-97.87034219565156  1206.8707872318337  90.86767827787449
-98.07742287274354  1192.6144091529911  87.96563289568618
-96.76158248002514  1179.5672284653333  83.49689213446203
-94.61110292832164  1167.1732892372384  78.28744638026087
-91.39399755228358  1155.4757663203225  72.19314327661078
-87.92543737862817  1144.520460050965  66.2428263706118
-83.82649965150026  1134.3385941533563  59.45100688220396
-79.03753174884484  1124.981042278402  52.28150550551868
-73.46176678244731  1116.4633440050357  44.06492703940076
-67.63821501421302  1108.6794508510102  36.11200687179324
-61.701577071954205  1101.550011417346  28.00851407119105
-55.97326328361996  1094.9364678381437  20.60576179626346
-50.66741211263491  1088.7985770487423  13.8496197855209
-46.030766658108675  1083.1191438950348  8.17003882052118
-41.87458151756635  1077.9051063812844  3.244691293161229
-38.182453455485515  1073.093188322569  -0.9482724666677722
-35.03084812842693  1068.559985435722  -4.529605533900124
-32.4300187340278  1064.130712635419  -7.064110700170573
-30.404943686701905  1059.6576670837537  -8.753671698382007
-29.036241565276057  1055.0308574823434  -8.901937263244907
-28.389861321239778  1050.2899013699757  -8.255571770295674
-28.57821867945906  1045.4686030009018  -6.08088284574916
-29.393763123338076  1040.6739551965493  -3.1230930097302894
-30.81016704700186  1035.9285355166905  0.9545360140747448
-32.60260384203936  1031.2755815708074  5.675271390631838
-34.81762375163476  1026.6831845818656  11.135638472366432
-37.47446455543414  1022.1028999833518  17.440258502699194
-40.568806414931025  1017.4674983561581  24.601861796255236
-44.12384357638014  1012.7749400011093  32.65473427200343
-47.925482767552424  1008.0524930616614  41.316691304244515
-48.444930383241555  1003.3192707480183  47.4744212934461
-50.44076889969241  999.1166477687873  55.17445183358106
-49.73178253647469  995.0337406169668  60.8780952186913
-50.74012916104265  991.1060821495678  68.33758031837081
-48.89639366381297  986.8222174181253  73.10962488666672
-48.52468105318929  982.6540885876832  79.3319537407195
-48.911484527557754  978.6261333176412  86.43214824975367
-49.38488761385342  974.7243127612478  93.92234655177525
-49.92377937743201  970.9295917792832  101.18315046841076
-50.32167927948068  967.3041217329976  107.51672423716573
-50.74001379393915  963.8766747723566  113.6437366559781
-51.098256636532874  960.7495567954409  119.04552827038543
-51.31311052515477  957.9363697301658  123.6991070229644
-51.40161488906744  955.5219731012807  127.36636083186306
-51.339789953021864  953.4197170165302  130.3781883772946
-51.14142241221452  951.6356526769717  132.9597263948107
-50.970940426998936  950.1156324150487  135.02115386216477
-50.8201815258072  948.9275781174997  136.5320720611372
-50.67555215088875  948.0413979159165  137.53167394090877
-50.4226209336164  947.4373585177459  138.1216755795395
