-101.4146687916871  1378.6751317597075  -21.365191958073314
-102.54817560667269  1387.844171395026  -17.371623985467227
-104.66432474755197  1397.3066760008  -11.568984549780824
-107.33761366488969  1406.7327955379606  -3.9830342077429295
-110.4195237710524  1415.9962369987434  4.52540076648709
-114.19122707273172  1425.0244014615296  13.389285133177848
-118.94901060786232  1433.6371101742573  23.255067644584244
-124.261324983011  1441.232346271661  33.96685284834068
-124.23769963744338  1447.727692555519  41.33920808560586
-126.6800308215126  1452.417060932714  51.61498159102446
-132.09171045282014  1455.7314076744603  64.88301269409165
-137.8361043753312  1457.8053959510764  78.32460582670588
-137.5789115962648  1459.3391754231789  86.64537169322107
-132.2327860166715  1459.2067290671187  90.5989620175811
-130.88169361095  1456.6801336310684  97.77343688407801
-131.3949980221297  1451.5823302183628  106.2359041082097
-131.7976284995434  1444.7790705363507  114.50789006622448
-131.42775534319492  1436.7177798595098  121.3149668461643
-131.2128351865612  1427.1519679140513  127.8334137402822
-131.9131369577974  1416.2769102699178  133.48811770561986
-133.19905300115332  1403.7314698497742  139.29232093331257
-134.37558331103128  1390.0502873037003  143.99645897395044
-135.06191906871726  1375.240801899619  147.95024430616616
-135.85504773753257  1359.7908546546328  151.3983354730414
-135.4586040329665  1343.2886279972056  152.84761580682382
-134.70389415564387  1326.5442927131164  152.5436576007243
-132.8558654718302  1309.1584080710343  151.08377382477576
-131.00801757786755  1291.973073166951  148.62554587644144
-128.5082117469801  1274.3635820753675  146.28931607272582
-124.26801262316104  1257.1589855029595  140.92882489768638
-118.99344469693534  1240.1168051911786  134.6114949090442
-113.22968413959677  1223.4436567509365  126.86140732258417
-107.7987609730676  1207.1548378359241  119.54869450981026
-102.1197690224676  1191.4617709195456  112.00009096398136
-96.17237605690353  1176.497357025068  103.8680800753883
-89.17953211112135  1162.2528034653317  94.34940847260104
-85.53093141289462  1148.7275032496004  87.20085591804563
-83.31808407205685  1135.8451590619336  81.24461130497832
-82.90414877193051  1123.9604742151848  77.71799377937435
-80.33671474061336  1113.2152871271398  71.72437713129847
-76.46494282607709  1103.8175533898989  64.82483757578723
-72.17427460294657  1095.5107971304697  56.71546146368551
-67.05227437670305  1088.2218588655785  48.96209066939049
-61.76493478978382  1081.906033841034  41.00446265244201
-56.371229167015485  1076.335291294265  33.51388576157546
-51.212887470315756  1071.3353543151557  26.62402045286009
-46.75686767584559  1066.738954430813  20.9058373749942
-42.659128059957965  1062.5355990933556  16.019632613907785
-39.16533114536483  1058.581016621828  11.834330981972442
-35.87827450231245  1054.753989469427  8.357762648163746
-33.13138320047457  1050.8788517413225  5.620993633987282
-30.91526918236943  1046.8759639195932  3.8317625316281805
-29.221979183184907  1042.6477526056908  3.130867613707429
-28.142314917338275  1038.1879592947328  3.2658600636823847
-27.563053373209957  1033.4877646288458  4.664568823896128
-27.565758982072143  1028.553459023773  6.800216533362676
-28.22689682977184  1023.3360549340794  10.3446333207846
-29.54017653569714  1017.8444663108901  14.770356794429153
-31.618727829761166  1012.0535592740403  20.60444506701937
-34.25287006881403  1005.9963705214537  27.39042706743649
-37.481497280764536  999.7178837580295  35.30526434787904
-37.68332631810109  993.4248468498116  40.957907574693586
-36.17585787914224  987.5361945892781  45.52092241893221
-33.399674172072885  981.7945318740766  48.51581037199509
-33.05301396486185  976.0156659490812  54.39703666011705
-33.62955920186782  969.8531241275347  61.844209671702124
-34.645525192005735  963.5889729237227  71.03506908718
-36.07034830124382  957.4079436829616  80.4318285262408
-37.915566729006514  951.3667648196721  90.0028805396544
-40.09735629862321  945.5530251878716  99.60649431061182
-42.190806215343386  939.9919050927203  109.01119901692363
-44.19224196702783  934.7406427133686  118.17464643507634
-45.984074438905594  929.9394014370744  126.75758860356339
-47.573852081113316  925.6647736563385  134.6674886132287
-49.01423112512667  921.9774535109217  141.6925396224255
-50.168257665939606  918.8268401763029  147.8098827864022
-51.08199597226413  916.1290520617507  153.03386825758702
-51.769196597918665  913.8367619802984  157.46867661040085
-52.24454168029529  911.8754814232014  161.30505354875552
-52.63805900519304  910.2336923940593  164.60674291569637
-52.80471186520134  908.8916485044516  167.31938145235523
-52.95304014010907  907.8158770454702  169.50897409809937
-52.90555791108968  906.9854826684352  171.1993010781634
-52.88044882523605  906.3535677544523  172.55511038663374
-52.73402121835365  905.9122810458587  173.56680624136854
-52.61617786999873  905.6193833773335  174.31517415707754
-52.4361193705984  905.4660764864436  174.7640319951678
