-80.86321579103918  1231.4120058603448  -48.15105160715066
-81.06178829525996  1239.5484362771183  -49.92042144665
-81.32301978835946  1248.860902683863  -51.42511901134269
-82.26700818305844  1259.1375467867883  -52.079910341941684
-83.49375333302231  1270.2114208605435  -52.09933927382955
-85.91564704884242  1282.0028890585822  -50.75427546011433
-88.81748458106782  1294.3255244583618  -46.80704144173478
-92.94208661679379  1306.8137354810171  -40.02003652862038
-97.6547199703481  1319.0893895806616  -31.430508593280088
-103.63908519375931  1330.7748824298958  -22.32890899969739
-110.18213667635143  1341.3639526260647  -11.50821850293087
-112.28483994229005  1350.386048072  -2.983332320782936
-111.33551783119283  1357.7389510237049  4.660287288086042
-108.70403596736772  1363.764502966541  9.798407265174344
-109.11188715449518  1367.4317171397759  19.24022255998115
-110.94645518083715  1368.2178839785108  29.664794661190964
-111.30996075952287  1365.1949753975666  38.588443994206195
-111.92992461167695  1359.5169538132623  44.12912681482984
-112.61097545923748  1350.503654161957  49.43276745879781
-117.4600497707212  1337.8348605613842  55.411923834563254
-121.47660478524945  1321.945915989085  60.948394587636
-124.37823598580098  1304.232069990407  59.33474712531664
-122.34355351408576  1285.5100068145118  53.53851260264294
-117.97643081438686  1265.606775939668  43.76901840736958
-111.58436948378053  1244.7943161618819  34.01122827594105
-102.88011719791294  1223.894085611944  22.483051831113276
-93.68256687449588  1203.5431068148016  10.313587030297933
-85.11352792308274  1184.260086417851  -0.05305279407940411
-78.85004584920738  1166.4560213682685  -7.649962499919697
-74.64249572855994  1150.1571770468436  -13.238608863330857
-72.09078757165736  1134.9549971574638  -16.678564568239842
-68.47300086837541  1120.0786486006534  -19.575138899408984
-64.97824274261035  1104.443453823885  -19.73745414062235
-60.80272797005131  1087.6060934996394  -18.245970496440215
-59.4839176101568  1069.4602475160607  -12.599384683505281
-59.52148997035641  1050.6463275747128  -4.8293165360270836
-59.859933270193785  1031.699707626869  3.9638421554995107
-59.98532638292109  1013.5495112551458  12.146565912363073
-59.55319483795993  996.9230734340535  19.22063904398625
-59.47842957144851  982.1670609258554  26.015794111539556
-59.44057750410997  969.2995638520797  32.24040671092017
-59.314618195829155  958.3113283867506  37.81691211678857
-59.17052181153359  948.9988134817356  42.3389923619497
-59.02679724011014  941.3870050100594  46.205750668148035
-58.90343916537891  935.1350402070601  49.49212924616825
-58.67021536462022  930.1421563672108  51.96813438799684
-58.403945722184  926.044140431602  53.63102009763142
-58.09343541297836  922.7437644372085  54.47571084523677
-57.823528738158956  920.1190020566427  55.094284905647655
-57.53125661291506  918.0795191874656  55.43451643533511
-57.25948313760708  916.5225378100163  55.76352358398098
-57.02450385923043  915.4063304903669  55.842686858479
-56.85708793886124  914.6678367477126  55.896050328584934
-56.7124528483466  914.2710357865255  55.92758995150346
