-60.344276934478785  1257.0384900949164  -71.81452950316991
-59.993271714955796  1258.951246240356  -71.37946833774768
-60.764586594612354  1262.975977344609  -71.01559946496273
-62.1466353560951  1268.9837846472797  -69.75053569494804
-65.71421797107078  1276.618588225382  -67.86994545833727
-71.3221923214016  1285.4014483190679  -59.9765130261457
-79.08242399476696  1294.8733430970867  -49.49140194776768
-87.32733202974335  1303.5664739541783  -34.52387414902018
-90.51231914663471  1310.7742704053744  -18.778915109527368
-90.93166358920216  1316.338956125136  -5.317399023849774
-89.58489933834359  1320.5075208626054  6.23207962421116
-91.01176115296136  1321.8650330555474  14.46631833050577
-93.18556926648566  1318.3550318003554  24.13208592778995
-93.61374028045344  1311.7477515311275  30.008242843641217
-93.47193387530577  1302.3001991718463  31.52390883778729
-95.55029501263121  1290.7763545526855  32.936414695491926
-99.99392421019843  1274.6463712639454  34.618261329402024
-103.24936021149368  1255.3345260399951  37.017521329264056
-102.20308979055719  1234.09252531995  32.41136000444831
-97.06027495978891  1212.4418470435526  24.0522246495492
-90.29355164808366  1191.0254780275159  12.383277001019442
-81.78158535251524  1170.4693809618698  1.4661040392103786
-72.34903499530482  1151.2728946741104  -9.581666247063577
-63.46033823703123  1133.2082907533747  -19.21669094410453
-56.252605802215484  1115.924286432553  -27.049143312673635
-51.2807504075188  1099.2024251061778  -31.212833182951492
-48.6035952336982  1082.9506859910107  -32.40896783094786
-48.178550834471075  1067.1087978696532  -29.553980189717635
-50.72040381436685  1051.555929519096  -22.736867932549394
-51.8977351365338  1036.3065818648115  -14.512677556105002
-52.21640986582359  1022.1394637938436  -5.73744033653392
-51.28287326686169  1009.1294223798018  4.063596769268274
-52.10830989600712  997.4146194284008  15.710181344295291
-53.51195909119913  986.386992123244  28.498092286046905
-54.74967028205316  976.2525899487628  39.79296493837144
-55.953297925243085  967.1279522092567  50.655431500180995
-57.00086130767052  959.1782295111833  60.70051210477036
-58.06949700027162  952.282594152606  70.05012027170812
-58.87286166955469  946.3395672431318  78.03089263763474
-59.42013149184913  941.1611116331177  84.81244018158321
-59.758446205573634  936.697001843662  90.58086833698468
-59.965632334364955  932.8524774229627  95.49327356658513
-60.10991158770176  929.5582496619351  99.75201749931199
-60.145783786130515  926.7921416006011  103.30692715276247
-60.1478979257025  924.5480365202849  106.11653834215343
-59.95826372993417  922.8078246311807  108.23714186222472
-59.76631754547923  921.5150174796206  109.61692980287971
-59.44703632186852  920.5832449867028  110.51379558241652
