-51.98205227977785  1242.6220144936942  -12.575741070379559
-53.176662434153116  1250.9865550893257  -12.253427874473124
-55.659271628880106  1260.2259612426046  -10.577522778094451
-59.123901388697476  1269.7610617512955  -7.351551128121498
-63.48505594170756  1278.9066362859965  -1.79508720173679
-68.49579045915202  1286.9227036078646  5.572500243399322
-74.27937935657378  1293.407339747136  14.631660407621682
-80.22930759687637  1298.557025329362  24.569376817883533
-86.31843559287589  1301.7100708402068  34.985118267380784
-91.8417617433982  1302.4644094763207  45.27849956681857
-96.60439215610953  1300.114293625111  53.81904178788798
-100.36582346197922  1294.998867377267  60.80439023094906
-103.41887710015489  1287.1892083310333  66.46549770886499
-105.12399110056472  1277.1595187062424  69.91845469523767
-105.5631006952758  1265.2112996894966  71.05744324871978
-103.94419143926054  1251.712523466144  69.38489108395743
-100.67739247465441  1237.065639696273  65.86662812096613
-95.0894664762388  1222.2387362361485  59.638442107218246
-88.24434789824929  1208.096639724288  51.3441990570124
-79.87890737295984  1194.9242548515438  41.53248397723425
-70.66301320767035  1182.5230867467997  31.05627606829856
-61.19848904122158  1170.7780946568816  21.333585228841198
-53.29989683704249  1159.7108015269578  13.27942021107558
-47.36496946964294  1149.3940346883087  7.183599224057746
-43.11711417856715  1139.6626715588116  2.417728307438416
-40.14305705426806  1130.30937364722  -0.6848696200360638
-38.977306447592774  1121.1205345097726  -1.1851044560778905
-39.89986662338918  1111.8410769913837  1.0980152083072237
-42.67138084668252  1102.2377364244371  6.3585933329611795
-47.13613476881246  1092.293899141453  14.56264597157411
-48.48082509259313  1082.2108775892832  21.38065367959107
-47.818389847383756  1072.751228082041  27.404681467044462
-45.32383645985763  1063.8345522785748  31.723440332434755
-45.33759084566619  1055.6033366894737  38.7879299729507
-46.15817259553915  1047.598636722603  46.929897552949384
-46.94695001137998  1040.158697670247  55.3300665006213
-47.76030184497834  1033.3319664303676  63.03266885325007
-48.60729384467767  1027.2312049739082  69.83375165152577
-49.56737283028016  1021.9370109358249  76.03558556641215
-50.298780328356905  1017.4121224041189  81.33895376559484
-50.88556179495913  1013.6097104580584  85.76793454217552
-51.41567983040653  1010.3814476815347  89.6332492973698
-51.818318766085056  1007.6884519004307  92.80588747788475
-52.165907850010974  1005.472464172496  95.44729195617963
-52.386124399352326  1003.6110545770798  97.61381775490057
-52.604586619164245  1002.0178423487  99.24451887856378
-52.752795765158645  1000.6100213350301  100.62414567061231
-52.90250290348703  999.4277355417171  101.58441271726764
-52.975054243904474  998.4294009968778  102.52271962219051
-53.06512701726225  997.5590543499256  103.25208308044186
-53.12145451906154  996.7808680715314  103.89718124613452
-53.22399359382897  996.0974625368852  104.42296154208086
-53.237853991052894  995.5078864371172  104.85410602601443
-53.260538961318694  994.9956765490423  105.21811768960775
-53.218919218155506  994.5020772430627  105.49725494803492
-53.22855451434719  994.0339751047048  105.79217955648406
-53.158178461797895  993.6076109838515  106.05939965777776
-53.10223329431402  993.2571289147222  106.38288957848985
-53.025030031661665  992.9686829744228  106.6963593975493
-53.028250515174534  992.7500925275954  107.04045429854197
-53.065144727161915  992.587057563162  107.44034406110536
-53.113705503763754  992.5023203704693  107.87145962418305
