-73.03789075561154  1199.8254675123728  16.897816187733568
-72.92323631617697  1202.662490074889  16.12868516083608
-73.1509765029983  1206.1876194883753  15.505875649737359
-73.85780868384751  1210.409714835283  15.124873941324202
-74.94489386693076  1215.197288217725  15.701279773977642
-76.60483139069562  1220.5378350160806  17.306179589201108
-78.97011172008115  1226.3601809540442  20.55225238938455
-82.51087289556916  1232.4277798139387  25.487744042953107
-86.62317769464052  1238.306399854634  32.115346717105076
-91.14308594598964  1243.6216854820527  39.767663689077686
-95.64463870587201  1248.1173851400938  47.956512928465195
-100.29503337026907  1251.7729851555955  56.7590899708732
-105.16992482654256  1254.6786606807896  66.21314204355929
-105.33263238041422  1256.9685020391457  72.19265935613505
-106.94363537238594  1258.7436460622098  79.4737146547638
-104.39318619131048  1257.9202286347293  83.16418738484957
-102.11150668949028  1256.2955028215588  86.70866200439761
-95.55403682314294  1252.7470050298043  85.89406141483816
-94.808780994593  1249.044585573431  89.07569016437303
-94.39122772761533  1242.3062085152164  91.55015792165277
-97.27887653764401  1235.4174413218425  96.16717940813889
-97.53494646374821  1226.9202179077315  97.95419895011257
-100.65060750193669  1218.6742322935033  101.31981602535818
-102.2028231961609  1208.8518107014656  102.59288889854818
-101.97599002604439  1199.2999763424698  101.67713538875758
-100.54350609069178  1189.6396723208766  99.10234995886441
-97.73221578482274  1179.9776136957557  95.18647740270512
-94.48650044995706  1170.6534131692588  90.12632458427919
-90.62969081845961  1161.5869482787284  84.45197552914432
-85.64170739624694  1153.1180654758862  76.73631248296883
-79.86357819252227  1145.1375641175632  68.62086511974525
-73.53318558025107  1137.722363092149  59.64749061485533
-67.23201642967962  1130.8060692666982  51.179715416374115
-61.40450930214494  1124.3412887788782  43.206798945385984
-55.911855862605606  1118.1812438413967  35.99536499741619
-50.83904279590044  1112.1758036370857  29.831304530472103
-46.420388246322716  1106.248721077026  24.679768034937965
-42.76967645458167  1100.5051658251357  20.569808249948302
-40.30720245769442  1094.9703528949403  18.167147447895065
-38.866145227138105  1089.598285909448  17.409757007583707
-38.59916964770467  1084.2132036679545  18.782706371354642
-39.2658973791802  1078.786191171813  21.47275713896496
-40.88251177078739  1073.3696874336615  26.074632276968337
-43.3601918103131  1068.063215134727  32.19510890534584
-46.677603604390434  1062.8430854147005  39.980876337527185
-46.85441377654698  1057.661547852857  45.67236012877012
-45.21943298015226  1053.01810337597  50.50925384844706
-42.164831399023775  1048.6439924014894  53.979799062132315
-41.55926814942832  1044.600505522468  60.41960491027781
-41.77781325431773  1040.3773793209355  68.0752135358943
-42.22023711680864  1036.305591059215  76.7482613106902
-42.76959911246634  1032.4097589600096  85.1237465834302
-43.633932879005606  1028.7276909080147  93.13108817530312
-44.56857218900333  1025.3154282213304  100.84081931444946
-45.51594481895021  1022.2137185586881  107.92016111497091
-46.31207576452926  1019.4594984634073  114.40019831235549
-47.10178309549434  1017.0539118889313  120.18004293756364
-47.77030428087284  1014.9617310050464  125.27964248183034
-48.352086362356246  1013.1534735171755  129.7396480201462
-48.82372314965036  1011.605710429156  133.6172191083583
-49.23836075348788  1010.2870437879644  136.97365635753175
-49.60614084585771  1009.1541416410341  139.94242861317878
-49.91414754902813  1008.1688266100472  142.53018682263067
-50.163501582547546  1007.291241685672  144.7797392402307
-50.35646423507146  1006.5273080192342  146.6981756427413
-50.499754745749094  1005.8768327179939  148.32381520953913
-50.661732307281746  1005.3509688342476  149.77059319104004
-50.77262733370975  1004.9201222333994  150.9762468882727
-50.871626166169946  1004.5956966863184  151.97908064647797
-50.90368592662274  1004.3522535613992  152.7749845722589
-50.97792823181666  1004.2192092541699  153.4263713134486
-50.996492151950115  1004.1440063211919  153.95177582643726
-51.00155805440866  1004.1783735070599  154.19627365586194
-50.97362858199601  1004.2714674162675  154.3632057518106
-50.90392879022427  1004.4669012575109  154.32459513997716
