-71.89863984311606  1340.837006130458  -80.04727401115213
-72.57378904187316  1345.5885769626211  -80.5501584864607
-73.72037738107694  1351.860570821906  -80.55438520862864
-75.22773849852867  1359.6476870099546  -78.4908190623629
-77.49165665751404  1368.9050551507723  -75.18230433093667
-80.28382667776361  1379.4905495094638  -70.55111294994262
-83.85094578209456  1391.0478674318397  -64.43665464229144
-88.13533299962222  1403.354816240492  -56.230477999270285
-92.8455463269404  1415.8399469178153  -44.5076979731005
-97.66522480549185  1428.284666906298  -32.304659511942695
-103.42980207398907  1439.9667683757386  -17.745047134568445
-109.38299274851724  1450.6697207340228  -2.510305407646671
-116.5301973693201  1459.7285211467959  14.733165246683924
-123.58448791553235  1467.3980842600838  32.9280686524282
-131.08193686410635  1473.2615889278675  51.120246480619286
-138.85028712143313  1477.1139479305637  70.78170222968953
-140.82716150236365  1478.6945828749167  84.8026446502218
-145.13905572159445  1479.7038781425283  100.50674465745534
-143.78193270312875  1476.8375352669948  110.60445833380177
-144.1878487703283  1473.6336291428586  120.34995829397347
-139.84351174298104  1466.8591091697326  125.30696102064275
-137.64483388317453  1459.8778418246288  130.2147439945119
-136.5579424620259  1449.460624193343  135.77221891254814
-134.8185136952048  1437.151629949695  139.44253319443476
-133.05360756921434  1423.6644792850323  142.1822894270139
-130.84285991907507  1408.8292855528039  142.41094706864394
-128.49571969108683  1393.1845701006878  139.51392032464406
-125.72693041707586  1376.3722111351951  135.5259586159106
-121.1522827864571  1358.8930345029266  129.7817544538309
-116.85913454786366  1340.7885725720807  124.46582223625543
-115.55263073269481  1322.7360842329617  119.77425327491063
-117.04679399064729  1303.7245965679815  116.42443889444397
-119.06754929371733  1284.971962376393  113.61150184066894
-117.88187591111003  1266.5261937815428  108.29624180626372
-115.22664177044165  1249.6228386913701  100.57902225656782
-111.66782803263891  1233.432921956281  91.30080988410688
-107.5147843748194  1218.1418891716962  80.7811368352564
-102.78142392284093  1203.8048632471605  70.77363092785797
-96.84844687648138  1190.5665758560062  59.5780516262566
-90.73519212215278  1178.3219111153142  48.655067228755705
-84.00849641611667  1166.9378451683071  37.09087900027919
-77.42351271405138  1156.4526855698105  26.256510702300734
-70.8249116314554  1146.844560119575  15.636044560681277
-64.52509134503221  1137.9861222286265  5.984989139784192
-58.58590977860106  1129.702765525204  -2.941401421024863
-53.02857111065709  1121.8979473264403  -10.957659627247436
-48.23786700997464  1114.487497596207  -17.487640205688262
-44.31223195321505  1107.3608615995065  -22.675998569186888
-41.275897118435005  1100.435186784498  -26.16535733542041
-39.240605402610356  1093.615094853982  -27.889931894820982
-38.22007182436152  1086.7992985200792  -27.574343329045497
-38.51823853857457  1079.866504919284  -25.033394791770252
-39.878928604649566  1072.7961433346688  -20.607869377530506
-42.19785906107888  1065.613053551564  -14.141297353573457
-41.74027380390937  1058.4117993974473  -9.018407230842588
-43.42939441657173  1051.4296749653804  -1.00626144784529
-42.837933896848014  1044.505922021043  5.890141256054737
-44.35271976975719  1038.312324158763  14.183255387032862
-43.229732704458144  1032.4343442617746  21.608514670103283
-43.574265878630555  1027.163025600551  31.538382579312874
-45.3240220598457  1021.902335125939  44.51732018058231
-47.51404516369245  1016.9625638960089  57.77178263413576
-50.425926822048  1012.3659591303796  71.33059818139589
-53.044948328584354  1008.1015822518317  84.56839478069126
-55.81841540660013  1004.1767882505887  97.58188229451476
-58.50650634759633  1000.5535110818436  110.033414758915
-61.12652050856516  997.2279093263315  121.7616778312066
-63.52138580167424  994.2206150051219  132.69310098084043
-65.75009854912753  991.5169219894647  142.78018133077103
-67.66043276419542  989.092786956669  151.98847589953098
-69.38256877764483  986.8992342949289  160.213301350158
-70.82767287827589  984.8825184465645  167.53756842406338
-72.05034598698974  983.0259045865936  173.93511974817048
-73.08736129140418  981.2878220342776  179.57374459408672
-73.88907521231376  979.6617495398792  184.4005775020012
-74.50629308082856  978.1406986127805  188.54711832730996
-74.94580099372652  976.7127904025119  192.05049826195398
-75.30221875815784  975.4015968970053  195.10799089794028
-75.55254329205385  974.1686409358068  197.76493666666153
-75.74636991713507  973.0546082984981  200.09777286323336
-75.90386038023773  972.0290643933254  202.1022715021374
-75.95590816766388  971.1425926158932  203.80239533649083
-75.96251556440606  970.3675685175662  205.2364887208079
-75.84505741518709  969.7115884076362  206.34484782366636
-75.72847318057873  969.156332935365  207.22155953079198
-75.52931571350918  968.6934291399732  207.9403397392368
