-61.11001252452234  1308.6172904087969  -77.95610257127703
-60.583175657690276  1308.972415162667  -80.6392557522666
-60.26620476319567  1310.1445228761265  -83.17203889539925
-60.20941138993684  1312.4034513585093  -85.01809149634559
-60.43870743639732  1315.9209346943899  -86.52223154830911
-61.16702572146781  1320.7710768125614  -87.9280255641997
-62.184445746086  1326.8969501130318  -87.49650450081504
-63.40612150713545  1334.2713669818277  -84.71406137563358
-65.36848560012793  1342.79300999504  -80.27239368566288
-67.82436987640182  1352.3242048246063  -75.40779983432753
-71.35322893140238  1362.6426760908835  -68.74400262007983
-75.4218618326442  1373.5474135006737  -60.96685612706486
-80.13736534346397  1384.7848089241288  -51.594581567846085
-85.60754769800504  1396.0258891669166  -40.790574341872656
-91.20351796023967  1407.149374063401  -28.35942817389887
-97.0112514707194  1417.8219452182502  -13.186927103845287
-103.56068303813402  1427.6687663591713  3.542780710684033
-110.21736193882026  1436.1164354664836  22.139295940402647
-111.86481876323978  1443.2813387842778  36.62851400393374
-114.75327502139413  1448.8885137364482  52.42145848465954
-113.39203596653844  1453.748609320579  65.06522791072933
-114.24534287226584  1457.18591264587  79.42591220942617
-110.64780414840729  1459.7216871817072  88.82103270926893
-108.85721311210568  1459.7362405211102  98.8993180866272
-113.97456318696393  1457.6977079257142  109.1292705500889
-116.71821647328514  1450.6835571993727  119.07446955826757
-119.40432888037849  1443.8950131842219  128.38993413920983
-115.70316900639256  1435.0032007515158  135.4755112554328
-113.64427367614074  1426.873777447742  140.9655735737033
-112.29054140289512  1414.956094563571  144.7833680095878
-111.20117430488651  1401.621655393303  148.25192394202514
-110.57103997133667  1386.7514551675442  151.36318073999485
-109.29959510770644  1371.1709229154596  151.311744065093
-106.95427999537068  1355.1143506859526  147.1726375413005
-108.25381847277443  1338.6165098407284  143.94147053725015
-106.85290085650934  1320.4398992503734  139.06073685320797
-109.06466955046217  1302.9242422325071  137.4772927171058
-108.36305343535287  1284.7210906156276  132.2949632142447
-110.3165898825587  1268.1985365781486  128.97062335788866
-109.52391724345719  1251.0966098146732  122.28665183496216
-107.01265015229252  1235.3951848114164  113.83968212217616
-103.49585228301542  1220.3544080065467  103.51914240579718
-98.62201312458458  1206.1503162283016  92.3624597418836
-93.17675671073856  1192.9016694298857  80.81901843283848
-87.21207868926105  1180.4349485363527  69.0809553347072
-81.00252374498652  1169.0064783765627  57.42097752217532
-74.62501756907326  1158.5834900722061  45.93637844717522
-68.19033897983051  1149.0338128304136  34.860570184847475
-61.884770461736245  1140.1447374056777  24.472406365217964
-56.24482705561095  1131.7716459026517  15.495910856765402
-51.41765628890469  1123.893070573439  8.041799172022674
-47.40848751314446  1116.4696695980485  2.022114128253591
-44.00466738115336  1109.4604795387788  -2.6618780366116113
-41.52243299381871  1102.7867503773246  -5.469524439293997
-40.008388279079014  1096.3571144987802  -6.477483164857993
-39.750316307012525  1090.0639980732963  -5.113153936310917
-40.51658055927601  1083.8753765107786  -2.089261199852616
-42.31506344004246  1077.7527398748698  3.525486884134108
-45.179578947403584  1071.7245599168812  11.149689892977324
-49.2370376916017  1065.7512111093258  21.39959080951124
-54.37678924316703  1059.839510685644  33.6192654313074
-56.44862229768635  1054.4281497621876  44.57476597725969
-56.43463992123763  1049.5757714186136  53.431632999398715
-54.94801524701204  1045.0986003615815  62.7057737638068
-55.56949747196309  1040.5853304171692  75.04289862266047
-57.28587403825826  1036.0637703306495  90.11657334930413
-59.224307372019666  1031.810202786275  104.73824558905373
-61.373791756311334  1027.846134414286  118.64074429052798
-63.518616110695554  1024.128167288745  132.08020070191913
-65.50860384365599  1020.7201881546407  144.75822156918318
-67.6128506401176  1017.6329328718247  156.69439443749854
-69.43094459035002  1014.9504594394715  167.39072707352284
-71.12180430514131  1012.6550827711211  177.02123225908147
-72.51343312374507  1010.7250275657254  185.29806450515065
-73.74329962537627  1009.100991350348  192.45001623055458
-74.88357766059129  1007.7170567498113  198.544631188226
-75.87182335065049  1006.5600909845596  203.82211953206695
-76.71937507068806  1005.6151186776957  208.25897983938498
-77.42280372888139  1004.8197156660175  212.01214766192288
-78.03846074202345  1004.161369178554  215.0679193065194
-78.54602444410433  1003.5968551570796  217.578212191015
-78.97045113579347  1003.1407687079883  219.49573356636364
-79.32035273393635  1002.7585534234169  220.94481782065077
-79.58669012934237  1002.4616702666319  221.93639256830897
-79.75151039814999  1002.2082208417087  222.6419631816072
