-77.42054903690337  1303.1398282502278  -49.70615944515665
-77.06294214937421  1303.3474423434218  -50.73923013339376
-76.67902838124833  1303.6991549479055  -51.667530730452405
-76.28422176250402  1304.2245100179257  -52.48180126754724
-75.91163055436853  1304.9743549579007  -53.18450537176892
-75.5548061105498  1306.0236363146726  -53.95299730603987
-75.24089236975561  1307.4639248227281  -54.67157641365027
-74.95622358480328  1309.4268226326417  -55.24244063618234
-74.80493151649766  1312.0682435932335  -55.66022187439857
-74.80728823574685  1315.595160290147  -55.494584325255
-75.26242050841915  1320.144010956678  -55.152812881940754
-75.83697665190283  1325.8067077869287  -54.604667328928365
-76.70080781217122  1332.5869806574538  -53.69275319333813
-78.02528421559222  1340.5404754105552  -50.8295259504826
-79.65940892797903  1349.7105668877205  -47.4945612099931
-81.94066863950805  1360.0005927124168  -43.44779344558537
-84.44466640589415  1371.1389154318845  -37.87751446229094
-87.38714050014309  1382.8796413875039  -30.560155514586267
-90.89271608613957  1395.16899897876  -22.266942179742284
-95.29294131995799  1407.7843519247856  -14.336719262149742
-100.19679911895535  1420.5009250544188  -4.536090108044325
-105.08789167888628  1432.817354097169  8.019304184148305
-109.7705110880103  1444.55179643033  21.963760889953214
-115.85378241149368  1455.138353310683  37.73027556552064
-122.33113820216296  1464.0820601021733  54.16778140867851
-129.31820531243858  1471.3989861243467  71.93873649253204
-135.92428733662396  1476.7142812580878  89.7872485676041
-142.27306429384117  1480.1914096532028  106.62769661553607
-142.84298531957006  1481.8561175560617  117.95624670623391
-139.2859078705796  1482.344775586734  124.72235966132308
-133.18113329788167  1480.669327522304  128.70557709915366
-130.53158953043706  1476.1513264470486  134.95011537810635
-129.06287742185117  1468.318032095669  141.01853908098164
-127.66609234410245  1458.5177099009773  146.0177864399436
-125.131940487794  1446.8171214440918  147.8760143070479
-121.9842322602583  1433.9839896762612  147.63381547370102
-118.6962971305554  1419.459609945506  145.50927931348818
-115.91450464307016  1403.739320382813  141.8282743268953
-117.06356851447254  1386.378481418706  140.42821560763448
-120.06212702014379  1367.0652028584223  139.22812144109588
-123.57880514137501  1347.1979630352137  139.45711608285185
-124.24601253276461  1327.2242347050824  134.97166553399572
-123.12091922366577  1308.2440003000297  127.95727987405917
-121.10191030405272  1289.3884602896817  118.37773506745464
-117.62946752775024  1270.9309826485537  108.49782949993215
-112.94446484120103  1253.25006762232  97.51293500728669
-107.3297595536793  1236.3895556957086  85.46664174784104
-100.80429130629363  1220.4458458195368  72.3482252245717
-94.15082219162213  1205.355189009475  59.00401589338578
-87.1057885525683  1191.1620300994493  45.59325562162717
-80.10900555567055  1177.8243110308113  32.75887331183905
-73.23840289497923  1165.3209039568728  21.246980974908094
-66.89318343764172  1153.692922489518  11.107054878291471
-61.44752014156023  1142.9898070732656  2.587202085006444
-56.829102041552495  1133.2248593312395  -4.65822870354097
-52.947836102675524  1124.3297754852135  -10.525611244186988
-49.98674935855115  1116.1826460420136  -14.607451688690244
-47.99920488524764  1108.6381388026562  -16.717260334140036
-47.32864219119838  1101.5261658417985  -16.539637610693973
-47.628223447403144  1094.6805981878651  -14.238745047656527
-49.010858623134474  1087.9858405449434  -9.781076715670972
-51.254722813191854  1081.3554486774096  -3.0258196496064693
-54.49829162002194  1074.7339115068341  5.924257705279003
-54.73601096186872  1068.0499955948565  13.692267960206383
-53.30853399570252  1061.7651868139885  21.270690531568928
-50.52769815798994  1055.562835392254  28.092747978972113
-49.93907322484687  1049.4822972481677  38.328631940802495
-50.69310246380374  1043.0564908195126  50.352259889603616
-51.90941347552647  1036.6479907335975  63.884401037644196
-53.96788878973369  1030.38277512594  77.64216142232392
-56.07641901398758  1024.3353861649339  91.40693153366828
-58.41144187098729  1018.613701261519  105.13948947800533
-60.59402757675484  1013.2466880131878  118.24458667015567
-62.64124009087374  1008.3757351623973  130.4048087677247
-64.44727791779215  1004.0380469659974  141.48424723398472
-66.04644130879946  1000.2822096960045  151.36359796044235
-67.42075859565094  997.0521876373882  160.1918862637891
-68.58448537373388  994.301457809372  167.80913836201205
-69.59049656710626  991.933222783895  174.4138548234941
-70.39789767351033  989.9184224865822  180.03927183046528
-71.0853803304751  988.2071538016553  184.82620428002537
-71.63151423943457  986.7879368148616  188.87987131997323
-72.01551664803252  985.5882842120458  192.1863107019963
-72.32880668231985  984.6170550123799  194.8115903694943
-72.53264257172155  983.7847165409406  196.95013481274432
-72.71259018399795  983.1207320477354  198.5504164355292
