-71.00391868175575  1288.6459957905984  -63.214978739147305
-70.54517401201322  1290.8004662732212  -63.702073347055666
-70.19495599929054  1293.77041372385  -64.29292795258145
-70.02662719509381  1297.7476479161141  -64.80303295461066
-70.0604767811208  1302.9835504988816  -65.17714148709018
-70.45644420865926  1309.6922467753332  -65.38871790381066
-71.16299714952221  1317.912990648425  -64.74053036189358
-72.12444654171082  1327.5045936953254  -63.98947741062331
-73.32543423451337  1338.27524119176  -63.03648903037855
-75.27501911444081  1350.0693153512157  -61.25125469609953
-78.1478826561058  1362.6313859577574  -56.0904675503507
-81.62565983703664  1375.6837658555605  -47.84401954366821
-85.82068642297594  1388.9425627564524  -37.79017831639004
-90.53306028313408  1402.2106088890935  -26.879372054610876
-95.80242603921167  1415.3648548512601  -16.310856145139923
-96.33801752980801  1427.8687722887657  -8.121560076269972
-94.47821170152078  1440.1367330801415  -1.1001950795098754
-91.1033041533313  1450.771103983214  6.194193478509914
-91.33551247900073  1459.6844028865594  17.27903520287241
-92.65418044098406  1466.2596396362426  29.72443654755782
-95.15102627245561  1470.6385377343652  44.28086575914504
-98.20689313091155  1472.6114771650653  58.80272948857191
-101.69489705958541  1471.398320175681  73.98933380958215
-104.86303742286717  1467.594459699739  87.26906260096617
-107.83843616585047  1460.5351918013864  99.70548415072788
-110.95737938145876  1451.0964733220294  110.90133885112415
-112.76533539508416  1438.9100527704877  119.70455673762154
-114.72226724060576  1425.4978247211657  126.35053264375274
-115.22215210698329  1409.6640877893512  130.48651874802408
-116.1053288643728  1392.7779163005525  131.3387370164063
-119.0390797876256  1374.0101943629484  132.7333779996161
-119.66481769386519  1353.6474719930632  129.15985820567758
-117.20063005933784  1333.5441618958853  123.81071526418458
-113.19311082574185  1313.349316542725  115.44056634173859
-111.8803508101179  1293.5622201368967  108.1985427909529
-112.68548185021106  1272.9951206164399  102.63613126277123
-110.44001667053423  1253.0876613981263  93.54250354566562
-106.30357057386786  1234.9014725737593  82.95185040066413
-101.06063996630911  1217.6781239084933  70.75861551772405
-95.55348773388003  1201.5002373292145  59.09399137722224
-90.2202784743503  1186.4529144782541  47.96632995050591
-85.21110755236771  1172.711113710981  37.43323356147274
-80.29486291259688  1160.2184077500879  27.552856725948637
-75.74467332993801  1148.7462621471288  18.43458764160919
-71.82092668789161  1138.2293044269582  10.765577594594838
-68.61177890089306  1128.6521253141761  4.305722121766414
-66.01791332921091  1119.9700641686666  -0.735150731826022
-64.29257461381631  1112.0957329758771  -4.1620955809883675
-63.54073148271874  1104.8890361291008  -5.468444869355494
-64.10289175181633  1098.1624453768475  -4.393709179476079
-65.73043200980692  1091.7481879955835  -1.0313592762349435
-64.84277052342115  1085.4610958307594  1.7664928802648867
-62.71473298519743  1079.414174788521  5.2239373061512495
-59.84591956287008  1073.4234925151018  8.888120292043702
-59.526918572888995  1067.5263495633517  16.913695480968602
-61.00070023802308  1061.5222500866646  27.625411960399184
-63.072144235300094  1055.57360784805  40.75826173997845
-66.10583957428497  1049.7338718502112  54.625559472442646
-69.0377453979209  1044.0894839829225  68.55349861822907
-72.23507550230225  1038.7070954164  82.46079965900225
-75.12977299347892  1033.706213648031  95.58280518125646
-77.88119383791089  1029.1874090932017  107.84548558386359
-80.35521253823724  1025.2038967488459  118.97443106434923
-82.63043315873128  1021.7599623611751  128.87269876333758
-84.54449312883258  1018.8247159084567  137.62501128147613
-86.16346533214887  1016.3448684699638  145.13137523428537
-87.5718697494826  1014.2318128227053  151.65102524091398
-88.76356692592907  1012.4446195388932  157.20331394804526
-89.79230263064055  1010.9195473876492  161.99858743350728
-90.65244618962922  1009.6112330159585  166.1259672672785
-91.38129463472879  1008.4596351543962  169.6843136405038
-91.96526064130127  1007.4305309899503  172.74207500378108
-92.38281600277861  1006.4995707608559  175.3917260678895
-92.6738647623848  1005.5926646636013  177.68211695787002
-92.85308515385283  1004.7098868230953  179.73434721091536
-92.96663227438079  1003.8379822989873  181.56564861011998
-92.97282710433727  1002.9793056920612  183.268720481322
-92.88494128721679  1002.1566300298251  184.7515486660146
