-43.35623881931568  1238.5694668445788  -67.51749219584015
-44.23264734921516  1245.9284932991268  -68.83527365976565
-45.36433057058311  1254.5234225457427  -69.56981065425974
-46.564819448776596  1264.3117274869333  -70.08498302255393
-47.99485848795121  1275.2145716423645  -68.65023170707597
-49.710612959480216  1287.0972477273433  -64.97254440493693
-52.12752735200078  1299.8360953376887  -60.33786130607402
-54.764012727348984  1313.342208092509  -56.50732151186257
-57.69695824694472  1327.430456285855  -52.33330411906293
-60.823791596715736  1341.79088488572  -45.53648283112655
-64.6081413603113  1356.1803365411397  -37.125990184132874
-68.56986816041518  1370.3900351428642  -28.573615656532372
-72.97019738646699  1384.262890118511  -20.277978375339664
-77.57364746885673  1397.478412871761  -10.017537645774299
-82.68187137159575  1409.8764949449994  1.3569795383867813
-88.09567071845575  1421.2758837024096  13.169480334575946
-93.6186118882238  1431.1905333475684  25.391342649414547
-99.68342485419988  1439.3990799981561  38.72532731265792
-100.52988872516649  1446.192827170612  48.62710358615761
-103.51246035095521  1450.9901719267182  60.283608521399096
-101.64048845775014  1453.900759674433  67.66357078490063
-107.46724310484944  1455.6926957334358  81.39787122400372
-114.00279178817765  1454.4419918129192  95.60378251457738
-124.32300879554987  1450.8763182897649  112.4352326491923
-132.0183446871603  1444.2248296796588  126.23533008675912
-131.18761472918592  1436.6245368987763  132.03350778242915
-128.2724621381154  1429.3019965518192  135.25363928212022
-122.04999326727365  1420.1593466541174  134.77917653938476
-119.17698182716065  1410.272453509267  135.98606641748572
-121.19638076861199  1397.525782911705  140.60370970102238
-121.60563212254345  1382.3013395657108  143.04393168405528
-119.41649929671311  1367.5501398990775  142.51037904675854
-116.78201769153783  1351.9676953174846  140.6668805798383
-118.34260493207086  1335.6411139004058  141.18404874114503
-119.32163146080966  1317.3353839492981  144.14679778160246
-117.50862149264688  1299.3850840789974  142.80546941667495
-114.63176138656604  1282.121002143158  139.91513819575243
-114.96710813412577  1264.648047423668  135.09121058937666
-113.59196743163677  1246.7463539369407  128.98455321556895
-110.71991411517627  1230.1706214415076  121.79159677487193
-106.71196332001897  1214.5136136280337  113.0344625240306
-101.61337129844048  1199.6774798216634  103.89933778745007
-96.05353228742479  1185.7303145314766  93.41330711141228
-89.83913705658716  1172.6678979199528  82.89000942666674
-83.53570375970595  1160.7000534178294  71.83475952805395
-77.08471209027218  1149.7237574148694  61.3078134597017
-70.7518185615538  1139.7252628882238  50.880354076660595
-64.64371096944298  1130.650448271544  41.156017912811905
-58.84027380469525  1122.4896149890526  31.851868550486856
-53.56535664820877  1115.18890462269  23.72528069096437
-48.95494300927162  1108.6718985232974  16.598049711328176
-45.11209231164655  1102.843478661851  10.545221367781487
-41.928711405408144  1097.6528681335544  5.627518216671598
-39.4567018349038  1093.0220831163058  1.9010367546540614
-37.76621815117987  1088.8753916322123  -0.4473025948250373
-37.056351964051245  1085.0752525084026  -1.2881084680487138
-37.031618958398695  1081.5309092565406  -0.7553559904708254
-37.86589903924272  1078.099450580877  1.6441359647476355
-39.425654743472045  1074.7063233867923  5.383984458257141
-41.91952548204307  1071.2088034206029  11.020616671207524
-45.10523552340097  1067.5104798941518  18.111816954461595
-49.013467843319695  1063.4885458173706  26.861739757275384
-49.601687328934815  1059.1414378874742  33.692353913243664
-48.211428927646324  1055.0565113007988  39.729366375555664
-45.30798523191811  1050.9580847900497  44.41838061521797
-44.89293265377749  1046.8972699612307  52.12219192071928
-45.32271110757455  1042.3729562196154  61.3029783227515
-46.10693748435641  1037.810557519896  71.74726389343601
-47.04284930065911  1033.2794599739489  82.14267139096005
-48.40829497228571  1028.8341410580927  92.1543882678856
-49.90534131483166  1024.521648091598  101.99774672446905
-51.379589272463434  1020.4193916078939  111.11202607493777
-52.590038418074535  1016.5593210314287  119.76979329396106
-53.6268001597893  1013.0468914703702  127.37883571902668
-54.497519829680584  1009.854760407423  134.19122626003502
-55.24871918685494  1007.0498253260894  139.9050953840537
-55.81181992085786  1004.5501049804006  144.7675805290018
-56.14074443940715  1002.3779591519641  148.7643898357598
-56.35793581707373  1000.4461901670309  152.11486252848465
-56.400080399234284  998.7576212541136  154.7370630671669
-56.4235215954285  997.2252676099498  156.77298891805836
-56.24734964650019  995.8872153954323  158.10189060980895
-56.07311573720548  994.7317529473113  159.07870811990983
-55.78309114943027  993.7741684217298  159.5220241554286
-55.54272344097484  992.9952869535672  159.71818185879658
