-45.93307707793191  1346.152518805035  -63.276984273063974
-45.74671377170563  1346.7668137724982  -64.73576091992778
-45.622483570089315  1347.9974790896176  -65.9297680572981
-45.78661221083204  1350.2258342630594  -66.43523991782487
-46.24968554710774  1353.4916606143981  -66.28966722963656
-47.123259772208336  1357.824550818076  -65.65315411221891
-48.30201935899288  1363.3003798197062  -64.88140696711328
-49.980064557403786  1370.014250575607  -62.891924473011464
-52.0207445558181  1377.985247011356  -60.15284521247563
-54.782508473941355  1387.008423604893  -54.92004012430698
-57.66562308979555  1396.796731478705  -50.04006411114078
-61.432460129493954  1406.9587915612833  -42.552942544756014
-65.22274722580659  1417.326518028981  -35.93930615446136
-69.91222318435695  1427.5300639606521  -26.038147364642594
-74.81691226292429  1437.4274910793144  -16.064766449913467
-80.27009548654716  1446.580887013617  -3.882315828114277
-86.36409603614112  1454.5045439554808  8.208084582264036
-92.827763024472  1460.8295942547556  21.431442473141544
-100.13159374930518  1465.6818287829774  36.582010676591906
-102.05470044492372  1469.003774385768  47.80561218174622
-100.54527996767365  1471.551678549075  55.93407488570368
-96.52921496531445  1472.1397024910073  60.85117953743092
-95.38323483146112  1470.699447307948  67.94986365682678
-101.10587736983477  1466.5062914395971  75.19770467978744
-109.06891691615095  1458.5696367716746  85.77030124268688
-120.22499360005438  1448.7443320699126  97.99340956280446
-122.03101299160195  1436.6608762600176  106.86953874119206
-117.2216237136379  1425.9835479811436  107.50721426666222
-109.67832957390999  1413.5982230652935  104.44720215539164
-105.62557697441939  1399.9425395185053  102.77763762109215
-105.21963398170294  1383.534789861859  106.0620812308928
-106.60817190440902  1365.3020970858524  109.14592034565385
-108.94935433100991  1346.594687189082  111.6996693743366
-112.56929012693142  1327.395467090074  110.88152470029587
-113.25568618043408  1308.6086975931717  109.2834498621589
-112.35884289368592  1289.810567352505  105.50457681416724
-109.69490903893382  1271.3007395388358  99.75934388707654
-106.5760820713744  1253.6380823454588  92.0850369547544
-103.14232403891994  1236.5657317400057  84.63044240230663
-98.67181240291853  1220.338577321247  76.54206724005796
-93.92599955572906  1204.9143747872565  68.38058503729535
-88.30542738848447  1190.3147132166005  59.82792690268636
-83.1699706821783  1176.499222426321  52.100695604637586
-77.95312225852878  1163.542002436429  44.19622144837298
-73.3375469109799  1151.4703487734819  37.61200117288127
-69.32887253698756  1140.3372952050113  32.16635406135919
-65.99536978464486  1130.0415477572305  28.311061564367172
-63.77394045916492  1120.5443645748092  26.144205715827276
-62.548927493788256  1111.7780948433701  25.94048638285099
-62.72661552319568  1103.745031394238  27.976639487160735
-64.15619422472265  1096.3098792218325  32.332142151445666
-63.04874812318955  1089.3636147239351  35.75692078770648
-60.71936682175763  1083.2286605947731  39.71114950312389
-57.53234438270672  1077.6105225972685  43.381779351535975
-56.94288655632154  1072.410863566506  51.04797059762159
-57.929071404212266  1067.0891800880395  61.1029675489292
-59.530929786023464  1061.8918426963155  73.32547609861464
-62.1594926188777  1056.8346086928627  86.24187038747817
-64.92731346851771  1051.9220272051239  99.57658424802244
-68.02172260424409  1047.224840281106  113.15849611008326
-70.90208561023441  1042.8460998704309  126.13391054914098
-73.66335713598717  1038.85837734323  138.29620467416743
-76.14823642973263  1035.2795066740941  149.39695699611153
-78.3744207810895  1032.057618921748  159.6080465721907
-80.26348169516098  1029.2279678863263  168.65353186271173
-81.83071789402558  1026.7593650869785  176.6831400817903
-83.15288727324949  1024.626960739047  183.53454752337146
-84.27589504040728  1022.7728836635242  189.35979537952196
-85.0750760542416  1021.1459745372031  194.20165892744828
-85.69299386963561  1019.7430314891348  198.2522167218555
