-20.905276092120893  1256.200368649613  -98.78666330266701
-21.188834952512355  1262.0469673699965  -99.74178840690882
-21.553990374693853  1268.9555722557027  -100.37798569398021
-22.469065492851257  1276.9327597048416  -99.9288941628382
-24.031971683675096  1285.838921799787  -98.95483706761426
-26.173664574481684  1295.5834737224925  -97.54708870425107
-28.62932450977678  1306.0338993566027  -96.24440837944907
-31.254135704434837  1317.0975658549282  -92.8819916260166
-34.584841370652455  1328.5400150548317  -89.26330149252115
-38.478477480377606  1340.1673094735804  -83.94244222123153
-42.93186745496542  1351.8103454328045  -78.70631586543368
-47.83353044002589  1363.3295918965935  -71.00227913558152
-52.821193181307024  1374.5813034640923  -62.66038029259806
-58.43937549091605  1385.2684081652378  -53.01931625092074
-64.323887255949  1395.2138948040385  -42.6116014707207
-70.95878597789542  1404.1655304703456  -31.280120626906843
-77.70039154326167  1411.7998161000382  -19.293545972090985
-79.47783624366616  1418.2659628754689  -11.154329764154662
-78.09556928271104  1423.419442176891  -5.084604104349239
-74.47200670981042  1427.6182339283478  -0.3875096016528028
-74.03316274310558  1430.0583325688867  7.168429194480681
-74.51635030750685  1430.721085956204  15.650137453404124
-75.3018911999125  1429.1476946882246  24.18175277221601
-86.4286524053808  1424.5664611648192  41.067153714262346
-99.34700717071452  1417.9518385383103  59.19572131658879
-113.76695797832753  1409.4142266145554  78.244201806369
-119.78447550773028  1400.2231383702642  89.28692338285504
-120.7218105952582  1389.4724199220216  94.6651026240364
-116.15734751967642  1379.0547980762462  93.66211460551396
-108.93848528396339  1367.7745151901747  89.53657334192039
-108.7621694856195  1355.8425247716577  90.54496690758685
-109.73278017403099  1340.7023495412955  91.73887332648907
-112.68864363231856  1325.6459134376744  93.80713858506834
-112.25942732445111  1309.1343251271312  92.09996527550983
-114.27898089379792  1292.9208035084916  92.41824420300931
-114.68410597002725  1275.2879270482813  89.74139342002043
-112.91243584307821  1258.071639832859  84.48671485126212
-109.60595208295913  1240.9602636193047  76.32312066685876
-104.0182880142892  1224.0512323920086  66.31646005208256
-97.64824922551897  1207.6178208001181  55.129970399154146
-89.8698863919841  1191.8071354615718  42.643791423672255
-81.22945319472869  1176.9592240132329  29.00912679912873
-71.75506786368501  1163.1204595357794  14.897760792612063
-62.014169786275744  1150.309409025339  0.3007503083312226
-52.01774880777406  1138.5747561045052  -13.857951534637696
-42.11693063055595  1127.9384730175536  -27.971839901361676
-32.494857585377424  1118.4232652120513  -40.93151456699092
-23.44164883420852  1109.9215328619036  -53.216119362755876
-15.264843455523959  1102.3996670276692  -63.801873132176866
-8.116791851679992  1095.6914242779603  -73.18502543724037
-2.1931093884182298  1089.7823827996424  -80.86344623756571
2.7766637668489826  1084.5454465224034  -87.47657577959123
6.620954248377286  1079.9972316861974  -92.35891780616626
9.273875914950512  1075.983231539234  -95.68459479909254
10.524574961259821  1072.4429646031797  -96.756215007457
10.530800187877297  1069.2327321438322  -96.36635020373409
9.318207459914237  1066.2813633118558  -93.79900794950515
7.004296409047394  1063.4647904105373  -89.5651439707444
3.679609179131157  1060.67546025108  -83.23649986631666
-0.5236768628462611  1057.8183388400607  -75.23553062471967
-5.606228703359522  1054.830398119671  -65.40167652687751
-11.518633939764126  1051.7061438666506  -53.96240019227043
-18.11860073972392  1048.4216164359998  -40.92438747261609
-21.500374195820335  1044.9406071891829  -29.762607710350046
-26.42233921143927  1041.4639130564456  -16.46795269085422
-28.384841176888397  1037.4721973334938  -5.09275651162104
-31.969269822017004  1033.8508097352214  7.061971865286019
-32.451478537767365  1030.0280054687928  17.34791249748057
-34.0193463406478  1026.583216597892  28.89359543124266
-36.35311021031373  1022.7382177739806  41.88584444894175
-38.60152376095429  1018.8787808636725  53.867137216416246
-41.19231345896252  1015.117161304945  65.10139268242091
-43.34154916358071  1011.4426240011602  75.63788278456276
-45.57080461680738  1008.0351813177064  85.54584407044804
-47.60904227632732  1004.8600419076831  94.8039764003487
-49.461890784579026  1002.033074924396  102.79723414427457
-51.08395191253212  999.4874579319862  109.92570501025686
-52.43010953172832  997.2949987603664  116.00198842623635
-53.58947392149677  995.4123781052674  121.25856319394556
-54.57086233458294  993.8061852037124  125.65898058438275
-55.385864779364894  992.3567881157161  129.408401732387
-56.06044205996314  991.0430222646311  132.63944736840108
-56.610629765892014  989.8943615562117  135.3970689131691
