-96.15718819131749  1374.6679683908847  117.43864493538683
-89.0038782727477  1378.2317814660641  112.77444983115659
-79.90159774803148  1382.2826814528219  106.92787203270346
-73.53325261771157  1386.8110671702018  103.77844336416123
-68.84071761502203  1391.293369004694  102.23833420280808
-64.14270411810378  1396.105858435583  100.28612692077702
-60.18897570270207  1401.6059071911707  99.52897804395079
-56.467737365821364  1407.2402604068088  98.96899719555006
-53.4797301852326  1412.1254827760572  99.4203685909059
-51.651685689766474  1416.566653476789  107.36774024424898
-50.02296347840641  1419.771129660801  124.37061687442909
-55.06611053809268  1424.9874026264533  136.97442299363559
-63.204191962340715  1431.5650958058636  136.61032261234618
-74.24802950931775  1439.4957158557454  132.33073328944573
-82.13774323049245  1446.6432559282066  132.2275051267632
-88.59227920091523  1454.453293734634  139.94751292457747
-94.80842805514484  1462.679395493863  133.15107277459603
-99.94433336977636  1473.9927196022888  116.50383312221608
-104.72689229570582  1485.0000475768422  95.63220531094983
-108.96786764400433  1497.1159140419795  81.98517534488784
-112.37097882069332  1507.787433806201  76.0440619346534
-115.4654187731656  1518.970138815147  68.4955974984129
-118.02325136291817  1530.5691442303075  62.53843296389001
-120.2764029870609  1542.2050973088099  57.74093625659924
-121.7764280734803  1553.1119160253056  60.97226618730542
-122.9313537521648  1565.1174037732214  70.74793754260762
-124.23972624359872  1576.025225019099  92.6469473686019
-125.57180967740287  1587.5468357945929  112.97054503987552
-126.66185634171346  1597.9304972401285  130.4120515493737
-127.51769676104502  1609.3975722315436  140.57708283597051
-128.41029659699063  1621.009541757323  150.77141116705366
-129.40061195259386  1632.4472715053357  161.01298349510938
-130.35940766621823  1643.9629523161154  169.71886363592287
-131.22998116482015  1655.3814168813058  176.85921283542876
-131.90962426770847  1666.913869336453  182.67711362118564
-132.52601520604142  1678.3720564745668  187.79201621933754
-133.09900128217276  1689.7811708142222  191.96280747587303
-133.60725244837016  1701.1013207278327  195.08851922346847
-133.9310124211391  1712.3476167792974  197.3160636719117
-134.057097578179  1723.5010417665462  199.21015877647204
-133.9010129919878  1734.6395258203079  200.00826442088285
-133.5716658402311  1745.6436469885257  200.177366696076
-133.0835239099884  1756.5908065103135  198.9644615986014
-132.58954159269067  1767.3601672331238  197.325361895493
-131.88029398913463  1778.0458985398525  194.94051417344065
-131.10235104050406  1788.5323931365156  192.31432984806173
-130.19505954656861  1798.8058515510415  189.1966780264591
-129.24863500986078  1808.818639621356  185.573120692757
-128.34700139734485  1818.5224187602364  181.42598807952643
-127.24093887292662  1827.8865752011254  177.0612588525306
-126.32325135840061  1836.8879722837846  172.74526943741688
-125.44153983563767  1845.613819677193  168.48746688608628
-124.8920148717713  1854.072303192962  163.94045674353964
-124.48613547951012  1862.1723486394128  159.30841124988746
-124.25711380228078  1869.8106023743094  154.39308289618265
-124.08750379345005  1876.8869557709577  149.96851840163913
-123.93105409783124  1883.4301287068545  145.53593327216691
-123.68010838060545  1889.3585048355621  141.83312032042696
-123.4820113192097  1894.5559987908869  138.13230201753788
-123.32541329917215  1898.958608184821  134.88374336349418
-123.28646698628359  1902.6563214111354  131.76646967190814
-123.32507801038777  1905.5378233661575  129.12863608069176
-123.45380724945734  1907.5848070735706  126.85993080675738
-123.71112585806382  1908.6348198533215  124.92870836754867
-124.02443267542058  1908.8393724861257  123.30507978630003
-124.45934509745163  1908.192393023789  121.87263152665074
-124.95051986134763  1906.7106269753706  120.63885050849356
-125.63597884271763  1904.4106274265223  119.74447293696878
-126.29665779187516  1901.4029049706412  119.12589414074522
-126.9547630336016  1897.7229531103062  118.8143829873948
-127.5266318283742  1893.4651381883286  118.70586588753163
-128.15581266973953  1888.592418833896  118.69047768264176
-128.7784767707885  1883.2770803162116  118.71604670441026
-129.40632151179736  1877.487386927423  118.93172905034044
-130.03733072678764  1871.3851846720208  119.43815591403987
-130.7662879384359  1864.8788261172351  119.93624377987048
-131.43573745219362  1858.1465621083485  120.21311414141285
-132.0310768000004  1851.155192517655  120.32316619875924
-132.55946555365188  1843.9984690428355  120.50159926055287
-133.1035485588837  1836.6546418072621  120.73319678682941
-133.87200453789566  1829.122023949167  121.1783868959281
-134.46752036282814  1821.3535986781585  121.60098416043532
-135.33303447665747  1813.4976032493848  122.33752978781312
-136.3044479362396  1805.414629590851  122.87848304894487
-130.45659885906306  1797.222124659353  118.74989892874386
-134.0302879590855  1789.5648225158643  109.04972657148316
-135.52403166798422  1779.4672473367013  92.65678766842753
-143.71039847175373  1770.1814284190195  70.19441220067657
-149.19387354145326  1759.6099690652236  48.360187877284496
-164.274487210855  1747.9436989995202  16.823265780826947
-180.97819348920396  1733.8247582920412  -8.654842862662665
-191.05779054765625  1720.7914002640632  -34.11584866693089
-185.69459665761525  1711.6183881299835  -38.684021583850694
-179.22870018084794  1704.3642705938541  -40.181112494416595
-172.82942601077227  1695.2751082849331  -39.38228425962924
-173.17229898576196  1685.0652906956097  -43.70704013968626
-177.58739123533172  1674.3263447460556  -51.7619496118142
-178.55031897754117  1664.4099190563045  -55.70785513617462
-184.0973730956569  1654.7181729220947  -63.62225176771511
-189.40756314750797  1642.5428857131246  -71.09129267687743
-191.74805450834998  1631.5706828916486  -74.80860029153345
-188.25469293304846  1621.2890537911533  -73.11401934176435
-177.68921939526308  1613.921879921791  -64.86479455800811
-171.90232319747832  1606.0363937799766  -61.446632360737304
-166.414843522706  1597.7635120122115  -57.53857834111508
-161.93281356960574  1589.8284277995974  -54.51404654914479
-157.23696657726268  1581.5401584130911  -51.627818831346204
-158.49489828278948  1573.8469089908335  -49.573669267543934
-158.00800376873025  1565.8763251244636  -48.27772216873591
-157.2333735276368  1558.2753415425245  -47.62881708223574
-150.63252227825313  1550.5448202338137  -27.23873879987583
-147.13916961683407  1542.0493380380908  -27.135434143717212
-144.89596405928046  1532.737422991216  -49.83746180776359
-143.03300103134183  1522.9365684912636  -98.18726812529104
-140.71607881416827  1514.9719457871138  -124.32682436986042
-133.25272372498472  1508.2909541301874  -129.2799493433135
-121.00985990582616  1502.6605896172339  -133.30052816124322
-106.03629719195017  1496.680392939627  -129.05956378843396
-93.9850949585339  1490.4485688706782  -122.42156834851777
-85.17401794943291  1483.497418918105  -102.2445704389211
-77.12854771634098  1476.0781655594787  -82.27048494755368
-74.12963434026052  1467.9827669881402  -56.07584139808371
-77.40553601956482  1460.5340516595033  -30.636008490188765
-83.23665987301663  1453.0486839994883  -10.808895202908122
-86.58354904982698  1446.3381233905895  6.804152127793079
-86.73065856237623  1439.62912394965  20.233999948632345
-87.77497248063065  1433.2667187484212  32.450134935655605
-89.17047181067693  1427.3441127184565  42.86649916487301
-90.18197772206594  1421.8403203508258  51.19854012175574
-90.5963062656971  1416.763162394743  58.40864828733872
-90.47351541768084  1412.063567270262  64.36338218228192
-90.44447371209392  1407.7090976853385  69.58265246148812
-90.23230161602686  1403.742145052453  73.9351715272172
-90.09348771669559  1400.1174115942028  77.59613994751022
-89.6632975910243  1396.859147999625  80.71657742572953
-89.30472363169018  1393.9479962002354  83.16495119302837
-88.91273828344134  1391.3740248164818  85.22702581937168
-88.5900389798598  1389.1447782078747  86.97967117660711
-88.2706312753389  1387.2352261023025  88.60032841403086
-87.97942247016931  1385.628165415815  89.99706986297095
