-12.85309631089483  1386.0348292388971  72.87216316502753
-15.01300705735237  1386.9248521426496  82.56623078419432
-16.92379422786333  1387.6611665989356  93.70085368087842
-28.813786550356525  1389.6058944313988  102.29449732602274
-42.289674009896835  1391.2361741888024  110.43937484293363
-67.78178851954549  1392.4511520750857  115.4154618733196
-85.85980629562681  1393.3555424296092  128.60455763763736
-105.93295995041112  1395.7836662154791  137.16306770720834
-117.63013379072959  1399.857478667547  141.8101705669449
-129.25715969577624  1405.2420829470655  145.76391277528282
-141.37194165651115  1410.6676090418484  142.5866036059378
-145.41476329863187  1419.3023786626936  147.8814722420707
-145.0522257365075  1430.1373269418293  148.315919182371
-138.71935770976955  1442.007972032623  154.59695298663937
-136.32318007464954  1452.0908837032575  159.4394138490377
-134.6221310595087  1461.6993587977813  162.89631523325707
-133.64213223488338  1471.946802517273  167.63993418667198
-132.01701647691485  1482.3902304990954  172.09354067974712
-130.32633375696574  1492.8638059437537  176.42969461691916
-129.22827810661528  1503.247847682645  180.08421482070412
-128.328523485611  1513.6123806800683  183.5702486921624
-127.44494785137377  1524.0866709153543  187.2313728745256
-126.69886308468507  1534.7237044651147  190.3192852105073
-126.09966109815635  1545.498388710867  193.07759452685232
-125.67797951580519  1556.363024056756  195.43442264059397
-125.35992656695392  1567.2918211035199  197.5415373680802
-125.2023947646218  1578.3510636564515  199.4514634525699
-125.3423768787778  1589.5628002490885  201.11435539982546
-125.63500610303937  1600.9074122220854  202.57348979849024
-126.08023422864977  1612.3056401609879  203.70909014494498
-126.57309106775536  1623.7575546740168  204.6783628017389
-127.16229663035551  1635.283746370329  205.48922660594621
-127.79743561357225  1646.9105192095635  206.13580106261824
-128.40160170542154  1658.5692090796229  206.60107630171734
-128.97333115571928  1670.258196186815  206.64678461462074
-129.496250771603  1681.9614906900433  206.3837464233302
-129.98666948458393  1693.7104826920465  205.76015812602913
-130.4051473413625  1705.4398997322614  204.94521831603947
-130.7691781823363  1717.1121972975984  203.9810467227171
-131.07582774195063  1728.7577208248456  202.42471927534206
-131.19128856522957  1740.3429364045994  200.60252985793227
-131.23606266443286  1751.8981921189188  198.0577065372575
-130.839988061914  1763.3005807972781  195.65472508866105
-130.42379690198294  1774.5834034304048  192.84125468523874
-129.92040174193875  1785.7334791970056  189.93968193055395
-129.69146349193727  1796.7618114935258  186.70359038745542
-129.41824660777573  1807.5172333796418  183.41711920364585
-128.68668460069358  1818.0450135372323  179.53956953694436
-127.87102041804101  1828.2541801297266  175.50427196797978
-126.8345871075483  1838.2499022171414  171.2682441283224
-126.02930652824948  1847.9035425946583  167.14382315304348
-124.9982119077885  1857.2254214823  162.747773498742
-123.9161225702901  1866.1434324951324  158.48914778562903
-122.86552231648969  1874.6654848648698  154.2469675667146
-121.93380880379576  1882.7373354567628  150.29290576655646
-121.03153776582668  1890.3581146117153  146.2488547213357
-120.16449417052384  1897.4212236138474  142.6466149173722
-119.26301945336576  1903.9406738802911  139.25494071970098
-118.5686940637502  1909.832529053436  136.26152702395999
-117.9466267821578  1915.0542970770066  133.67078445611565
-117.51500340445303  1919.450686029537  131.32660741731058
-117.16176160928131  1923.1086949567648  129.35713744180742
-116.997987539126  1925.8688538746294  127.63995119486185
-116.97557667484602  1927.8124701239217  126.26448234800694
-117.08654200123301  1928.7569002577322  125.01518481038782
-117.23283140361742  1928.8198506553233  123.97153141717183
-117.76227365351298  1927.8880462335464  123.61075582340449
-118.49131390904193  1926.0151901431443  123.67065069922911
-119.38725970528144  1923.1640571767086  124.46291313727502
-120.01421820908585  1919.4636805583068  125.00812198593354
-120.54330898506745  1914.8891280958785  125.80070413287676
-120.94138868274871  1909.541537775948  126.55522697233987
-121.31718056140316  1903.4412742187483  127.9244233659568
-121.62247045544832  1896.7218347281987  129.46542119929774
-121.87803554921919  1889.4454944221352  130.9740609570506
-121.98320834173586  1881.6534086551135  132.38736957844023
-121.88179919881941  1873.331331225018  134.00554900913565
-121.62790176332824  1864.508430406152  135.85861676373514
-121.28353441356887  1855.2415374295772  137.74752218845742
-120.92819615833396  1845.6029377672494  139.6786435621024
-120.3833737344733  1835.6015306853885  141.77526888773386
-119.75476565856547  1825.2782834391733  143.97095380139555
-119.12481646603374  1814.6819149659425  146.13616440042804
-118.63223705387193  1803.8436630359163  148.26629785501464
-118.1228236339098  1792.8139037367089  150.3439398133343
-117.59161581835679  1781.6351744828912  152.2149687197383
-117.01876357884221  1770.393929957579  153.82477369873885
-116.5301908188768  1759.1086482723797  155.14287306090677
-115.9946688629822  1747.7989274356846  156.2764947684666
-115.45256283912097  1736.4755854856555  157.0962831326481
-114.73423523977237  1725.1499207042739  157.78934104756232
-114.08666891744933  1713.833251481947  158.3656538385403
-113.45332583477521  1702.565304172493  159.0539513560155
-112.95300646176251  1691.3953986600068  159.7200105179041
-112.38003241161005  1680.323007563047  160.27948748658378
-111.73858485817118  1669.353835322721  160.78138553082573
-110.94653543547105  1658.4837746500268  161.1980979662337
-110.48112156272376  1647.7671525460369  161.63819348219536
-103.42597006121733  1637.1029960927299  162.37419749796783
-105.27150315239916  1625.9809832718202  157.3427812454758
-111.81336394062282  1614.8019052354168  145.83633996533732
-130.63813229342927  1603.8282514745038  132.05768539465126
-153.61441863442406  1591.4399860775634  110.39850107320346
-163.2978297602616  1580.651427769004  92.14036427207944
-171.11821472264214  1569.4383379785381  65.32223549384341
-162.75143054392248  1561.026772941878  41.11283152488936
-166.73631730683496  1552.0552939051859  35.31915934483337
-164.22048840226066  1543.5752867090212  21.38817677610613
-160.30150149824024  1535.4984242879534  7.73426608271896
-146.87518540298757  1527.675136352822  -20.1461047690761
-129.5792430192807  1521.3858048996078  -26.884706489441037
-113.72424070370052  1513.8555682693236  -16.219638084982336
-100.05328300330872  1506.146677564841  -1.1054768105842978
-89.80008582843972  1497.6411764218183  12.240258491079398
-84.80295380721466  1490.2056454385515  21.170130292124455
-83.67567245149304  1482.140584074268  30.737116424774523
-85.87501136489459  1474.0096064711004  43.940733539051465
-86.63011726004385  1465.7995862463224  58.1184069920557
-86.91748626088574  1458.1485498315076  68.4044178423857
-87.55003348681649  1450.6848715077188  76.62091857379897
-87.91389807176671  1443.3625747663646  83.9106575152583
-88.35526521180091  1436.4023986028767  90.68283627656878
-88.5319370364142  1429.7995601193488  96.45802218125843
-88.56275625846051  1423.6114568534772  101.08207467365877
-88.53290725815737  1417.7972327312232  104.9259305275679
-88.41687904207498  1412.4314403841615  108.35336702178904
-88.26608403836349  1407.515211086386  111.32869539760537
-88.13335807918382  1403.0440251468247  113.94167950648493
-87.94454492828002  1398.961770775259  116.13013815651325
-87.71086526200746  1395.295910015482  118.03932683405758
-87.39015432498874  1392.0365321760141  119.62190840361876
-87.09085226660295  1389.177006149996  120.9367014669725
-86.81998104513286  1386.6692305329468  122.01042679595587
-86.5961340408765  1384.4672187062122  122.91315645713973
-86.40793549245106  1382.5637121975815  123.61774499471805
-86.25898602125652  1380.9081374703442  124.18599851480062
-86.13787479578998  1379.479313132135  124.53292227869835
