-36.17368378060359  1357.3524707490394  145.45044955738618
-44.931276697393976  1358.1472684403525  138.59468153797303
-51.361195900993366  1359.393269394274  134.07770513897057
-56.49476244614462  1360.1921572877995  137.12255513947963
-60.770394550188065  1362.3580383380588  138.386170310642
-64.13800617191545  1366.2301317761905  139.10967571836895
-66.90258447082942  1371.4861394045845  135.62646248458555
-69.13120969250886  1376.2652295251135  134.30467622595896
-71.1259752914483  1380.5575620414684  134.122273432145
-72.89899689711126  1385.4807126356768  134.5295780038844
-74.45205525297666  1390.9997344228793  135.23737573311786
-75.7930291381093  1396.9138097537157  136.77003448496146
-77.20089984651929  1403.1710685473568  138.65073973500847
-78.7506606782706  1409.777985925137  141.19251642363963
-80.3125349766234  1416.8983139105956  143.70476804757647
-81.92031736156241  1424.4351515699605  146.96148680303799
-83.41484962513562  1432.4120662133455  150.51507318677804
-85.14027106101392  1440.7545232707996  154.6830742745051
-86.75020258782574  1449.54818011123  158.82758359194213
-88.44941670152014  1458.710079384491  163.29123073798
-89.93003416713222  1468.2496625687281  167.7703935742804
-91.44146414282847  1478.0817639435743  172.36767067068573
-92.88390670754006  1488.2540386598528  176.72442535617418
-94.41848553835582  1498.7236905834845  180.9725129913828
-95.82995215717207  1509.4960418925164  185.03050041631292
-97.16049283912857  1520.4891372060197  188.9593266261045
-98.40606642312812  1531.6830465356811  192.5122232575825
-99.62607295816558  1543.0276193596944  195.59315420594461
-100.78803873949377  1554.4886169471747  198.27262906216592
-101.90970163963601  1565.9797452426358  200.61850419601382
-102.91565032494401  1577.5168956614007  202.68968529347643
-103.93121626067094  1589.0636779683232  204.44025137689792
-104.79858749036377  1600.6363568974036  205.9377967668123
-105.72348180688856  1612.140186589617  207.1336283369208
-106.5236071903129  1623.6031577949225  208.02674949626515
-107.32163163414754  1635.0391718639585  208.72589515879656
-108.03309804779798  1646.5330063892782  209.26400764196154
-108.69023452118884  1658.0992099418975  209.63345842509455
-109.13078540004197  1669.715891572459  209.8393786323798
-109.48302584918615  1681.4192296953142  209.54524991931223
-109.7137244315453  1693.135938682863  209.2216999721931
-109.96696603122004  1705.0579220352265  208.42744057386767
-109.91640077914778  1716.92647399097  207.53076219035592
-109.66926781139266  1728.8192569971043  206.2551776610136
-109.26425436281149  1740.5418776751849  204.83863253959277
-108.93820667701465  1752.3148086726687  202.96674036712787
-108.58450820769832  1764.1366549213942  199.61097166649472
-108.1796997297581  1775.809671532165  195.93925305307312
-107.58717834858439  1787.1715962248147  192.52861066091276
-106.74161341573337  1798.2262136282786  189.41504978590015
-105.7277641723486  1809.0289556224152  185.76563819168857
-104.72530860926534  1819.5229239911334  181.71590416975866
-103.90337803446121  1829.6861451248508  177.1795894826667
-103.20933313504912  1839.4730793239364  172.6309015363659
-102.55257073335721  1848.9517897113267  167.6839041457975
-101.9062211480602  1857.9587367217077  163.23777969078463
-101.23444508252416  1866.4821968591193  158.47460237817165
-100.60853695418149  1874.4029059676175  153.60221715422333
-100.05891306914653  1881.6594010729634  148.5219468631679
-99.6450718734087  1888.2224412915918  143.99010127901815
-99.30342895341514  1894.1158227391247  139.4517821706707
-99.11396705408453  1899.178133491302  135.46093248065645
-98.94058967552957  1903.4936880703247  131.63678686846708
-98.90162454694806  1906.9131733331635  128.45135683274754
-98.93207810667326  1909.5490448656883  125.684610578945
-99.14772219833131  1911.2330453124505  123.17103736643587
-99.36514832269583  1912.076910634116  121.13088364090649
-99.65365785627225  1912.030245276968  119.52235753593776
-99.9911913788651  1911.187152427798  118.30168136937158
-100.46783598285472  1909.5119373146274  117.8439425614496
-100.9499282173774  1907.079298870745  117.75605280926267
-101.37494521975817  1903.8409305655318  118.471060989616
-101.71025108189096  1899.875195556959  119.0842731582047
-102.1262264850933  1895.1866393419577  120.26427261098806
-102.57208337337183  1889.8755377062278  121.72923401619013
-102.96735367218646  1883.9485502551775  123.5295904480327
-103.19798529153758  1877.5290316782316  125.36189390287896
-103.42564514426002  1870.532269317319  127.41910051703682
-103.72799002705614  1863.0294410373642  129.72646018689082
-104.03520828230151  1855.01614124929  132.30515988387867
-104.33636655216773  1846.623566692173  134.80057686733974
-104.63703066216539  1837.8143937467971  137.60431516975314
-105.15009508349385  1828.573189005368  140.7533965781124
-105.76815882589808  1818.9219164663741  144.35632233574685
-106.40205242575331  1808.9905758950003  147.79326635435388
-106.90067419368478  1798.8012302257143  150.89705216316327
-107.4981501488744  1788.375713167407  153.7295828251412
-108.35445883471304  1777.676765594983  156.8084950320647
-109.29528617861546  1766.7434501686846  160.09640358880876
-110.15094209770511  1755.6458793814734  163.16477874544148
-110.72054205669909  1744.3906298172828  165.8515765443274
-111.29133241457589  1733.121229766229  168.22502959197294
-111.73031769778856  1721.7941693410817  170.5014023128269
-112.190562555673  1710.5073448093437  172.6614269729222
-112.5381833528052  1699.1925191394264  174.56819614593635
-112.69476913469272  1687.9474116091703  176.00045957099823
-112.60396126944192  1676.8561718331562  176.9466011993321
-112.34225862630018  1665.9028895915221  177.50367890025197
-111.80964436736414  1655.157854622827  177.5396240986801
-111.24948584382554  1644.5685058495128  177.24114998939984
-110.28457615520307  1634.2425791882733  176.50706796983278
-109.26339953276685  1624.1256876356615  175.68582776968714
-108.18409994068247  1614.1808271109746  174.5987273409815
-107.34104385498027  1604.2985818009063  173.5351233960727
-106.52376572843227  1594.5494476981662  171.75500080824673
-105.48478896400812  1584.865365429248  170.08855216060263
-104.04542356510873  1575.3596512093698  168.07292143444886
-102.53661188165148  1566.6524091560832  166.51352314254405
-100.95693849927261  1557.5620694117215  164.61392511773937
-94.20391237355916  1549.2444428630736  154.09814733294772
-81.44324329170001  1540.478854758687  142.4095741485353
-67.11877709516149  1532.615803424867  129.31741702202692
-56.5070193114181  1524.4788099518041  123.73915209547415
-55.71002743701392  1516.3466725512692  111.29486315209043
-60.79641604173158  1507.8316104437129  95.20707675013432
-67.77717593150314  1499.3047313912925  75.60480730228262
-71.58045203960353  1491.013528470368  71.28476025900105
-72.00453353265878  1481.7972941010557  75.53807281987282
-73.55355281031386  1472.6963546197123  88.49717841042266
-75.71952135697637  1463.7135773782677  94.63550681771417
-77.51732699013195  1456.412048245087  99.34661882616166
-78.94747298183556  1449.2338128518113  101.78452995414655
-79.71037715430207  1442.4744733994917  105.67020225978975
-80.64055094685122  1436.108295811796  107.87391648665435
-81.1591892295434  1430.7105759608066  114.91661651962082
-81.73316365892678  1425.778944533624  118.7484609940779
-82.20193027768238  1421.2946815696912  122.38973914592681
-82.62958898653822  1416.8393151594264  119.38826033396185
-77.83994269525525  1412.8397891294183  123.3653376127646
-69.80537187239949  1409.0123007941208  130.83978901329402
-59.415539657053394  1405.712916398285  141.64391307500316
-51.53104181463172  1402.7128128813677  148.5565539601188
-45.013630066906636  1400.285116795327  153.9999561243928
-38.85976550703081  1398.0489919998147  158.38979966069667
