-93.74491406200087  1364.8539474820864  91.88062786787708
-84.63680327375825  1367.4718487285927  86.82584474949864
-74.22942825738154  1370.714332785028  80.10258766946433
-67.26505310387583  1374.70119450633  76.01704353854733
-64.26473729515433  1378.908547709748  73.4947050505208
-60.898228124021344  1383.773071401473  71.55510341417602
-57.71879375677391  1387.9978806413965  70.8360270293384
-55.86816469215087  1392.076144005497  79.78498833775586
-55.20460862149703  1395.0848813455555  99.8190512962923
-66.27024906119968  1399.117347669209  126.22081201601043
-77.98152365695536  1403.4872507891414  129.8493315741966
-90.89278122357211  1413.2332497751001  125.62961075044919
-94.60107028192186  1424.429984198063  117.60365246558803
-99.29877348064323  1436.9576142221335  125.14620666906704
-104.91266596303653  1447.0592558317057  130.97320168441388
-109.79657245076613  1457.7380818520178  133.95908914296436
-113.85438542499247  1469.2765107348773  137.2463213390603
-116.72397438767001  1481.0380433548496  140.9906564126367
-119.61008380713855  1492.973713249448  145.8511869060178
-122.31525697295046  1504.9287006278623  149.64787193563663
-124.8773667866897  1517.020156227382  153.16801696703948
-126.98678842243015  1529.2320780243024  156.44542544504884
-128.78746379710987  1541.5064239354806  159.34035970829743
-130.31028559828985  1553.7700715080593  161.789418245255
-131.72781863468376  1565.9572787903858  163.8730759126597
-132.9245702486504  1578.1321135607013  165.53344390978754
-133.9522425563955  1590.3290457273663  166.95023415263105
-134.83141276064117  1602.507679190249  168.11949024107886
-135.5210130998326  1614.5587110970953  169.15783405767652
-136.03207903752542  1626.4954410457246  169.7090360342292
-136.29918158788064  1638.301273827642  169.9499222994254
-136.46016738028442  1649.9948688610098  169.88203084813014
-136.26986923327055  1661.516984252715  169.88885293506752
-136.0452487923492  1672.900959885523  169.42746327181607
-135.52879075391377  1684.129465984077  168.68742442358354
-135.0787997184623  1695.2246441013708  167.59262109725285
-134.29893198478504  1706.111402885587  166.53251094698126
-133.3720200603476  1716.904507138659  165.56106283433763
-132.32463016373225  1727.5674349994022  164.70365344674644
-131.17675033515513  1738.383581888637  163.14971971861272
-130.01423403281032  1749.2630838767072  161.60979663049136
-128.7064770721038  1759.9944763486242  159.0482838846462
-127.47182270801864  1770.715123031504  157.4456137831043
-126.06646553897751  1781.0805625181092  154.80387366732512
-124.65188871088317  1791.7169284579477  152.51748545270993
-123.03065725784919  1801.9900842791117  149.4888103882221
-121.67731391097902  1812.2543218294122  146.40382796731345
-120.44743976583842  1822.0568275145108  143.42584203233437
-119.47603877306591  1831.5190530748864  140.4483718134881
-118.63006573982696  1840.7401393944833  136.96106158175849
-117.95465036844493  1849.6291032615504  132.96180172288956
-117.4390676322694  1858.1883931343555  128.780504389723
-116.94660278493069  1866.1536770474731  124.74507106752421
-116.46471191231723  1873.4803207390935  120.57989482192292
-116.00539980472364  1880.1573666971194  116.39685244797728
-115.72007843783574  1886.1460451099488  112.57766143125463
-115.51249475900958  1891.3049753409987  109.03694189480026
-115.37609814985213  1895.5607168668294  105.49285508293492
-115.2453250704673  1898.9868093442487  102.41323570986125
-115.21623890273605  1901.5549079198931  99.73113944585354
-115.43769753998761  1903.2186568227398  97.40861319558809
-115.67100805275659  1903.8895707868387  95.56052410362975
-116.01948721447496  1903.6779077175686  94.22236262973344
-116.38026584755282  1902.671656573911  93.41067882308326
-117.1626759446885  1900.771712477619  93.19656877473601
-118.06489307493257  1897.9996755473346  93.56910669084633
-119.14922251680068  1894.3291278879092  94.6504532527536
-120.07882557480619  1889.8813975255428  95.71925927139408
-120.96080536984759  1884.6279962515396  97.22263335160166
-121.85311906013443  1878.561951211243  99.04510391766645
-122.7418638245652  1871.680581052946  101.73274581053275
-123.70104266826925  1864.1598442411475  104.43668445049356
-124.55084268720283  1856.0439962853025  107.25479460021104
-125.25161295125241  1847.4365711302723  109.96523526631317
-125.79067764892801  1838.3016054901138  113.10739425565211
-126.08559372252721  1828.760662274973  116.35082554790033
-126.25765495977247  1818.8268349277262  119.67176426507127
-126.35115149621035  1808.5535712635485  122.85148174189351
-126.4251713473363  1797.9571306358291  126.0746763846038
-126.5121811468468  1787.0673505740237  129.14089277439012
-126.56556658408664  1775.8552437095127  132.1815825892324
-126.53411944178157  1764.34317888883  134.93558221939887
-126.4278450020327  1752.532484383968  137.68534946368985
-126.2679348152605  1740.5087610240203  140.25501167891437
-126.124500248751  1728.3034148225445  142.77767859070318
-125.96244638648905  1715.9321478536092  144.90310431774233
-125.70005698678935  1703.3750483716212  146.5991995338061
-125.31066667991533  1690.6476820569703  147.94454419810697
-124.89821813965067  1677.829781766096  149.15710916490912
-124.74737668019942  1664.970496858855  150.24281010065846
-124.64461779663048  1651.997657113394  151.05741653940288
-124.68095000414817  1638.9781332708671  152.03017619211045
-124.66832600631801  1625.8728438832727  146.8599098993985
-129.84060685961836  1612.1227516115607  138.98086304955993
-140.6661909183643  1598.4326103422436  127.62565553514128
-148.6665626981349  1584.482724527667  115.99285308945163
-148.52734831082296  1572.1998204544514  104.97666053320772
-138.0550302866573  1561.3088688523994  94.63438495084488
-125.11656769669972  1548.4464719735402  97.31472189477567
-113.81651655133489  1535.4434995187876  110.05417268792763
-104.81169819295621  1521.6585169158557  125.28528395702594
-97.9535518798089  1510.9592909643793  138.7897548779727
-89.65472682593213  1498.7755872781202  146.10109448356837
-81.75060358084149  1488.2384083313354  155.62028442515881
-75.3874043163592  1479.0045128760598  144.87021149145667
-70.19331391198723  1472.7039520457188  131.3686994043978
-65.34590881436611  1465.7470064369516  114.5779523978193
-65.55941143118577  1458.479983371023  115.56709024405012
-69.37731469434247  1450.387545382636  117.95757347973534
-75.9349738647801  1442.7631125140485  121.5309972990574
-79.78687394895772  1435.464149968797  122.59135561875749
-82.64101652389152  1428.951399709182  123.40832550492745
-85.36603877273845  1422.6548863682108  124.18239964331599
-87.98618783301065  1416.7582492428592  125.0476926932242
-90.28647484253169  1411.3393497253871  125.64751946991032
-92.02090889834437  1406.4888293768045  126.12710005376692
-93.44012585881458  1402.1381018028055  126.39162451439311
-94.56040827567996  1398.2814145645084  126.63755376557631
-95.42408696354767  1394.8469555890454  126.66482396835886
-96.09130810486477  1391.8551313823186  126.62850272150071
-96.54223063765642  1389.2600165894353  126.4349256279495
-96.93699560507042  1387.028883741014  126.21575882472231
-97.13048163585239  1385.1277814832904  125.65824436351346
-97.23919730587394  1383.520939848138  125.02856193825562
-97.16524066116475  1382.1859691305244  124.1817241844927
-97.00872616820224  1381.07658634905  123.4757456173667
-96.83809223452047  1380.1645450690019  122.77197811604384
-96.64850425070173  1379.4222527350007  122.09003802745903
-96.4562135775579  1378.8483616414644  121.43262598545222
-96.21975786151839  1378.42597686563  120.7166902413518
