-92.72702045697632  1344.1001402381823  81.011166128416
-93.10474956751919  1344.1656927241243  81.30113239535515
-93.52882440068984  1344.3100746788505  81.658415929324
-93.99709792880623  1344.5371816042627  82.06939018737788
-94.544253013467  1344.8637813152977  82.57237078289006
-90.10902335843231  1345.3211838200896  83.13377642792038
-87.7109082523643  1345.9547892678283  83.78756090285844
-87.56341783796995  1346.8265513357908  84.49089159129635
-92.50487445512998  1347.9413234179087  85.6093247990429
-95.58085711467045  1349.3186286446144  86.99768681300102
-96.46979512732088  1350.9675970607789  88.57398481676489
-98.11072409843193  1352.9238237158652  90.22275524037045
-100.3225973291904  1355.2618655218698  92.09845940755946
-97.99830220309296  1358.0524172951298  90.26203744709235
-92.28093070283833  1361.9726540297822  86.09638787184853
-84.23353841698432  1366.4828572029282  80.44272730107946
-79.39109289850472  1371.5326772206968  77.4989091350563
-75.61237596726383  1376.557371408801  75.47337415314202
-72.61178996889802  1382.1757846446676  74.02685532446482
-69.69717377556115  1388.3721680633594  72.90652891069888
-68.1272294565265  1395.1820073175568  72.44432241555518
-66.74150598490678  1401.3970385818852  74.70280955486466
-65.94170040195704  1406.888646252034  92.2117381698407
-64.37426228441868  1411.9114431074381  111.61018067192802
-69.40264842542128  1419.229637915284  130.54285121536094
-81.84059063165378  1427.0575341467747  132.28489025344368
-96.9477071535447  1438.060012500427  122.55180410817975
-101.79587448712444  1448.3949717402447  112.81420023984413
-110.14989793527036  1459.752081176271  103.84915127984456
-128.51245864162684  1469.0910484348751  102.72288448083413
-154.7846184186525  1478.6025747498243  98.85902763901827
-161.73028964202734  1489.1990735752054  95.92507715596511
-163.93889529683767  1500.5179499595527  95.26615928693826
-162.21661494492682  1512.4952847369661  96.14393835532503
-169.7467639695714  1525.346647682053  108.2980473647601
-169.93306370978323  1538.3244038379503  121.87997497525083
-169.63047544929958  1551.510057473966  136.8030333922799
-169.20401483927108  1564.0168304613112  143.21379792181926
-168.81542411410652  1576.785028024031  150.18166275117937
-168.99792151025397  1589.710070934914  157.58417830066116
-168.6935143278393  1602.5193613415217  164.2256371676488
-168.3371119050963  1615.219343529468  169.86634744169857
-167.9695927120709  1627.7972542864056  174.2135741978759
-167.63283182117087  1640.3783322645425  178.35663373238296
-167.31932590955392  1653.0206577946062  181.81310323003342
-166.9372052094664  1665.7243686520678  184.44282759620498
-166.59281156966978  1678.4964695658864  186.36438764977447
-166.2338371527415  1691.3106228204385  188.25655205078397
-165.82339270782535  1704.0243563871927  189.81153178239748
-165.0841840686571  1716.798009402524  190.80015278864929
-163.943967588545  1729.696565853514  191.10313585847626
-162.39765038592984  1742.5316405036947  191.20391939126017
-160.85049398796235  1755.4946743709206  190.5521439839459
-159.40259484236495  1768.0100433147306  188.96877110059114
-157.8163476091824  1780.6481916806729  186.47678351536536
-155.5065505517481  1792.7399644654415  183.64700423120485
-152.65604967214847  1804.8778767919325  179.77454527779597
-149.29869583292577  1816.6640563279623  174.1933035136129
-146.17115231354623  1828.1714290725924  168.25730907982128
-143.01590699744386  1839.0177522923254  162.78703632722502
-140.24128192097655  1849.2324473687818  157.8341879287075
-137.4687645921301  1858.8265577316993  152.47941401589534
-134.9185777071278  1867.94429284917  146.26448635815777
-132.49115794140306  1876.334522414321  140.91694296372586
-130.3963473948852  1884.066009082037  135.55686219921395
-128.56535119456532  1891.055453680751  131.19218918321255
-126.98555860376393  1897.382129469747  126.51524709002568
-125.63101910521816  1902.8611134370033  122.600141661792
-124.48479115497946  1907.4993160104825  119.12021669974627
-123.5575678066765  1911.3833902100027  116.36776710424881
-123.08289285815043  1914.4822128509982  113.69399793612817
-122.97017619109856  1916.8082702472793  111.59378935836762
-123.1691308895154  1918.1129628444708  109.94294055597284
-123.35452236255254  1918.6026690204044  108.96617226149546
-123.70413001349917  1918.1525381466445  108.24992700358911
-124.13178153935202  1916.9955941387245  107.95425838944415
-124.5906638745022  1914.9808917996904  108.74218594610865
-125.17258358492766  1912.2825194937418  109.60286051957627
-125.88681204685419  1908.792164074901  110.8150273900267
-126.75158325739191  1904.7113009567129  111.71808053109311
-127.6493761628785  1899.9767463079716  113.24440722203111
-128.55663236581933  1894.6792403291274  114.93418270110448
-129.66780842723395  1888.7419713953068  116.91907729547896
-130.64555653252225  1882.3002778830025  118.7923968924668
-131.66651334323075  1875.3397921090152  120.79321183027182
-132.47701585396058  1867.996603503053  122.72940949266913
-133.31485706534588  1860.1788481524381  125.01086602649889
-134.0556364027867  1851.990011630352  127.3488989421732
-134.75186989973076  1843.3760666597325  129.92516164800998
-135.41466782063185  1834.4946027568237  132.32738974245285
-136.22553713030698  1825.2995540877996  135.0448307314755
-136.97556041485024  1815.8586729108931  137.4500958863263
-137.65371458353832  1806.1280885057001  139.77678461880475
-138.12791435613227  1796.1814981151185  141.76131907838365
-138.59933178818244  1786.0446145470419  143.69879250718037
-139.03936165912626  1775.7536785208192  145.48056910277134
-139.47141878772868  1765.2928815749465  146.96673389918328
-139.88767733433846  1754.6422201579533  148.2551124007904
-140.0945201781885  1743.773824114485  149.3215177485386
-140.03488059344556  1732.8461023644059  150.19947726980797
-139.76344794410343  1721.7905633415764  150.87131786513646
-139.40133185472558  1710.6240864441709  151.37720708543208
-138.9858297381002  1699.2165495528238  151.7413227962132
-138.3016187885704  1687.6887907271825  152.00737409564107
-137.37514361486816  1676.0873615537698  152.26197238902887
-136.25497649254598  1664.4510189524403  152.38427927893144
-135.0738688111013  1652.7996509037985  152.43296320565582
-133.79505468064826  1641.207771461252  152.3461045956838
-132.29167279846678  1629.7294991998056  152.2155610706176
-130.53613579970383  1618.4193252588834  151.85642069248968
-128.72470982280828  1607.2462207220226  151.2649211054223
-126.77382523909105  1596.26030844322  150.23944633373367
-125.00778979258978  1585.4254781356478  148.7720179747434
-128.89601543158247  1574.8678914699474  146.87796714712584
-130.89680076072193  1563.5532780037151  144.48525415668936
-137.8578501308492  1553.4486345968191  141.62861708971434
-144.87061766935432  1542.4400863311685  128.00363671275082
-150.5576310981372  1532.474346067162  111.10899988512797
-147.36941626133066  1522.3185920586013  82.87914449892605
-138.63576636504916  1513.4122671321834  76.89097498040108
-128.37152150309004  1504.1375657732417  79.69666242711503
-115.76532429962018  1494.5439071702945  100.16552871929012
-100.67576862840342  1485.2425347751853  110.01264990760752
-88.52794194468669  1476.9256208636882  118.16583225416747
-80.79896390510619  1468.1910744643242  123.84292212982267
-72.81443622261331  1460.7512253808418  131.12450364850034
-65.05325537505372  1454.1892265817917  127.64160267617352
-57.83608375948292  1449.2199290082287  111.82807513953395
-51.91614677586785  1443.5454032873595  92.34039304352476
-46.476931254765496  1437.5772198403183  78.4390108671944
-46.19851079847291  1431.3587505123176  75.67394491561586
-44.85754824545536  1425.1694161537519  70.1213184646303
-48.30856597925557  1419.3862273502468  67.9028835334999
-51.910220881727156  1413.4470896429993  66.43452512649566
-59.03130858245957  1407.7919254374542  69.31478174624202
-64.09282699842132  1402.063388637096  71.09298022331048
-65.82620202341488  1396.7475059026935  69.87700976177229
