-84.66058565654825  1365.1544298358024  123.08217747383564
-78.98723954432896  1368.1284001975305  119.61222135080548
-70.0578115550495  1371.670188224306  114.64648162656452
-64.26206175840991  1375.929672383587  112.30160762368855
-60.14953247802046  1380.1307454766122  110.70441740615429
-57.97445412404464  1383.4627420147297  110.64286438044357
-56.187215557481686  1386.8606372870959  114.56547567345706
-64.53340205912578  1390.0779669232913  123.30187771378851
-75.3447233721353  1394.8516142606645  130.9970147246915
-89.96960469885099  1399.0545382452995  144.07926436231685
-104.59321122645481  1402.6226998413852  157.17035679433718
-121.15896773925607  1407.033707069717  165.7907678773239
-138.3735508244779  1413.0535095425446  173.07507604343226
-149.1094581701469  1420.9057773699512  172.29831915495024
-153.3772212698983  1432.2219977586121  180.3785951188888
-153.31415896627925  1445.2716489477762  182.88094041853842
-148.37907743375732  1459.756792586075  190.15155909910263
-146.62322114556997  1472.3444157756198  194.90853181041874
-145.37137024820646  1484.927216554754  199.2465138105889
-145.33100363296393  1498.0034214528544  204.33101128219218
-144.5867645533471  1511.0525244146347  209.6066908026051
-143.6734040017306  1524.1754213479921  214.35579147561344
-143.12382607272727  1537.1110124432319  218.40233958517726
-142.81164887612192  1550.2171245266832  221.5142405570221
-142.62216495461135  1563.3863755231744  224.42094952532628
-142.5777226198173  1576.4810197819645  226.92756149321804
-142.55888769062608  1589.5654442028806  228.96016657954465
-142.63099565173798  1602.6536095597419  230.30659721753605
-142.30552247411433  1615.8792216993056  231.43608442158092
-142.40484229886337  1629.2547713458835  232.44605740465076
-142.92572321689488  1642.478258323722  233.38977088956628
-143.83560266652958  1655.6608006414417  234.09145581410982
-144.39187110101753  1668.7038326962618  234.6061944684305
-144.52506475092747  1681.8636980883268  235.05077287479227
-144.8154106605291  1694.9853576369546  235.2364051814437
-145.0519707682373  1708.0894684233385  235.3102336535428
-145.18922124340511  1720.9809571857907  235.26656524903987
-145.16527856551457  1733.6936392538344  235.21070017840614
-144.6682207485767  1746.1636275735307  234.66105589215312
-144.06820524828285  1758.573806259181  233.6330700193232
-143.02613332175207  1770.8107498369595  232.18622437405813
-141.84936364094142  1782.812447513662  230.34343821412256
-140.35986019063344  1794.6266088046461  227.8992410847579
-138.65601164377333  1806.1657549984975  225.14008994805187
-136.9043455056729  1817.4078209266181  222.04995420503923
-134.98781928784666  1828.2459602600477  218.87276722825374
-133.09958128360847  1838.7032865629337  215.12730133502816
-131.11151098894186  1848.6787414440928  211.1658254751414
-128.82913358873043  1858.1795080240238  206.2483197739393
-126.38967258185005  1866.9992146522147  201.15648225217524
-123.93853721637218  1875.1492888679143  195.41821950806724
-121.55466945743787  1882.4940549438975  190.3456885430439
-119.39509422916655  1889.1180009915179  185.05955569404586
-117.46958838419462  1894.808114684946  180.25451447140895
-115.92662773362765  1899.5842686425613  175.40448255859263
-114.70226712759987  1903.5138628913548  171.0534575968948
-113.76762586650332  1906.6187283942847  167.19703360799826
-113.23373041763651  1908.8281219505832  163.87584236611752
-113.03393744119523  1909.987949570466  161.08718976262654
-113.02791357332032  1910.1741039311562  158.6308249552787
-113.48283305328191  1909.4280833422304  156.7238962704895
-114.18453504399216  1907.72223589859  155.30601704218884
-115.36313994117828  1905.0815243366283  154.33814294021263
-116.43652738162099  1901.525087134884  153.72134137134952
-117.5626604991742  1897.1688043304362  153.1767834474399
-118.64126136490594  1892.0948918803463  152.77018825896005
-119.76341240385895  1886.3776304476105  152.46774225751884
-120.78102644884231  1880.0541672662382  152.2400354094351
-121.8121710123003  1873.1959226324393  152.0696535305879
-122.83704896613523  1865.818527069634  151.84334958174273
-124.08212377450533  1857.9927549120337  151.78254597353057
-125.26941970070527  1849.6669877909947  151.8338191253519
-126.48391811281105  1841.0092824589176  151.90193545258106
-127.51932019580715  1831.9551093580023  152.01329920797428
-128.4213879062455  1822.7395826986976  152.19352241764756
-129.17423777375927  1813.2365396523307  152.38971527213567
-129.85576639866605  1803.5460877448677  152.5495451844613
-130.5151350484111  1793.548400239102  152.65197594185
-131.13735966536115  1783.3625774616248  152.7562147530086
-131.6330308490554  1773.034473474578  152.83381794613788
-132.04607559190663  1762.590572321563  152.8970036371992
-132.30831250667504  1751.981026405217  152.9068903078321
-132.47589827017617  1741.2834687377606  152.92327438575344
-132.4327880478968  1730.5020398000927  152.92338465999137
-132.25259190821376  1719.6927350924013  152.94004402336424
-132.04801016560856  1708.7967302946292  152.94659384551753
-131.91792042482126  1697.8548000412625  152.95265715280735
-131.70586250833958  1686.903009245768  152.78467488342923
-131.29940491310998  1676.0191393092693  152.6363721331387
-130.57050608376164  1665.1570892479162  152.15326728603213
-129.67063426195512  1654.3441085173556  151.47160206886562
-128.93357664899844  1644.3906932951963  150.12442965928412
-128.4727586770206  1633.8623799519382  148.95476950384372
-122.68463288560571  1623.3198387902094  142.59937064389555
-110.5754751321677  1612.841988725327  130.62806033274015
-102.48086282571845  1603.2202011600032  115.91124758857865
-104.57230920868885  1592.816412740334  98.88819927854279
-112.96127015365015  1581.5352276709764  86.7446956372001
-116.54858502572884  1569.4270711358563  75.97077177886965
-115.39996154324423  1558.6304751790622  66.30352985824142
-114.0904748446288  1548.254773485779  64.05767764267907
-114.33210509699259  1537.106495026501  64.48657358694163
-114.31497083303057  1525.7167678122717  73.94471437549149
-114.69351154295312  1513.3266103299338  78.2178280927779
-114.64990485760617  1502.8677902291934  82.50409194451643
-109.7519790844014  1491.9835046104597  87.74450120530082
-101.48752214562296  1482.5699835010448  97.47045990062853
-89.24182802670177  1474.019469560363  100.1202113148394
-79.65925098841068  1467.2036197788743  96.47629018225787
-71.20885126284287  1460.508458459992  83.92803581844288
-69.05110206349747  1453.5608044888418  80.77863399018368
-70.57885393588447  1445.9384169736395  81.90687624454404
-74.61344122216715  1438.7849461577136  86.44543930315848
