-58.03558978947108  1363.8402685989306  82.84360540630391
-52.23568110551337  1365.893726706294  78.42173254584402
-53.366514521994446  1368.0372424319144  79.5836499180423
-60.40939597285853  1369.57496797815  82.52266612558572
-79.63311464686817  1373.4999520320894  82.08709131606118
-97.0233307545882  1378.5698447184222  79.42136325772964
-106.85632218772784  1385.2381667333589  80.22510156728285
-105.78561235425465  1392.9088842367419  90.35643125746272
-102.97331272391219  1400.8135519623452  103.16675826864027
-103.92287132560638  1409.7874874603694  112.0538319583971
-105.0255704143549  1418.5588168889049  118.39809953868908
-105.32155574877886  1427.934175910215  125.958929073809
-104.9662170073868  1437.610077057322  135.05078251212478
-104.86964680387207  1447.6947261598943  143.32260266895753
-105.29164629628896  1458.1585104345882  150.8289057189972
-105.8204307838352  1468.8650133063652  158.1714674390722
-106.43715583002023  1479.8964253585482  165.2368321766201
-107.16269334017541  1491.1263065395897  172.02477256447148
-108.05705913177398  1502.5912102248735  178.08893007101483
-109.19031942276173  1514.2323707329958  183.794238496272
-110.47782856357082  1526.0867282702964  188.78978634343133
-111.92165078603779  1538.0269176407878  193.46397745647621
-113.44199015553997  1550.0755166760678  197.49705436645823
-115.14453225746054  1562.1607554431275  201.19705396670656
-116.97063639817137  1574.3689235954093  204.37255070366805
-118.90789102009757  1586.539080203211  207.17203410459254
-120.84989382716341  1598.6838366948255  209.5665756997377
-122.78217920730411  1610.7627015765802  211.27217923014538
-124.65765908877462  1622.8187871891444  212.5117179631063
-126.42671119268888  1634.8438536573963  213.14295096265624
-128.14699929200356  1646.7732199151446  213.50939974502978
-129.75310157599182  1658.6400123791364  213.46139795008446
-131.3887375445954  1670.4295468396751  213.02541323137777
-132.80710546175678  1682.118164997562  212.26280498153181
-134.04724032087955  1693.6963372236144  211.14003835883503
-135.0023202119034  1705.1770601693918  209.69074053335737
-135.64469095189088  1716.5844152011725  207.9326293818983
-136.12248681137825  1727.8668905539269  206.02390456087502
-136.40957796972612  1739.0072335182083  203.7466934770622
-136.63720203322228  1749.9526170832894  201.4008657890035
-136.6831184972651  1760.7577395657486  198.66082921777456
-136.51270703293534  1771.3577994902935  196.2373215533267
-136.3148577930659  1781.8120725264334  193.44639432475523
-136.01005791577685  1792.0492827729968  190.75967179524025
-135.7389854090332  1802.075401429845  187.93225033501253
-135.38486083100952  1811.7906244731644  185.55051840326365
-134.9819323727276  1821.2445725865916  183.0113645514498
-134.58637804020162  1830.3931192236287  180.50257242621518
-134.1983368210936  1839.2968750607783  177.32480468889767
-133.79518043425819  1847.803711596751  174.58427067560484
-133.40705918741133  1855.8446753676144  172.03387321817888
-132.99317304446154  1863.4280817294207  169.7821575700433
-132.6729406284283  1870.5980578722745  167.2817323223675
-132.14328907695662  1877.397225203355  164.42883480938653
-131.54280029643948  1883.683843971177  161.61960357444764
-130.87548652921217  1889.3858105179804  158.855893936803
-130.13335744693728  1894.4567649117762  155.93433527663097
-129.37436424724672  1898.8023378095704  153.16151998995446
-128.47092719959903  1902.4964103017326  150.54914907340284
-127.73379758992934  1905.4187959390297  148.41550960640487
-127.05193443911557  1907.6521774350113  146.4197897353995
-126.54338667785349  1909.0190107996398  144.5045473352241
-126.27568220671802  1909.611129035623  143.0709519675482
-126.28792351415193  1909.3569529388794  142.03380627724744
-126.58799805347104  1908.358083268523  141.422610927728
-126.92815186141375  1906.5270191847094  141.4569717178934
-127.33090278920102  1903.9356744034217  141.72694602820513
-127.69907730311947  1900.4968698538946  142.8294358648278
-128.09867544016964  1896.3320874561784  143.79137635198774
-128.56471443092187  1891.4307792708407  145.26754761133026
-129.05110022810322  1885.8829537711308  146.88343219678052
-129.62841752393942  1879.7441080944336  148.57158725664144
-130.06928499078168  1873.1225248058097  150.20541866019596
-130.50788345173945  1866.036181674799  151.922632759617
-130.8343975781857  1858.5058184521267  153.83135356057062
-131.12822359659367  1850.5172108497873  155.9254293042257
-131.325888392655  1842.2313929846196  157.7700464426563
-131.41925287624446  1833.5912035958927  159.9496175909082
-131.37968011192729  1824.660713444653  162.13551995724723
-131.08633031945078  1815.4114549158846  164.133775856951
-130.7012806621089  1805.9112094738546  165.87946989399856
-130.1517827952983  1796.2152593018632  167.41045434272016
-129.7095433456287  1786.3334800915186  168.91541908022813
-129.06703590430178  1776.317114653472  170.08224301639316
-128.51785537834857  1766.1814148045742  171.02417527378637
-127.88671351071078  1755.9410097906602  171.73656020089078
-127.39088011678601  1745.595859830261  172.21416648925234
-126.95949290697197  1735.1226848963106  172.56403550756883
-126.48179316463988  1724.5175104969094  172.7810313109864
-125.91515532218214  1713.8439849773392  172.54813734781055
-125.29506344016134  1703.036956248935  172.0754269820636
-124.79438936884267  1692.0005495562195  171.35403782971022
-124.41114677534976  1680.7976732719644  170.12873174726744
-123.96612225889697  1669.518509318921  168.9909894022298
-123.84211464567912  1658.3667966716723  167.9683654136352
-124.09036831111624  1647.1370356334642  161.09707192186326
-130.00052391998557  1635.11402055653  151.00321416433826
-139.02704948887845  1623.043441931569  137.31505645616673
-144.16328420306954  1611.1860005140197  126.40947004477917
-148.11402788359112  1601.233711913407  117.11049706259783
-144.9104293820801  1591.686851318624  105.37480429371814
-145.5204519378256  1582.4880157792686  91.50772707770001
-141.32518825255562  1572.164002682111  74.86611706062024
-139.79269575426525  1562.425060275929  59.782215236176924
-137.2148466512897  1552.5764177461676  47.45824633510164
-133.32128899725205  1543.6558559752627  36.11148556291462
-129.46332144914854  1534.6480315573424  37.15795784656419
-125.87752388806389  1524.6010460296015  45.392147130172205
-123.13912834250243  1514.5538264480379  62.0593346388662
-121.34823554103207  1504.4521972195514  71.45990143920235
-118.57972590224986  1496.0563071537244  79.55922176471493
-116.0633220153746  1487.865713551032  85.26742207118997
-113.20107146115286  1479.8846363002433  92.3062044742682
-111.72052440778897  1472.1169225840736  98.01885320478021
-110.1360141659498  1464.706997101078  102.39853318176947
-108.80893486906453  1457.7941720862686  105.88517011834034
-107.00910017741636  1451.1718052028368  110.19501514691854
-105.80467360392159  1444.5220541593126  113.1460768985721
-104.30696526239268  1438.4124563916962  116.84161726020385
-103.3595335020306  1432.266673117649  117.67450717142866
-102.59769913779071  1427.0050451197203  118.91751237228449
-102.11657509325649  1421.414929248902  118.59587587668376
-101.605105731174  1416.54334475466  120.19770945423255
-96.12038048145556  1410.9754560790784  122.84511151685416
-85.3751210713384  1406.102518540001  131.40474079893545
-72.86915642375189  1400.836636717795  140.69801937737378
-63.26330435012205  1396.2482731675545  150.22901181550995
-57.30865081973023  1391.5382911573863  155.20725396411325
-51.136674205799764  1387.3867719577268  159.73389585597334
-45.166971821342784  1383.4311864425579  164.24790518742574
-39.815287646343336  1380.7859261803774  168.19541057973703
