-29.71247922575704  1356.8777011441077  167.51264380850026
-40.29680429432641  1357.6351845778054  157.80983508499833
-52.71717118639397  1358.9469783650222  152.19906815485993
-56.68186381070269  1360.1396607914614  147.21369695311893
-61.82545840308934  1362.0604622061915  144.0438471224677
-67.30569649784618  1364.0670358855734  140.30190740611815
-78.15626521545107  1366.0136214782567  141.4436642230079
-90.76461235988853  1367.8362979658132  147.3620436465091
-105.61547295188785  1369.812425415912  156.32215472359022
-116.40736869219224  1372.6364647439686  153.95805889021165
-125.95552133965822  1378.7214431861905  143.65453498617964
-128.32368844488474  1385.8355815987675  134.3551601211873
-126.93395897356393  1394.9767516138313  135.97557785845973
-128.02582142527336  1402.5536208198337  136.26293888495357
-129.61929617194656  1410.271557745324  135.85679403012398
-130.90205082566584  1418.4797068704934  136.085980922613
-125.90929137079179  1427.1820898310311  143.4540002896672
-123.04649329121769  1437.1150533600642  149.9807227482272
-121.61383710826814  1446.565191078343  154.31967835944812
-120.6323655842675  1456.3952623606567  158.5773170437599
-119.88697626862012  1466.5783629375733  163.24282117046442
-119.26567545289566  1477.1904324459583  168.03726870144587
-119.53413846315864  1488.1135252728247  172.6254510029182
-120.23180660965126  1499.2334842619196  176.75635703475456
-121.06669029732416  1510.5720334098664  180.86243936916787
-122.02812588645622  1522.2110422910175  184.41257715984386
-123.13486208868574  1534.0460022101981  188.0241791585163
-124.4712204181595  1546.0621609307282  191.4772592156501
-125.8134169125346  1558.1511403879663  195.04839399224159
-127.05239945039503  1570.3587224037224  198.25439236192744
-128.1986918445289  1582.6452210279542  201.1235889860224
-129.30916383928798  1595.0307308700708  203.70469796429472
-130.38859280811323  1607.495309452555  206.030785315017
-131.20023373185745  1620.2012280177837  208.1411473274379
-131.90739677177282  1632.9606389715107  210.12447899433744
-132.38877315569505  1646.0813660424842  212.03161357338865
-132.87351167896583  1659.2801216693003  213.80706164680944
-133.40128183861304  1672.6025580192043  215.4366583571238
-133.87661380726928  1685.8504890900354  216.93404998738714
-134.28687983232075  1699.007034224067  217.4507296948808
-134.32260509770177  1712.5014586306363  216.83706603244872
-134.25100528185882  1725.9366827041554  215.47446508983126
-133.97822198222045  1739.3019653335123  214.23278239520897
-133.64633700017137  1752.2603787478008  213.2001503999696
-133.04740239928415  1765.0003149550212  212.2927679515424
-132.17523397015455  1777.4484625463906  210.20203710862512
-131.24630320421116  1789.8189630358597  208.05637255564716
-130.3808641945052  1801.525860577323  205.55580848887416
-129.6507269710408  1813.0297599827993  203.50812237558233
-128.7037813423995  1823.7377326371743  200.75396606003392
-127.54630746028889  1834.2944098474434  197.37905394859536
-125.9800453965557  1844.111078260075  194.03329855359164
-124.40506754559877  1853.5296176631018  189.68763305333468
-122.81234796448545  1862.2306622988242  185.55916924889226
-121.21548683866604  1870.4351625883273  181.17835573305598
-119.70457565069937  1877.8539663322215  177.64153569218374
-118.24624417450067  1884.6672733928187  173.6350796601323
-117.04746089674379  1890.7545352844115  169.74992917344989
-115.77896881563692  1896.0764187370753  166.06591993846428
-114.61495579703083  1900.5519414168568  162.7901487746608
-113.64510347932645  1904.246951270423  159.7678941548614
-112.86932867665482  1907.2060431376983  157.1188045876961
-112.2318850987991  1909.311348730808  154.74843145364156
-111.6649685537435  1910.4561754116078  152.71116673866553
-111.19971805225684  1910.6927574959243  150.80388571369065
-110.83394559978508  1910.1439220058078  149.3019903310694
-110.58326137265492  1908.7144058477306  148.0738386030954
-110.39598577215492  1906.4892261864848  147.1934816050203
-110.2277696063244  1903.4250358684446  146.3928566239427
-109.99669598789701  1899.664180925549  145.78029785960234
-109.72400541735203  1895.1580088542523  145.35494812784128
-109.43161914454791  1890.0061197103078  145.05604910243773
-109.14291199103454  1884.2193964431294  144.96673603985556
-108.75534651839449  1877.9633177252101  145.07785034420993
-108.33401363240326  1871.2188029573063  145.18619705924334
-107.86164833796653  1864.1712807112758  145.3932263341985
-107.40740245304333  1856.7000771934036  145.52570110999312
-106.79502661660526  1848.9783843787907  145.77677761093756
-106.0135546948016  1840.9043953707483  146.21047530732278
-105.2620719668525  1832.5991300764408  146.6265440527119
-104.49019238365867  1824.0187334663322  147.12952086439546
-103.83602063937018  1815.2101275607145  147.4156901806701
-102.87282141266101  1806.1800963566282  147.88803381450472
-101.95256638716799  1796.951022853858  148.44860365245063
-100.89454834871378  1787.5069637892468  149.0205153205916
-100.01450677144645  1777.8842055033474  149.54682235407657
-99.07441144491992  1768.0511020079744  150.0402212902867
-98.18371904561364  1758.0949488138817  150.58878455398877
-97.37130412473272  1747.9638553710383  151.1523346464243
-96.61445084192832  1737.735559435686  151.692456020671
-95.96233946608012  1727.387821391491  152.10030110818093
-95.34109780290933  1717.012248377509  152.48651532744398
-94.78654084765802  1706.5832041737006  152.63754989458863
-94.25938176041356  1696.189898593678  152.8443107184136
-93.56829171487368  1685.7956289965077  152.82945030553725
-92.91306769899184  1675.520325191611  152.93745463020804
-92.1858628531058  1665.2606131666257  152.87680508999267
-97.47255004688036  1655.0851212652653  152.8138856071863
-109.30391569678315  1644.2444484017108  140.9506087196985
-122.88835856382934  1633.422079627715  127.64280923157786
-132.41211060744882  1622.582423456616  112.73762447233294
-137.36310222100593  1612.4600107397416  108.26030701509855
-142.57549839199345  1602.506285436381  102.63101841198679
-147.46987193513257  1592.6450309577706  95.70604601258682
-146.30602240242624  1583.480153777278  79.81200711169787
-138.41627350725088  1574.4142880459735  64.32014775296287
-129.27699480722615  1565.7963586196431  49.48041353804161
-122.64215891175365  1555.0574771046308  60.25127135340949
-120.38949939859869  1544.307526063162  71.63870434608734
-117.29702051903195  1533.539387951336  88.74562395027489
-114.98473256485768  1524.436148473093  89.41906683634703
-107.78398746268353  1515.4081185264831  101.36436898739505
-95.23991929461569  1506.1234760148382  112.94753205137673
-81.81169846747343  1498.0720946286142  127.14964510737263
-71.85058941358278  1489.8209969492957  134.5042979369083
-65.49150583790164  1482.8810886990407  133.03581530242496
-58.22312012203213  1476.126368727284  123.69548986068472
-50.587308641950706  1470.5017437523838  110.68812596984593
-44.00011831036758  1464.695749094577  111.06543895965459
-38.703145853229344  1458.6525934028223  112.96587403493982
-34.09991177068517  1453.0249554595134  120.81948721906875
-29.75989794978312  1447.7381388045724  115.80271191958671
-25.82966969075199  1442.6905600642335  110.49800058319947
-22.469142793102147  1437.8318246032147  99.58269180049368
-19.29482744594397  1433.1681965417943  92.39054725716106
-16.293491835033297  1428.760171934166  89.28147115993872
-13.617162509326816  1424.5755739934978  84.94298871504745
-11.294006574269776  1420.5893283921132  80.70616056448004
-9.1921785322095  1416.839061933098  76.51682606214013
-7.297680630847919  1413.2835915993335  73.17525528234593
-5.5927088414609125  1409.9370909815261  70.44608528549404
-4.182836104764364  1406.801993362446  67.80380173868845
-2.905270054194059  1403.8639332835646  65.26390167914357
-1.9264831735595935  1401.1506338949957  62.96116781847652
-1.0102967334158561  1398.6238053902334  61.02895060051856
-5.0495912298305985  1396.3224571140956  63.32136764029014
-7.316067182673685  1394.230209130667  64.06823162213966
-13.671496144560788  1392.3261986016946  68.22713326382106
-13.272439456930845  1390.6264067664608  66.70413610253074
-14.021034567889362  1389.099272125394  66.27418920835002
-10.075007140362613  1387.758917967289  61.86596362807896
-8.057423807011148  1386.5521755739383  59.18452073592756
-6.777109858344344  1385.467133879347  57.211095242338544
-10.549122253817288  1384.4701257890536  59.66570986465323
