-99.06729584107634  1395.8347307548063  102.12386305931965
-98.90707527178283  1398.0890720198263  104.35592640754774
-98.89576512687351  1400.7311949282393  106.62784152570065
-99.18399106116729  1403.7682439742252  108.5550746149568
-99.52503698363196  1407.1217052482107  110.9283434210225
-100.20949803556648  1410.8555308656637  113.19099487856843
-101.10338955987775  1414.9531058795208  115.92399885597452
-102.38326509588963  1419.4888976119823  118.50874166202786
-103.80118259201663  1424.4100854474502  121.40740417906876
-105.50664278337281  1429.699203131603  124.33236287458277
-107.39199475834042  1435.3041528670274  127.2931040562778
-109.65486059868715  1441.263830617198  129.95252770349146
-111.93310697853832  1447.5945462094078  132.44773380943107
-114.61276596386942  1454.2702272840859  135.07375157785648
-117.22598888535101  1461.2749450136653  137.68965062770496
-119.99316214809829  1468.6607502489228  140.16936284684522
-122.57027057181801  1476.36867492166  142.37298144566614
-124.88974869345938  1484.4647429597176  144.145381288438
-126.9281639078245  1493.0008925535064  146.23256722331382
-128.6945192758189  1501.7749757121842  147.87935042899602
-130.49984244962738  1510.9933045494993  150.1513097791574
-132.54315248731854  1520.2296988370708  151.9283984581964
-134.53989710175605  1529.977264326497  153.7940755847627
-136.51645940279317  1539.8741669973444  153.8298111218033
-138.37420821466424  1550.6057888028245  154.3644134841145
-140.32553183201992  1561.1555404391547  151.64033620975428
-142.237149254819  1572.6758324253615  152.21857631045393
-144.16782385075655  1582.9988866238978  151.33373319042357
-146.1257584443816  1594.435814411073  153.48850396534996
-148.23452707458017  1605.231170337789  152.59709548290266
-150.35221005706964  1617.4129055296594  152.05876506380585
-152.96542358520088  1629.1213386659726  151.19073646108967
-155.55460725149862  1641.073089446049  150.9295941251828
-157.78172236409134  1653.0200522988177  150.35859243965956
-159.57867082280507  1665.326844534786  151.07334634776413
-160.93096777570818  1677.2974038094105  150.5129116302798
-162.3151519827255  1689.7049910943795  149.62024316329303
-163.1955013136661  1701.9981976479303  146.69326994375643
-164.360067212062  1715.2251111731655  146.89617489242212
-165.52681738837086  1726.983343532459  143.94884087218944
-166.2782982090666  1739.685830907168  141.9835686877426
-166.67987076323638  1751.425921794388  135.30185319492546
-166.84604686080027  1764.593338131889  132.6213001988795
-166.36627380419202  1776.3680556923837  126.88723116826989
-165.30956462820828  1788.8733112572859  123.89922242150087
-163.88677428318795  1800.5134322228892  118.30992003703979
-163.02310129245313  1812.6342573873546  116.23869335413944
-162.1369651086052  1823.6557743364756  109.54847088575994
-161.09143488958082  1835.2390663620488  106.28335128997938
-159.90209752525442  1845.5438926957568  98.49312121437274
-158.7740916373852  1856.284215375566  96.64761889307157
-157.42528380665985  1865.36883826965  90.40066691487047
-156.0947878709357  1874.904073379937  87.6863269423593
-154.319055716227  1883.2178732603697  81.93894761563296
-152.7787370695578  1891.61258662266  79.64924998943901
-151.2264182625957  1898.8268108635227  77.25995100287199
-150.13297034074702  1905.6357227995175  75.83659103737187
-149.0707374075079  1911.7070083657509  73.97930768807197
-148.04133234957942  1917.1633627389776  71.84622866147978
-147.21881630374847  1921.7648739238036  70.33426185730747
-146.61172120802232  1925.5279098364465  68.58667249833947
-146.17975282620066  1928.572697208062  67.54433938904711
-145.98332376188233  1930.76171900913  66.23346840989362
-146.04797455617916  1932.0836078395525  65.77765180106488
-146.37499608200412  1932.3816259771243  64.65804990648479
-146.74974730428607  1931.9880324837893  64.61345126911785
-147.06373369131904  1930.5736353147072  64.40325966870809
-147.38343129945883  1928.453065078038  64.91318228766167
-147.7147978666559  1925.3002083366514  65.15425250188068
-148.1141901554655  1921.4681833987888  65.64970582923162
-148.4450300396482  1916.6998405764966  65.67211244457499
-149.30257506906844  1911.427866588085  66.70444809150713
-149.9744466475371  1905.1993829972575  67.22282183185702
-151.1727455191719  1898.5559602371595  70.00228880613145
-152.0274887022989  1890.7841917247235  71.61787835978778
-153.27304086440307  1882.7607677654653  75.3176591839198
-154.26842588937245  1873.6927336640865  77.38829503024414
-155.20638345284794  1864.5684545485865  81.9127827745394
-155.6803430535118  1854.3538134925027  84.38159433085126
-156.16719524530427  1844.2902451494203  88.20234111567953
-156.48158356317992  1833.3375893275077  91.17407819258786
-157.14537640052703  1822.471292022763  95.2005453098823
-157.50806083942138  1810.8873368175978  99.62011021544254
-157.76908926274305  1799.3546596012238  103.17051239555543
-157.31283503889694  1787.624665364814  106.11738715364345
-157.01704126309605  1776.0478928917382  109.08702603338895
-156.28688566308554  1764.047718337267  111.65741232598907
-155.51564057090536  1752.2485341265801  115.50186148425243
-154.3664524123409  1740.0250212902026  118.85555601785367
-153.6439774935406  1727.977904001325  123.47551990814097
-152.85093998787104  1715.4946463308888  127.76788634620316
-151.5582260784679  1703.3051905107827  131.6888601353049
-149.90963800539075  1691.2391120324726  134.5788692364694
-148.3524729972014  1679.5550217707087  138.28643114299652
-147.14536807030896  1667.5227343307724  142.01000818988936
-145.443680642405  1655.789825621953  145.69884492823292
-143.42098572422177  1644.193110533336  148.07015135254915
-141.16598442994098  1633.1583130361553  150.06868105548594
-139.09486023300977  1622.1982006616156  152.160167454738
-137.26362738748583  1611.264385522979  154.3475225796432
-135.31718855213293  1600.531079422005  156.30984842133117
-133.4254432908489  1590.0124861470115  157.97046948296844
-131.5574292366773  1579.7545705987209  159.25643049927083
-129.87319108751933  1569.6829277940415  160.42867730474396
-128.18951619433304  1559.7864436855946  161.4808632234947
-126.58601854518892  1550.0838884559216  162.38599705397615
-124.88273854432093  1540.584102085161  162.90788875805674
-123.29959670100493  1531.30094157743  163.1896521049428
-121.6023701340459  1522.2374504497684  163.18515730565179
-120.09162126486171  1513.3830907817344  163.12310605576528
-118.5681018986778  1504.7765091687518  162.8707976597991
-117.29112669286391  1496.4165492578556  162.412056485527
-116.1175264614318  1488.3054926544423  161.58984620146074
-115.15790018148515  1480.4502615390688  160.43835046352547
-114.26681956241504  1472.8690629252317  158.9968533582597
-113.26775434960922  1466.0441594431686  157.7369592710715
-117.76544153097565  1459.9881407274709  147.79181459748054
-115.2125101357396  1454.5238146611725  136.72196273647478
-114.21902084502808  1449.192692412014  124.07814767835151
-108.47623542797095  1443.3710212711321  113.57812720520474
-110.59833691116543  1437.9653910643697  96.93478893607289
-111.59039510635998  1432.9916200170198  78.57324908169804
-111.49523167828302  1429.1038049282133  64.37539114222524
-110.95908749610095  1425.6550662115935  55.08160213044405
-110.38092770248504  1422.6252879365409  46.285904749455604
-110.4361979867993  1420.089521269717  37.74470912998697
-110.13010249625354  1417.9609875453855  30.17840434172623
-109.74001341999023  1416.2305834864312  23.88191518672976
-109.14420988770362  1414.7541433062083  18.53138537979283
-108.60937768665396  1413.5380779430352  13.706513285961426
-108.04238393467509  1412.515939193847  9.474585665524653
-107.43410967815956  1411.6496664343633  5.836171357466863
