-139.9742911029372  1399.4573810051152  148.04288114520872
-145.57608390123013  1400.7485148105707  156.4879731384802
-150.64589326840374  1402.410651364302  154.76246081775082
-154.7870015930906  1407.631819703819  146.12145423891732
-158.90265616851158  1413.7432387814474  131.04622766293684
-163.34430575427166  1421.109600708157  122.11245318791175
-167.89000258568848  1426.662615671037  114.85999184949962
-172.17082242124576  1433.1177407785954  110.22441307900205
-175.79390856535102  1440.303814455382  105.12660818197095
-173.39847443688356  1448.1377887993272  106.1951573350089
-164.68624922043006  1457.0290825515622  114.3668816533929
-154.3229415286999  1466.2148177819881  125.44108982876554
-147.47932108407628  1475.860418045857  133.51168750976754
-144.62845841693007  1485.2010777042644  137.77017681361323
-141.13269652337746  1494.8899731103747  142.7187091425685
-137.66640834668922  1504.8406711492557  148.17913686851347
-134.9631244874716  1514.9679572239675  153.33563752040354
-132.90574235731808  1525.2922871542146  157.87152473185827
-131.30028501647328  1535.7951957927594  161.6811275096196
-129.76390084141622  1546.5213230538216  165.24802259662042
-128.73023263117105  1557.4299042967523  168.4132192783769
-128.06992941673127  1568.5058084401894  171.27067645460983
-127.77123878288873  1579.7006648422173  173.79841007138563
-127.46285333608506  1591.0350870532177  175.97403448882653
-127.34937187603653  1602.4837359607748  177.9055116112274
-127.38029575536407  1614.034087574144  179.5058914880533
-127.4742780208882  1625.6531104838177  180.77432051426283
-127.54451284640781  1637.2829857392715  181.66326102171948
-127.66569397934771  1648.8629383514033  182.4226811405112
-127.86975312225553  1660.3732447636764  183.08040447197178
-128.0078262467829  1671.8406333640391  183.6420129545648
-127.96002568321026  1683.146739087776  183.98896813787874
-127.79069195350051  1694.332242663271  183.41746534083074
-127.4205438731371  1705.2863997787708  182.31658650571967
-126.8440963598608  1716.1414074571917  180.7589084263707
-125.88567176456145  1726.8268777938813  179.20478517067056
-124.82746995428377  1737.4093958476114  176.9492416976838
-123.60922673816793  1747.8055404425907  174.39059214265944
-122.30448483625138  1758.0315526650056  171.46953049288803
-120.88223495664067  1768.085084275785  168.49875974128403
-119.39675228123816  1778.0360813781092  165.2421649056482
-118.08242297082273  1787.931544326138  161.76777862252044
-116.8986320978901  1797.7417878859535  158.45226448812502
-115.87500026785538  1807.500243816374  154.8747797813082
-115.02877907180587  1817.137455210295  151.50638594236074
-114.39683333620152  1826.7231390771087  147.90180046749532
-114.01926346807197  1836.2415087894838  144.4356486627262
-113.8188022802281  1845.661366847402  140.83165491775193
-113.79685230302036  1854.9175017175828  137.3143324714553
-114.04147505741598  1863.9999339552342  133.47866405772368
-114.29410455561724  1872.8536562983516  129.75582632214406
-114.5333759580442  1881.3929959510067  126.39680830397515
-114.73886001929074  1889.521956846197  123.30396075913127
-114.96470223667356  1897.1825555960465  120.29224273930367
-115.22549160338023  1904.3446623308546  117.07218564778472
-115.31461585912575  1910.9213908778072  114.36332372154236
-115.51204586581431  1916.9455202002391  111.88562577146713
-115.7176001511606  1922.2653982313932  109.65769945490364
-116.0185267301443  1926.7789159045426  107.21586016687517
-116.32374869807815  1930.4897484431046  104.90421897032162
-116.61245841304039  1933.3592967071359  102.84836551063876
-117.01064373227972  1935.408822435802  101.2009717342758
-117.33783346558789  1936.423497715247  99.93879754212688
-117.68214512989131  1936.4808101507288  98.68731745927978
-118.17592367985968  1935.6163219315022  97.43573212083035
-118.83978180258238  1933.851631117552  96.44817432714393
-119.66574972627512  1931.126372918854  96.03385802295709
-120.35519797552453  1927.4327167292356  96.14890793404226
-120.96718228926662  1922.891056605984  96.37163785803168
-121.56544068418853  1917.5832374128909  96.90175590787567
-122.12603780972964  1911.5797643480646  97.59627875625632
-122.77956793562305  1904.8660810018785  98.74160980989538
-123.47311646179153  1897.5692945122566  99.95686753326265
-124.36513627257492  1889.6866542351343  101.86856623316521
-125.23619364548846  1881.3782039387781  103.7389885300569
-126.08536151565096  1872.668299754514  105.98517510782956
-127.0169732288911  1863.6498666803202  108.04439465177622
-127.94921014054961  1854.3072398901254  110.43516525701132
-128.9230931003944  1844.671958062359  112.8174912224799
-129.5906458288718  1834.797321040762  115.18569559614423
-130.2015926642947  1824.7091981785102  117.51143397940514
-130.6825129641252  1814.3646479815097  120.13641133835209
-131.15649855602948  1803.7852831441585  122.59072092417408
-131.52307179546443  1792.9109885509126  125.08782163256942
-131.7682383510982  1781.8491298619817  126.98601043383061
-131.9151136663765  1770.5802809646339  129.0847572885414
-131.8939162916367  1759.2192288128995  130.92407645218344
-131.78357358257566  1747.7721389168232  132.81162209141237
-131.51546296089393  1736.3324083884063  134.37960223731716
-131.14876310657263  1724.975598368093  135.77037481291063
-130.7122037010069  1713.795819431357  137.0033566102956
-130.26768495533577  1702.7276492396973  138.1429421505149
-129.6720322882981  1691.7833892930469  139.18231536280632
-129.04067087651342  1680.8838705900753  140.1074695217306
-128.27434936596586  1670.1774033652837  140.95681855728228
-127.57350639839  1659.5999664899325  141.65311590032871
-126.68061548556287  1649.1721723722544  142.24113112408284
-125.63360555184126  1638.7743752638241  142.50292740202883
-124.56583095978417  1628.4576360101712  142.72248898505666
-123.36993222019302  1618.1597191876833  142.7535677070349
-122.23420007697142  1607.9273836654831  142.85232012028524
-121.03419178679411  1597.7092358124269  142.8240236946548
-119.85369382444802  1587.6242187424484  142.7618317894138
-118.55589985852384  1577.6023741772765  142.64811966205568
-117.17150722086629  1567.712378948165  142.27755474668055
-115.85874409595047  1557.9314614182251  141.63505375163626
-114.66543959832283  1548.361208637318  140.47010920555516
-113.59389807476393  1538.9834802404291  138.96442364441768
-112.59443985605343  1529.8712004276767  137.50722262629318
-111.66898360574461  1521.048416208977  135.73014299682288
-116.1918837788544  1512.5695583665781  134.13485152809065
-118.5589228017174  1504.3828142351224  132.27528125014746
-119.99767585839172  1496.442502434848  130.9574565057215
-114.9748312063452  1488.6452552091503  129.75518811338443
-112.14434481263167  1481.0377183068344  128.94006004927087
-115.74486918224255  1473.5127435690667  122.75880130582686
-123.03627642016605  1465.3062542193777  113.41591921554388
-133.56611812247215  1457.2041967174093  100.37880571121843
-139.98037528048224  1449.3226585027296  91.47031386190555
-145.43525922724933  1442.4723964144273  83.8202084554707
-149.40887602907654  1435.9714936778764  78.0630309749957
-153.3540731349308  1429.8133874414775  72.02076135551678
-156.91993834927638  1424.2859415942403  66.79661120895089
-159.7315330651269  1419.406397203844  62.0422397516362
-162.1561502882075  1415.2289270414833  67.38579822808691
-164.11746354582723  1411.7475371198652  69.50480388228112
-165.7328985479211  1407.7497706751137  79.95114733700039
-167.0235517245449  1404.8800076418183  77.36762769284014
-167.94048964645344  1401.5715916790157  86.32128836990346
