-167.7559905485845  1406.8789157323981  54.076072143493924
-159.5561189093879  1410.2350163073095  65.47232775444203
-149.04236620707212  1414.1010815336842  78.2306988298392
-142.04658306145888  1418.6715033285398  92.12461856637597
-136.49374778010332  1422.9992639224452  97.68395489214305
-131.36036921371647  1427.8749851030473  104.24824527328676
-126.72201433592045  1433.2664687743782  111.65789691451089
-122.88667709626829  1439.1059628327616  118.4798830595195
-120.10409681093343  1445.3476854951464  124.59862358822951
-117.88350440461777  1451.919220765972  129.9506767159612
-116.11632523268206  1458.957402871413  135.08851444393846
-114.68268848505275  1466.3949550924592  140.19264809026993
-113.68270275369429  1474.2401033822193  144.96006573723983
-112.95879221087253  1482.4629709509013  149.57074732195485
-112.55265163586492  1491.1005941328706  153.74778653867054
-112.3719012897708  1500.104140803733  157.7618415165092
-112.4375682969069  1509.421633045273  161.43662865058053
-112.56315827338868  1519.0105677893744  164.76717497061935
-112.9220802133505  1528.887300840269  167.70869237479178
-113.33149996366024  1539.05386707644  170.36551925639642
-114.01472475463466  1549.4714886943862  172.73620709611217
-114.82620268774262  1560.0145946807177  174.84560841856253
-115.86958698659708  1570.7208273851484  176.6309293270603
-117.02484682574814  1581.5753473346201  178.0247153403654
-118.32739390229784  1592.625778146414  179.16050282043713
-119.69064439462755  1603.7289670301607  180.0671748284422
-121.11387684962666  1614.8811893221327  180.72540532623347
-122.46198736986217  1626.0743511523094  180.96857095531735
-123.8379249177703  1637.2869041232045  180.93796240884944
-125.11195467927305  1648.5107987217775  180.61513329240995
-126.47376102639495  1659.7367762936979  180.21533085140655
-127.69592435536589  1671.1600899516404  179.9591928542771
-128.8223452935833  1682.5269025303287  179.0271606702825
-129.71956940904843  1694.1678089525813  178.29373469715313
-130.34129965795822  1705.575422056253  176.63478576444112
-130.86053449904387  1717.3749999730626  175.01812044844505
-130.96574579249994  1729.1509029329832  172.22229383557485
-131.27679577682923  1741.2180045556509  170.33695067698707
-131.0501876145787  1752.9346798088166  167.92151755282515
-131.07332327894187  1764.821676165846  166.30015134728416
-130.46123230090075  1776.455207929545  162.9892625138895
-130.21413568580084  1788.4078839241051  160.0126467564451
-129.45717062729744  1799.8638565479955  156.34239993405387
-128.96310808602297  1811.2754130470387  152.85701312243725
-128.028626571162  1822.123217201816  149.3617029592637
-127.39265182079376  1832.6806348313123  146.0881975357612
-126.49947667983251  1842.5915131940333  143.46884066349511
-125.89620676361253  1852.1805418527742  140.7329936518764
-125.01129938541496  1861.2140775158718  137.6205722416042
-124.26362297522047  1870.149385574476  133.97339213150008
-123.46189048941854  1878.5606816210586  130.21922327802963
-122.88404880224849  1886.7516624697769  125.73207124581319
-122.35095705717642  1894.4371061292445  121.39600944360295
-121.89114358868486  1901.7910516638035  116.40113366756877
-121.50569911409359  1908.600773432295  112.21409909581433
-121.21974238145272  1914.8713719145226  108.16481709135363
-120.960430117957  1920.5575582012052  104.49088669301912
-120.75549465742057  1925.600357667634  100.95152012391985
-120.6061393574511  1929.8906141099326  97.39737845895947
-120.44096757854687  1933.4454094156988  94.54531193288331
-120.38813926160353  1936.278726413624  91.92139322501693
-120.4492613716224  1938.4040082260117  89.55264861672482
-120.74950902833056  1939.7519519791126  87.83111235718805
-121.11357519969431  1940.2112762680474  86.17636132384658
-121.54248967997471  1939.9339715378119  85.34014999445746
-121.84508306765318  1938.7204293030761  84.14504172090422
-122.0746007309094  1936.8098546642575  83.70770382976514
-122.20766440082026  1933.9501229690384  82.73415569233266
-122.27365944738149  1930.442869342779  82.8695979021945
-122.30590466584238  1926.0025559771202  82.96410605847237
-122.25683653907583  1920.9484915320338  83.52549166803674
-122.25507197300368  1915.0826868106537  84.38007777470955
-122.29682900326546  1908.6534158289533  86.20615551196822
-122.2614342660711  1901.5451649364422  88.26946398942266
-122.10403236840732  1894.0604143856501  90.17284387532618
-121.81815645622792  1886.1164966867163  91.25276885243292
-121.53171550837193  1877.9436973310517  93.07554225048243
-121.23872595029296  1869.2412861461016  94.67238718495405
-120.62690181867139  1860.3858324357452  96.46356789407729
-119.92183151274642  1850.981928373158  98.84308175715911
-119.12711015578881  1841.5330176215966  101.84359380488823
-118.51651186823393  1831.8347577384566  105.64566067394514
-117.91985141321669  1822.1266402893823  108.80479360187799
-117.28503834608215  1812.1821345572923  111.92603971649348
-116.5523729120085  1802.0271348224858  114.8601111942955
-115.75455683691627  1791.7125981286517  117.85226487393754
-114.8574876720572  1781.2394581920337  120.6675000075687
-113.9296446475351  1770.5914457487306  123.67396992427166
-112.8943525518249  1759.8605339311493  126.53241446457088
-111.81519932754274  1749.0332963528813  129.64274755808054
-110.65343637948453  1738.1905165441808  132.37973835355368
-109.40024132230556  1727.266193846122  135.27225628850567
-108.13108802858662  1716.3384108028831  137.7632120736228
-106.72602957621804  1705.385656434652  140.1134848422917
-105.35437920426718  1694.5022717475902  142.09012738950682
-103.95709343885774  1683.6627686719285  143.68536611843507
-102.5310669462794  1672.962150187897  144.9697683390453
-101.21108264927612  1662.3503322306187  145.88503859536272
-99.8726303518623  1651.959347409086  146.42572441058022
-98.62203557381784  1641.77395878089  146.62219435661626
-97.23160124501167  1631.8807821600526  146.41048647750495
-95.93528797078092  1622.201371346068  146.23857652238866
-94.78649259884361  1612.7551239908394  145.8027825453066
-93.80876521753954  1603.4853729608672  145.30416803904959
-92.97960532574919  1594.4054136548398  144.53221099260824
-92.31378891974062  1585.4723455140834  143.79401932210726
-91.77494162908172  1576.7190159333375  142.93958092768256
-91.25810146136934  1568.1127465067461  142.17329397834428
-90.74757956918505  1559.7167243212346  141.488531032474
-90.21368636314074  1551.4731182412802  140.98832140665206
-89.71346136781469  1543.4206938145853  140.59656270840753
-89.22061617382394  1535.4485498521478  140.32596938169502
-88.95034111691673  1527.5720915919992  140.2062179384466
-88.90973144886014  1519.3700972276558  135.11034943345942
-88.89555780881952  1510.8212438409587  140.91069473358257
-94.07362417702939  1502.4227157909183  138.53709027444887
-102.36942380943121  1494.5366935379598  136.73663922020404
-107.67312540450713  1487.7055927486863  126.13740695001769
-104.21439362795593  1481.4935491432723  126.02981170146406
-97.59272249409288  1475.6880681327243  130.36204360996464
-94.29446931412707  1470.172039919195  131.7771967820124
-99.27171383126428  1464.8140929352298  125.32480906420786
-101.3817841464934  1460.0733366098882  113.26933666970834
-100.49511873924169  1455.6179545925388  92.58930519716967
-94.6597637531524  1451.6689552736968  74.81655210288287
-96.61471047303485  1448.0936349163187  59.759508789497644
-99.17247661789833  1445.0108405409592  50.8820871029333
-105.2432667162276  1442.3484214916753  45.954697139023985
-108.57638941244434  1439.5626196018986  44.00098130706343
-116.01435518409468  1437.0146652280685  45.405864812987645
-116.81101895671249  1434.6709914723647  41.084035647844495
-118.38201431404718  1433.0028860418706  38.313419003184734
-115.27843767450328  1431.5125854794846  32.1776626147396
-118.87664386850649  1430.1665309779605  32.38434342371577
-116.32454102512364  1428.9972073999686  27.57159337555317
-119.52974668005695  1427.978768921456  27.83759722700179
-116.43043110787735  1427.3512254775924  23.01818143996042
-119.5767438758073  1426.7041975945576  23.57911281483936
-116.77258598532089  1426.336401452692  19.250009499992817
-113.14380836955159  1425.9404926839084  14.333117404608016
-105.95433697241954  1425.8173070553385  6.67379804328016
-100.81709241387209  1425.6769032283237  0.9903327753350966
-98.76578145212142  1425.52020240029  -1.7574403702430694
-101.10291646166068  1425.395957102569  -4.841622768378372
-106.61286661495316  1424.7883140588037  0.7163766980752282
