-50.03655464148872  1352.9382551311219  102.5086856097707
-47.17528690743962  1355.607888789793  108.10080799356349
-55.21757506506918  1358.01515258994  116.76956703398275
-64.91837596109103  1362.1989279237532  128.0489375842713
-76.40111832184019  1365.7506205673565  137.02548667306573
-86.00323261211608  1369.7799087502456  149.02346061183172
-103.64138110844452  1373.657102952636  164.27641498708937
-124.02724038357013  1378.6892359729914  180.8700627362801
-139.60907167338274  1384.8716995208729  186.15648626156724
-149.47713644991921  1395.5376709705129  182.74078812747925
-153.14321512217907  1407.9998647709072  180.585035574906
-153.12605926406195  1421.8728217734902  188.75054588279022
-148.06268122101415  1433.3323741260967  201.39935146350285
-145.67990429444464  1445.7057413952348  209.90587466378068
-143.9474889189524  1458.3883466295301  215.59674071405735
-143.61360672758153  1471.6341310869075  220.91066228737964
-143.09014755325683  1484.9526643764075  226.89622062643886
-142.5048023394062  1498.3827947017721  231.91620496939493
-142.5616312292052  1511.9724722737315  235.82165165763143
-142.4752308460503  1525.8471386335436  239.01059253186278
-142.6160935869375  1539.9108751340455  241.43051775908847
-142.54535256935702  1554.1472931399376  243.35707344305206
-142.64010225886952  1568.469659235379  244.30095879512874
-142.54868490505245  1582.8035048020795  244.87672177334545
-142.63359481765835  1597.2926588681232  244.7255792878097
-142.38338691567185  1611.8311613974456  244.43296763230305
-142.2541718825449  1626.5339096803705  243.55721386645487
-142.08027171856838  1641.1910242479246  242.55506516938024
-142.01764411196825  1655.827582374493  241.22386221616168
-141.7964655558015  1670.5096920710446  239.04519352151368
-141.33076814806935  1685.2197962214098  236.3249153007267
-140.71910517711905  1699.9769755744053  232.80020125927965
-140.05553683894084  1714.5750338111595  229.58486468338276
-139.37040747898737  1729.2135850065638  225.41708587263307
-138.71747414986476  1743.6956103355728  221.148515079692
-138.04436772412268  1758.017537618639  216.09585902446426
-137.48663204612936  1771.8830927932927  211.72974948993146
-136.90904009225562  1785.4103574456537  206.88531426876295
-136.39008409266995  1798.5004353999652  202.2533779669355
-135.8451492943803  1811.1859666991406  197.11206697872325
-135.40668524994473  1823.3616487445865  192.12732096610222
-135.03287947192248  1835.0565501353299  186.99425745880694
-134.71739290014662  1846.2805323030843  181.92765095491637
-134.482349501133  1857.0453291602635  176.69244804068552
-134.4054545521909  1867.264853380301  171.56369429990428
-134.50972395941722  1876.8850142154456  166.1123264650519
-134.66601879810128  1885.8063098993032  161.1209334024206
-134.72971996387363  1894.0325673697998  155.9973853953723
-134.6522783468395  1901.4515467531394  151.31431720042931
-134.58501320255283  1907.8400677022487  146.5728220953973
-134.54218553384806  1913.089560117492  142.47134306983392
-134.49971260565192  1917.3269658552479  138.51529514543168
-134.43097433159573  1920.462329099741  135.12018786330808
-134.323126127561  1922.4587586909838  132.07768192180004
-134.1421177251512  1923.0760851832142  129.71942813697137
-133.93012079047597  1922.5340998683348  127.70324014216814
-133.66872144755447  1920.81996733719  126.01346477620991
-133.4263375527923  1918.042380022433  124.69719785505721
-133.05042420544189  1914.1855988877694  123.76757847902584
-132.587912715177  1909.4051914123675  123.13863804867907
-131.7689158389302  1903.823042191012  122.74803053764253
-130.96725646998698  1897.6592849813462  122.54622121207683
-129.87093709779106  1890.934412186866  122.5648126415602
-128.9654295409159  1883.76926620742  122.79906573987306
-127.85441020785015  1876.1451121223765  123.19730602247895
-126.78546739443429  1868.2827897111276  123.69364264420393
-125.6770813388723  1860.150745651142  124.6790991575241
-124.58300569748296  1851.8823532348665  126.05955202570502
-123.48706302244446  1843.4575083658665  127.98655444872313
-122.29393845763552  1834.9769386356722  130.0731530373294
-121.17330948885869  1826.4245169498342  132.20627391418572
-119.73428225066174  1817.8312078546726  134.24974157293343
-118.29545986463542  1809.151578130114  136.0014774998596
-116.36544913552947  1800.4549812420203  137.6501306841289
-114.7174948996651  1791.6410778515394  139.00426271355462
-112.41935445491879  1782.8305952535227  140.2345864230828
-110.2024917006763  1773.9191050414836  141.20827142419492
-107.64863500692815  1764.987492189835  142.07842624935262
-105.35988739971472  1755.9718314473  142.7905917180392
-103.09409093273788  1746.9758252229599  143.44404090977804
-100.91660143687199  1738.0060061443876  144.03351459055594
-98.81876430961613  1729.0666450057456  144.5867518614901
-96.7549968857336  1720.1161500012786  145.123601291152
-94.82163612058429  1711.1680947277089  145.62594317137692
-93.09811446069298  1702.2029651377602  146.28418835304413
-91.55131615168737  1693.2224451271102  147.0481686584524
-90.2254021785393  1684.1253249999504  147.87270104193945
-89.0619963184047  1674.942297499226  148.5746484394956
-88.09452062248857  1665.5906784364697  149.50636933303858
-87.22463499772661  1656.1397514000646  150.4988569782463
-86.45446040860581  1646.5527121828527  151.72166055639656
-85.78192944072062  1636.9300205648203  152.89294579363954
-85.20428684849328  1627.255557510429  154.58058513760207
-84.71201641475436  1617.6190650118297  156.21149972486538
-84.24499426378758  1608.0278133337497  157.6780603988437
-83.79477979704521  1598.5643085754602  158.73314613891839
-83.24583559560014  1589.212670624536  159.71185074298364
-82.66142573996008  1580.0563268820006  160.68705268977664
-82.09973372639341  1571.0952605534471  161.40994929786098
-81.65905676534831  1562.4048974961493  161.95933520151667
-81.2556462030434  1553.9728580164492  162.35177009872578
-80.81528825379317  1545.844051696573  162.5048171171392
-80.4654377735673  1537.9849493305774  162.3151405506274
-80.1025854340182  1530.4388896366493  161.80960215823376
-79.77424491309631  1523.1392932720496  161.18386876578032
-79.3489167440648  1516.142780244037  160.6548979613133
-79.10266846794246  1509.3527330224858  160.18513956913677
-78.88880194783613  1502.9136931882251  158.99017487563646
-84.36981201649473  1496.655936170431  157.68345291626258
-96.1322439018043  1490.0384919871535  150.71828794851618
-109.44019818164281  1483.4175293265414  138.22414272135816
-118.91166806446505  1477.0780729618546  124.22876556636376
-123.96657613903038  1471.5138029542757  114.10929975351715
-129.68438916292965  1466.351666675032  108.35425192575222
-135.44312380623404  1461.3614704881072  101.95653030193843
-140.44908941928776  1456.7853053007266  95.48083272111622
-144.41499957399336  1452.5618397974995  89.69516778358599
-147.5398222626844  1448.858398151955  85.14736506073875
-150.35439302814115  1445.549510051665  81.32700784914144
-152.79978976129257  1442.7014904737441  78.13173033956511
-154.8567361306749  1440.1537054719488  75.16566759426844
-156.5786307195983  1437.9637179933516  72.96923545341247
-158.0109096127989  1435.998227767833  70.83275247464078
-159.2516536565632  1434.3149564698178  69.13077605762854
-160.33233811011598  1432.8103247720867  67.46630103681443
-161.13752634121892  1431.4608915593797  66.19741653803308
-161.7923812112869  1430.2362273203084  64.93387811303491
-162.303356897748  1429.090990986178  63.83489942400334
-162.80890124586665  1428.0137738884714  62.62288596943148
-163.22123360077956  1426.9715385658033  61.590360984285745
-163.6088174121125  1425.9308402900176  60.601628296079035
-163.88292660847418  1424.9367088813472  59.855382737514475
-164.12993837687262  1423.929669076477  59.189958551414264
-159.20130910863818  1423.2330350877644  58.081796192340626
-156.33322723992214  1422.3566333626763  57.008583282704265
-149.14131564403368  1421.6844780247852  51.60651741375658
-149.29437377263324  1420.5413616478809  48.195599162841276
-143.20102984295778  1419.7080139468228  41.27245395819463
-143.72272448862077  1418.4478924071784  40.48151338013592
-145.2301418896342  1417.0762894158554  40.29115629423533
-150.73216546010605  1415.3995975943778  43.863906240989216
-154.201573181744  1414.1009256265143  41.29527687954955
-154.85221435788284  1411.5664367488434  47.61608121913808
-151.1870012347485  1409.7240974115962  46.92080956425601
-149.88326335926448  1406.4214769433984  60.60709555602102
-150.72692229296825  1403.2099347593414  69.40486182311923
-156.265316209576  1399.0358190924617  91.78344983338549
-159.29567280680502  1395.6062331194553  107.53389823386497
-159.8571976129203  1393.3336076657815  119.77763500133084
-160.94742903519176  1391.0429589475546  128.8487247434652
-162.22674724468268  1389.0528504480742  137.40009229814572
-163.44999911364698  1387.224577409166  145.79768493564902
-164.12705572665584  1385.750990948754  152.55639998749447
-164.6136710916372  1384.5215544274165  148.9049404762294
-165.21772902647683  1383.4191040226208  148.00866317035735
-165.74770590038747  1383.6943127820039  138.81914672860168
-166.19146791985054  1385.4818205737452  129.71367735662741
