-86.33846412425059  1304.929957946345  27.408036871742546
-86.96758653049719  1306.0734709632852  30.297051713349568
-87.63638492898123  1307.231448321627  32.345663073166655
-88.36237227855074  1308.7580387107696  34.35045537267464
-89.06123030418136  1310.6657401993593  36.466690178984486
-89.93422064580764  1312.8593945176733  39.559484276239736
-90.97247633600227  1315.3749615890895  42.30297982680189
-92.1823544366904  1318.3456354173147  45.60247671598342
-93.63363087515405  1321.8984838042759  49.19031042133552
-95.22382069972947  1326.016739440964  53.42558205241813
-97.19321537417298  1330.6519768461646  57.82820316159733
-99.14938596521864  1335.8225871372263  62.13446414726704
-101.33607716887069  1341.4952403307432  66.62727018732518
-98.64010701039322  1347.6929784449217  67.18287224624291
-93.26838333979812  1355.0558402750025  65.52776878685633
-86.0021010760567  1363.1157903792573  62.6282407224111
-82.79019605441717  1370.4687045708938  62.44541791751283
-81.02794069837948  1376.2321067501023  70.95003988879354
-79.52190785831809  1382.805015052522  79.85113441397708
-86.97894419868368  1390.713944628472  86.80872926306886
-95.99893723573189  1400.6426451726556  89.24487911165792
-107.01407638069128  1409.7542395218309  89.17241592984502
-110.60205392147554  1419.548556390698  95.37987425365218
-115.04948619936258  1429.2113000957722  99.74249158539232
-120.24655849199311  1439.7017982261787  98.28346876863563
-124.97591652865678  1452.280592425892  92.69152266273969
-135.2169783152724  1464.0207983325465  85.68296759392959
-151.59453230709505  1476.142180683886  85.8068316518425
-169.7834683552975  1486.6963837205346  84.86941212656748
-183.59574424978933  1498.8310816736298  82.58063077233936
-192.13655371951387  1511.1527171045611  80.95495237436484
-201.09614961837102  1523.2132701893945  79.79288882659922
-203.69890540625835  1535.2322291715006  79.71749102755793
-201.69171798115377  1548.2638852324526  85.71932953545985
-194.00176668438579  1561.6971229214423  95.53196362954014
-189.15829636371032  1575.4358030774188  107.91109045544025
-185.88713575673486  1588.399538824026  116.62673534057467
-184.33247527403037  1601.224997403355  123.1602580923216
-182.8689077575019  1614.0447309323367  128.99263275666706
-193.7320589795454  1625.3803491448223  121.83936653431797
-206.68024864144036  1636.3372649227447  112.63244508491519
-221.77315642615662  1646.9362976534105  100.79434991359956
-226.18301525983435  1658.0622175070837  98.07748898522769
-230.8527471330598  1669.5183075200498  107.75734059684095
-243.30335205500455  1678.9429108435138  104.05944410811264
-263.45229118943695  1686.8040060558506  86.74861142983698
-285.52721213293654  1693.5097049474884  54.19507416045222
-302.000870346284  1700.298946484248  32.234084160058806
-305.54289910709025  1707.1163126063936  28.901432181912707
-300.97837497884404  1718.4696444921867  31.794093880046667
-283.398073469324  1730.925776823271  46.23164760153842
-266.14160594180987  1746.3489106691986  58.8563046230011
-249.008703917919  1757.9424613844124  71.34679093081971
-238.0771662393734  1769.4926007469328  77.88533177716482
-227.2994886934088  1780.5213367645001  85.61561797657133
-217.70822290772938  1791.2912107985392  93.13128880113692
-208.55281096253003  1802.4877525454478  100.57014520108673
-200.90316315262007  1812.505345279979  105.80687777334744
-194.7089104007077  1822.2583557669248  109.8121948786634
-189.4637390458745  1831.3378251444237  113.22602917260072
-184.43650440243272  1839.8529361919143  116.6022111971044
-179.6982597455206  1847.648301866086  119.39904368410033
-175.37425084339446  1854.628608031166  121.45229208822704
-171.5785193047413  1860.6392596250644  123.11082575258698
-168.25320479274546  1865.6520194823315  124.59101211182744
-165.1948705111043  1869.7424937745702  126.07268747923078
-162.45916877468827  1872.8278072224023  126.85294138949658
-160.19292740333424  1874.978536016942  127.70126235267111
-158.26285666082669  1875.820389515164  128.47079988572662
-156.65689367408737  1875.7127307514263  129.62256915236907
-155.1871291592551  1874.5435571600633  130.44189503243678
-153.41289930277395  1872.5293275832498  131.6754872265875
-152.32252327503468  1869.4391926283556  132.59095295622387
-151.35789900899724  1865.5766997047824  134.93771240666797
-151.05723305251854  1860.7076259784849  137.11971928428565
-157.97134922482243  1855.361387881867  133.3468100820252
-162.17564735801838  1849.2105229720923  130.81825922884877
-163.3694583649239  1842.6868598956978  130.80584666663142
-157.80127337616005  1835.2805308041156  137.36141759918237
-155.3923042345554  1827.3840659415323  141.42728035762167
-156.64908360106003  1819.021220936913  143.17081424178866
-156.78117727308972  1810.4414500687938  146.06190226175912
-156.57471007497367  1801.3321909558815  151.3101988908729
-155.35035231997986  1791.8906073384044  156.3197216689031
-154.59546718795735  1782.2811794051909  160.2396259276182
-153.74734193213263  1772.569118588148  162.41598724886774
-153.39734953601666  1762.5988432945524  164.7998516872526
-152.97899231888252  1752.238292447772  167.92444614668932
-152.6771582243711  1741.5319301342586  170.19985931929136
-152.58154489992003  1730.7450204837405  172.57596453340238
-151.93399523891537  1719.683300618559  173.98434273803167
-151.5346028397632  1708.7389983723604  175.81653761363026
-150.63668434648153  1697.4119552570862  176.96091044915406
-149.9117202249314  1686.1820006082505  177.91663578432548
-148.50941703750144  1674.7557344174995  178.4667457623766
-147.0604962109491  1663.4352111592195  178.7832117509593
-145.66617633245335  1652.0260874768019  178.9516632950557
-143.9334567690396  1640.618886114857  178.9006215052339
-142.02146957185937  1629.2673649720784  178.72477288724386
-140.44496449022535  1618.011810517557  178.34081440010866
-139.79880917181583  1606.7756200300644  177.43087922982517
-149.86574079192417  1594.93214613892  164.0374615396834
-155.68090759935802  1583.0249534716847  149.08899269526185
-156.75513895314785  1572.2012118912883  133.04641109401535
-147.86380137580892  1562.9255427561895  127.79003586986178
-143.41959473650687  1551.5116842860184  129.00478217858094
-143.3565960570932  1539.0334048180125  128.04387954717544
-141.52183546523938  1526.925318402899  126.19580717311193
-133.94221613597455  1518.4534140193011  124.91735610784319
-120.99776828382785  1510.2981580353025  122.20622642207167
-107.02107389733024  1501.0766286951916  116.53505749109789
-101.11700397993314  1491.0427592463384  108.45893053016252
-101.46980553278813  1480.6480097998792  106.9975035905359
-104.15459763498173  1470.6832212245015  111.91740683021389
-104.04307386923264  1460.6461596251515  113.17170563926022
-103.38955571584573  1451.3595223238826  112.8793089164088
-103.32434714237893  1442.199121527469  111.78323140707268
-103.54312536580964  1433.3365793126104  110.97359829793643
-103.44153925899984  1424.845725501702  109.80241388636149
-102.75173216903335  1416.746663536352  107.85748776837994
-101.81728333150843  1409.049614025252  105.6795280345199
-100.89025040846626  1401.738837987923  103.21131392428379
-99.89184994172719  1394.8417775454798  100.9958519889352
-98.79895176371687  1388.4230023245887  98.70634870031004
-97.5431218268065  1382.4470744274497  96.53433692705362
-96.29669440902816  1376.9358757888365  94.1447696968878
-94.91580679371813  1371.8511085092848  92.04626877968381
-93.63168409187462  1367.241492324455  90.08144126160882
-92.47886336064305  1363.041331671827  88.37711217069301
-91.53057668525882  1359.2579728402316  86.73203335449088
-90.63125266756535  1355.800610141829  85.17922065792052
-89.68666632488251  1352.6547519359535  83.79875352804962
-88.79503526627805  1349.776344864287  82.38114449659534
-87.97728403807848  1347.134413931766  81.10228715096866
-87.2910703727579  1344.7275117142585  79.94111177350312
-86.68195645869528  1342.5326165735116  78.96698582587966
-86.16490280758653  1340.553904877472  78.02694159687455
-85.70893999292454  1338.7701489951617  77.16007973047766
-85.32751370875535  1337.193049511521  76.34074682221296
-85.01884891758995  1335.8374852089905  75.6767999998685
