-93.75012409320047  1299.623445676363  39.92473207514785
-94.31390692215828  1300.024474923597  41.16063721255272
-95.08930785754582  1300.6034246148292  42.58353511361203
-96.19755151820135  1301.434981923093  44.462109308664594
-97.45087719056674  1302.5655484187141  46.74465520187115
-98.81655219770909  1304.0553094445745  49.28567586398104
-95.65609008577266  1305.939179915601  48.09100725633519
-89.65225610622446  1308.6200930396014  44.62012903368299
-81.70698876230928  1311.825414092698  39.874837409629365
-76.72679791782278  1315.5386431138986  37.65986107146871
-73.25329094622978  1319.4181174507967  36.829040942277786
-70.14071741479486  1323.7632184515746  36.369932941127374
-67.53126745592265  1328.666160768571  36.481104958757655
-65.46876749963492  1334.0901567346925  37.72463854040761
-63.94099331055062  1340.0761495649417  39.42673093175489
-63.0924494065166  1346.5516128713218  41.30333053929066
-62.37366948748995  1353.4732247988877  43.39152461391727
-62.07902952782684  1360.803688092302  45.80251994801601
-61.85366523993987  1368.448354007768  48.755324446673306
-62.01272749654048  1376.4977536669026  51.225479809956525
-62.967805644789216  1384.9017541796475  53.82003041973173
-64.5631390495733  1392.4000905931882  56.85867240478686
-66.26280499483371  1398.726486317476  77.36537312864556
-67.59645080320956  1405.0202360956227  100.31481277622426
-68.92668856111828  1411.2817026066045  124.6327929424181
-70.8047730691905  1420.3665837240674  134.9448867714758
-73.29897962224067  1429.3429999171199  129.43223228419384
-86.64299488132409  1439.7616135826115  127.4228327534947
-101.4589751171354  1449.0388669907534  112.56717551128834
-117.87737203137613  1461.5349958526447  105.3946426930151
-125.20398309015835  1474.9791700083997  88.21721464426159
-126.86993928027933  1489.5131057939411  82.26125280707076
-122.09064348753417  1503.6351940285438  82.61777508678585
-114.48643887581042  1518.4922165842854  86.02088529812498
-110.22808600189481  1533.912935283477  86.94578410058111
-109.31794673258463  1548.457752712331  86.53614312857766
-107.78557275038793  1562.992538050322  88.39884742764255
-116.92036721540148  1575.8661670823699  100.83879200521402
-128.0683425720099  1588.3977512140982  115.10784649501754
-141.38124284653483  1600.5550680428248  129.59208914462914
-145.42892495211484  1613.8172721377434  135.35874977513512
-149.5494553545561  1626.9326370659198  141.0590181059548
-154.45059411757714  1639.7874119428695  146.91071694074384
-158.8476174803491  1652.399917550432  151.43081380768507
-162.5888187188915  1664.9663008424739  154.7417722217685
-165.1537469529361  1677.3553674424297  156.47720260641094
-167.26319220303876  1689.5290668555156  157.7926067103204
-169.08021493409908  1701.3487205792148  158.0441815358661
-170.35447003616432  1712.9124716587582  157.66407461025636
-171.4203578556412  1724.102365922299  156.02079596057777
-172.01349649773493  1734.9843740572771  154.0055751779289
-172.33804269083475  1745.4748123841332  151.1184617493687
-172.05894025180928  1755.7013680752102  147.7287611292497
-171.57900591652307  1765.5621115122096  143.9081960784227
-170.84806165156792  1775.1139414938912  139.92148501194345
-170.33320150105874  1784.3270134403401  135.97057489336416
-169.70092837647422  1793.150555863223  132.26812985779358
-168.97936283717917  1801.6322737981093  128.96927087134668
-168.48200066035037  1809.7471370134717  125.77043583910881
-167.78554344082877  1817.4763027011293  122.74662893419459
-167.4457691332364  1824.8823478520342  119.94049692447598
-166.84065907163364  1831.799327153496  117.43544511586495
-166.54429240071602  1838.3281610647803  114.73256102312386
-166.1295977172519  1844.297934473114  111.91649479209602
-165.94020190991148  1849.7929591555694  109.44105278621943
-165.81667524882027  1854.7217287123742  107.32693451772255
-165.7339001734245  1858.9509138199167  105.53022190437834
-165.63788489122646  1862.5149621532191  103.92000494044252
-165.58471874257935  1865.362437289274  102.63754393010736
-165.63150137074524  1867.5019376412943  101.64000288485877
-165.75947192834948  1868.77682245201  100.8404928971887
-165.97054526329063  1869.2029466694644  100.56347469462196
-166.1033027745239  1868.8211507756578  100.60785454340241
-166.3143528224361  1867.6862368534626  101.2119037437724
-166.60812583241818  1865.7120492989861  102.03089234548052
-166.9116745151273  1862.9534382561974  102.97205602805826
-167.1424395259745  1859.4168652317212  104.32946016941696
-167.17683974630998  1855.2292175520033  105.79620960376631
-167.38001733653323  1850.4221008990462  107.73326773631179
-167.3603425101704  1844.9699714047445  109.91961073537922
-167.18371365738943  1838.9981241679639  112.17909303411658
-166.76730995642222  1832.5543974069349  114.33185890987386
-166.38737477585315  1825.7106639288365  116.17079125243096
-166.03993665454607  1818.4142072259406  118.27424270851404
-165.65629344429766  1810.7127580168026  120.35236083003932
-165.31441856106358  1802.57949384331  122.75394959187184
-165.07222792402285  1794.060102552728  124.97059416159126
-164.92423204497294  1785.054403195952  127.41342106805592
-164.82300420361287  1775.7318331043418  129.67337229500907
-164.89148264724622  1766.049148839142  131.80135849332095
-165.1919144226148  1756.1080226919344  133.72427695123113
-166.07813015530868  1745.7422262980124  135.25160974615105
-160.72961405921944  1735.1179792661728  136.568327944221
-152.05528187350023  1725.3654512749504  126.31057255374165
-139.30350308223618  1715.6405285462768  113.72474546108323
-130.39588426160992  1705.8285385096685  99.1543375820535
-122.74350374148432  1694.952865486885  105.3429589109063
-116.59745965850627  1681.0021953854944  124.38903530650072
-111.05435896779213  1666.7279224004092  145.85718122678568
-105.89142879207861  1651.6864312910918  158.89215418591618
-101.56994347455891  1639.4658941341936  163.4885037140203
-103.21587173555254  1627.8430823372594  170.29036448051616
-103.22520403168606  1617.211246943556  179.77599267671738
-107.77773978927104  1606.7929033883136  181.85995484799446
-112.0433531732059  1596.2026822618018  175.31428405064554
-120.5454164239718  1585.2136636331406  175.40607965873673
-121.07476808171091  1575.045172320509  172.8881824018263
-120.63100634373072  1565.725058568415  184.09685486074005
-115.3859789921113  1557.2123600215225  174.6312784306179
-110.16100995496633  1548.6133921006738  167.35177090188333
-100.47051970893638  1539.6873308305326  146.67213191453806
-92.86631051018196  1530.9206267302065  132.92159527463824
-88.75060562624084  1522.2605335314188  122.69160079780218
-84.4629455365546  1513.8864054017945  114.29640841493496
-80.42286872961  1505.6400235743283  106.35580266297458
-81.33397657644048  1497.482065008535  102.034383070611
-85.72411984112848  1488.7458442807854  101.6113279963701
-92.6447652731218  1480.1097339746077  103.6801968522116
-96.48330798679442  1471.590196530006  103.36827249182528
-99.17198029698065  1463.880695421033  102.40682847018655
-101.67566485227698  1456.233016901871  106.11837380546307
-103.82018931644404  1448.794048388538  107.80739657700707
-105.47901596570225  1441.512423902007  113.1321222120867
-106.1861341772748  1434.559735142932  110.88243072582107
-106.41283870108482  1427.6218524695478  114.28129342694555
-106.27866475159786  1420.9259096006122  110.92336819497791
-105.85061161401296  1414.1253336879545  106.30010127491728
-105.07885565120907  1407.5574568503814  97.75407594028107
-104.04365386189744  1401.1024609689284  91.14897257036786
-102.90673494747529  1394.935901697178  87.76142067593622
-101.69538085327409  1388.9167703506316  83.44487183206004
-100.56016736598362  1382.9717279443842  78.85967653669532
-99.24650908497993  1377.157139726438  74.15743531941756
-98.03801326420128  1371.5653375859447  69.75663949180964
-96.70539706448928  1366.2652346630719  65.64244373198986
-95.68008870411602  1361.2317387838089  61.21002986399656
-94.82489493547126  1356.4806723379559  56.40842961798862
-98.89835944415722  1350.5186653871524  41.96271175315027
-105.89220295780439  1344.7392435947415  35.66084280736686
-115.00570915387976  1339.1277380958413  25.428778159311516
-121.19825565724108  1335.1303135249375  22.484838118976725
-126.22465652247547  1331.4102103675787  8.925188525849249
-130.89191734389786  1327.9037713712814  -1.0193581106681737
-135.1446967678889  1324.8368346192974  -8.448684843645477
-138.79654958741116  1322.2085334973672  -13.846526409397018
