-92.50433416020307  1280.3723801098838  45.51986359096256
-93.03310862098208  1280.4724945175092  45.867550223527466
-93.76160016647074  1280.823851298495  46.44203931268187
-94.69472463692941  1281.453210159217  47.41706147032151
-95.85058084101871  1282.3774868009855  48.909044299140106
-97.15714230320049  1283.6804028607612  50.73051998707919
-98.59775832107519  1285.426993204621  52.80288566159377
-100.30035578358682  1287.67531804051  55.18206521635206
-102.15680648572634  1290.4955013832619  57.82553432931083
-104.29625546682594  1293.9324252862675  60.80304818668449
-106.77685354505184  1297.9903050969276  64.22396879762753
-104.75695101278328  1302.6336178764486  63.98654177394608
-99.90056431799677  1308.402620960427  61.438544912990125
-92.83965143167302  1314.7919588254167  57.14724918756988
-88.78015613585386  1321.8380785056859  55.629532451102264
-85.95690607495109  1328.9489101581132  55.20817785915449
-83.3287658443135  1336.5795607907614  55.06907680434536
-81.46025367481728  1344.6037036550506  55.988027901895265
-80.8873988952011  1352.9572389918783  57.88383815050842
-80.67780545314211  1361.704949012686  60.092251770875734
-81.48910118030314  1370.974045326061  62.849560873347414
-81.51791134972216  1379.3280747220547  66.58960287512151
-83.58588349102324  1386.4740389634662  87.87976463396853
-86.28066403054898  1393.1963558770183  112.61845641297771
-90.92856451621745  1400.8994079876609  123.06035344578636
-103.37435057097687  1409.8026903595328  122.96370871765018
-116.4138079948111  1418.8741209887166  107.49776535443803
-130.2482188254472  1431.7774642720494  103.1103925549776
-138.1047894922502  1445.5103924356222  87.85621935760372
-145.85211079996284  1460.5632470054477  81.00743369443198
-153.23238658543104  1473.542376882671  74.96421883488769
-152.7955902122378  1488.6330751980634  79.12274547454238
-148.16675255191615  1504.3579944742316  84.73251211455542
-138.72249926772474  1520.5340982495045  91.37015055950265
-133.08335311465908  1535.65433647624  91.88644602224001
-134.60713221649613  1550.9186976600888  98.33816896946601
-144.23508292037923  1564.569825257266  102.25986237691332
-155.26749338389692  1576.6708065146663  110.50919243502217
-161.93726542539451  1589.683345519721  116.20808957273675
-164.30099619510324  1603.940126428498  126.27410156071915
-167.62012095515877  1619.39635017253  134.22704024521653
-171.32766735999158  1633.3189067365852  140.4099350257791
-174.02519416494312  1647.3764294215002  145.8795892299342
-175.17692676257388  1661.6776197848542  149.73595882929823
-175.18778067972133  1676.1486040679958  153.2262193613684
-175.37312374029858  1690.295088772933  155.36768283644957
-175.17594783844106  1704.2358185979833  156.38407316035372
-174.84495039824728  1718.0420825806582  156.42663417717552
-173.74289867741027  1731.7142892255529  155.98418104558067
-172.6464589167648  1745.0204229056403  155.50138882261598
-171.14781119639525  1758.0206127603462  154.25082000527192
-169.54948712840735  1770.6056782587725  152.34270215137474
-167.6415107896531  1782.7872607163713  149.67272827525235
-165.72561958857884  1794.3805079833355  147.00560253751195
-163.67898845247493  1805.4323478280587  144.12236397400338
-161.75342464443867  1815.8892259433608  141.32868961792678
-159.7461738254441  1825.8194150912375  137.99688331950864
-157.8946846625737  1835.0599821952953  134.8625509655254
-156.04278139668878  1843.636672380161  131.17344505180952
-154.46528912270253  1851.463867929764  127.90987036609671
-153.082257956481  1858.5962454424775  124.47994366510837
-151.90623837048628  1864.9878228798668  121.51379167100608
-150.91765956361655  1870.4610238534453  118.60430521494325
-150.1204814262469  1875.1133165607143  115.99252199612047
-149.47695392994166  1878.8066470832837  113.68614998915936
-148.98060515584655  1881.5881694774732  111.8626447545422
-148.55858480576723  1883.265397481848  110.40791989072143
-148.22306186017735  1883.8730193070958  109.31511129318584
-148.13758714724747  1883.4677812388018  108.47229599046615
-148.24256473737253  1881.973801823563  107.95518648975938
-148.54259483830137  1879.507796166098  107.74341105233438
-148.81253854860825  1875.9915245021757  108.0187180895584
-149.17321089146336  1871.6244278797167  108.39968911441304
-149.69596702037413  1866.2973164512946  109.14523884206642
-150.23048825451497  1860.133608352856  109.72751982351646
-150.75443869415776  1853.1723841690177  110.3999402402361
-151.1370548011398  1845.5065326693825  110.90433888872381
-151.49952058270628  1837.2075336902833  111.51726086361948
-151.9488492941116  1828.2940469166042  112.17638358227029
-152.3813383283288  1818.845663224768  113.03336417479576
-152.79341208755554  1808.9303575837569  114.06999096870568
-153.11982626173028  1798.5841667605994  115.42623355976438
-153.49607456930406  1787.9339085220013  116.66985164364445
-153.85969506762876  1776.982580375966  118.07021174114757
-154.14139203931842  1765.8072595583867  119.52098776100725
-154.30165250319212  1754.3749216000888  121.21749195928368
-154.3990588051467  1742.7473421021302  122.70645083310592
-154.47088974807377  1730.9438890198214  124.01996799227362
-154.53909664542  1719.0582615820492  125.17850503585225
-154.54002809264384  1707.1347717328097  126.23307669769035
-154.38287447430955  1695.2579107546126  127.27571218977572
-153.90150347069925  1683.3834468989282  128.20084003108724
-153.0744240538933  1671.5710974985277  129.13740868083488
-158.2703933421207  1659.833711058366  123.34838214190506
-166.13505605420835  1646.7176297429053  115.43079478016166
-175.62926173690389  1633.7380994941675  105.13157216547057
-180.6259026447282  1620.7343980866117  99.33121603743243
-187.1932769164818  1608.4963294850722  90.58916685072556
-189.69539883680537  1595.7856709833904  79.1285314219619
-186.87123077364095  1583.3704534740184  56.583793331969005
-179.61709761357002  1571.6421189404075  51.98353221344493
-174.30018147315332  1559.5624713711875  51.36408138819172
-171.72483007670647  1547.2327055317596  62.95547543203664
-168.34242422173452  1534.5587775375952  60.25564087970052
-165.07953426985065  1523.2198783568708  60.908309499417854
-156.98895595687688  1511.3116439672274  66.71805702034897
-143.49952324979023  1501.27207834558  68.20206432746197
-127.72664897186985  1490.842782342379  73.18060054799574
-115.43749570876527  1482.2651060062065  67.44264174217814
-107.0383617071441  1473.700090814783  63.96585608358158
-98.63450688680578  1465.815239247022  52.438231173398925
-95.1654606280469  1457.7166995944963  49.1583790259286
-95.58671223782899  1448.8508397506107  49.890860304936155
-99.39226927107389  1440.3306344266398  51.859558470403314
-100.83237302886246  1431.983225479194  51.37547784685626
-101.30617235032726  1424.1439923122457  49.93079762322263
-101.82545011139244  1416.4325364453985  49.02245883242911
-102.41235498431064  1408.8723535517613  48.12024113473094
-102.54515342137084  1401.575505276905  46.62152898845528
-102.22452048703298  1394.452926633188  44.92784180321177
-101.41226079430427  1387.5794517774375  42.85295217275622
-100.6354035998014  1380.9293467105865  41.106256741447915
-99.56757928585252  1374.606410493735  39.118738480075265
-98.45419669854525  1368.5813551114816  37.349223773243295
-97.22637285819205  1362.8896113408036  35.30685662134181
-95.92097277958693  1357.5488469292554  33.268244223608065
-94.65377202774727  1352.5798338232328  31.292534104964545
-93.4704915812405  1348.0083572123135  29.318273525404123
-92.413863743164  1343.8031255521357  27.60862440607023
-91.48446299874135  1339.9686843572176  26.0932264851736
-90.64603126631  1336.5171309842694  24.885412343152574
-89.93972482715037  1333.4756664911463  23.907344108095636
-89.34738930207578  1330.8400205746352  23.14505285848702
-88.87521726718019  1328.5569159949257  22.61768690012238
-88.50750758268221  1326.5909648002742  22.2037056493789
-88.19671159317481  1324.8972998556562  21.893000794904566
