-106.76063096220724  1339.200909691613  72.91621320427507
-107.35354087197491  1339.8971545211987  74.28945844316101
-108.12160166717007  1340.9711155836724  75.99062731596038
-109.00188688872495  1342.4497264962802  78.17882916275819
-109.90532152888389  1344.3969543598366  80.56638298170742
-106.09322217737014  1346.7800825815752  78.95156213848276
-99.44596111051551  1350.2556541928207  75.00265444275871
-89.68073426533307  1354.329766651773  69.65920028645844
-83.83445952760346  1358.0289730352858  75.8870030796457
-79.88104920121326  1361.1375851026614  92.73704763175662
-77.70533022275443  1364.0266764455146  112.50344711926279
-75.38527135342747  1368.2888756785069  123.17134969498528
-78.25852613379146  1373.0678096142178  123.8952041015136
-87.71289192984875  1379.4222524845234  124.80783395339549
-98.97683523012942  1385.889874915678  126.26993375011422
-107.66600748374395  1393.554461142305  127.02240701490892
-113.23635089136764  1403.0267217294038  107.38146775186469
-119.86223208361015  1413.350589985766  86.80420801522462
-126.39906595233751  1424.3845625322097  64.3626108513135
-133.70046395514856  1433.9828387881703  62.53785219949074
-133.67754935827597  1443.047896772232  65.1827288119128
-135.33830799884248  1454.8245387259726  69.22982381466329
-135.75593934040182  1465.9222783505438  81.15689521157562
-143.15948593500082  1478.4449393961409  92.3572322361195
-147.8585937765837  1488.3474615041325  108.45080653422025
-151.1107926761381  1499.6029768436276  117.00006207606144
-153.65075809087085  1511.138024352552  125.58671873408001
-156.24491997737442  1522.7981975558746  134.2337430990071
-159.20402068199596  1534.733337456541  141.95104783493605
-161.55548627537038  1546.682674714091  149.46364853478812
-163.4685447127187  1559.1137263653359  155.6626262848591
-165.1435980922913  1571.7137200555494  161.1810268109588
-166.6100246549688  1584.636844518424  165.61913469556865
-167.97953727091814  1597.8000003887425  169.40351114513885
-169.0648941101584  1611.2184582552675  172.65259280891422
-170.0549693473194  1624.7227936979148  175.16007584317992
-171.00723705555075  1638.3052396144872  176.99746328797008
-171.92182736541133  1651.8784545593544  178.22819159759646
-172.30973354894317  1665.4921183144706  178.47882308534994
-172.7282197560596  1679.1089580551868  177.91712457787634
-173.0792556729789  1692.4498955301767  176.3051560489966
-173.82890969427717  1705.5723957592095  173.86347232472372
-174.26160044159843  1718.3230402772997  170.4643397043179
-174.225549784862  1730.8506134920426  167.20494134265806
-174.062028168722  1742.9100503892394  163.2340883123216
-181.0361385953048  1753.6141181809958  158.4636087791272
-196.38282146059555  1763.0094710123485  139.94637349539354
-213.79135230638536  1771.5630804189907  119.3149331979773
-226.27422316448371  1780.3360041867022  96.42469337218472
-232.70170733693647  1788.9677905235346  84.06318643212556
-240.19655785796323  1797.4638955403218  71.90276907835106
-246.8145183907955  1804.9956052102375  60.08331225325403
-252.73789206957048  1812.5283969849734  49.11585916673658
-256.80602203996864  1819.006174055721  39.06622966283149
-260.0852912744043  1825.1391327893487  30.316720199162337
-262.90494770408776  1830.2060130725754  29.621502795041938
-265.0014226848533  1834.573152764107  27.576521947128303
-266.89682197161056  1839.004052458341  32.97048606511258
-253.57388445936556  1843.128575017512  38.71901417740958
-238.4867291367902  1846.8704454502358  50.060302491731846
-221.2214591820884  1849.3875907828465  58.53088212205303
-216.3781795230885  1850.8381973716303  62.965919600429416
-210.54822725286792  1851.4513326350705  68.41175099459205
-203.99082822552506  1850.9099926571619  74.104810485777
-198.34456979004503  1849.556957362118  79.83088946182292
-193.52442674670186  1847.2107088511032  85.0241509580843
-190.41377425477856  1844.1285111096354  89.9368783125882
-187.3611415649898  1840.0302753268859  94.39948815160805
-184.74117358838004  1835.228230663363  98.74022342123506
-182.1255895712369  1829.5773229141382  102.50104878816731
-179.7500328251359  1823.332143608141  106.24430745396035
-177.69634272556516  1816.3634979527706  109.84767826594486
-175.7910662844135  1808.7315463081625  113.55736701011443
-174.11537937434144  1800.456517680822  117.77781811742776
-172.76537009758664  1791.646616058004  121.44056495445186
-171.49087828838034  1782.3372652009878  124.73165572523742
-170.16488397128586  1772.6580179000932  127.55289425914705
-175.39320412700096  1762.5109203935085  123.99214657079732
-184.29421135732437  1750.8274796541768  117.90716517213266
-197.29829285519725  1738.9393249008463  108.63762055397078
-199.07980319989858  1727.4721697562018  101.16844319141066
-197.44811131383835  1717.7566328256034  86.23779734343232
-191.98300473165745  1707.318609691292  68.97323185396797
-190.7657360572395  1697.008989603515  57.10324101436431
-183.55788064472893  1687.0358658471823  56.48222399464325
-169.09773086842034  1675.0715459654743  69.20021223722732
-152.66677845198558  1662.4862554916335  90.72893636795439
-139.810641719254  1648.931908324887  111.49803524601965
-137.66123809270354  1637.9776456540867  137.1944139200261
-141.90514922213654  1627.0771214104082  148.60672037698384
-147.9525064193125  1616.2465033558115  158.4478123466514
-150.72938861317402  1605.4191355296034  155.15532794626694
-149.9741348833226  1594.4804392843496  155.13916829980602
-139.72331315383116  1584.8497681542824  151.80681632215428
-128.45786416147212  1575.4018459668068  153.21827106773281
-114.72834615388905  1566.2835490363566  148.65067988845144
-109.39966068321111  1556.215204746425  152.50754951086395
-103.25222034821574  1546.3572071485276  144.59906417128232
-97.19600242195239  1536.6257906315498  139.39923888763872
-91.74812146328004  1526.9120184412081  127.14632507453521
-86.78372046975603  1517.2055087505082  118.08097414179176
-87.84896280611441  1507.5408787147774  115.22443020666243
-87.16275140741483  1497.1348129608216  110.2119761227388
-91.11020080543972  1487.5964761873581  109.96412227292086
-88.15115773618813  1477.2793118818342  103.57739421170612
-91.4441000867079  1468.6039985619127  103.076289174165
-93.45408832203  1458.481909788338  101.5439767133679
-99.31468565312102  1449.198001172533  103.4107774192842
-103.03375887963507  1439.320612198997  103.68829190264145
-105.05360498680989  1430.1915042004518  103.11704253995026
-106.95957880622353  1421.264178240279  102.13670392277766
-108.15151385270596  1412.2969132000749  100.43540243725268
-109.10647027231194  1403.529751126542  98.15849865273829
-109.46953584971081  1394.8461573707932  95.66947543192005
-109.52652797097025  1386.3782755172679  92.95889987307986
-109.54952709399032  1378.0728469318697  90.04134153972106
-109.42685187996116  1369.9488930183184  87.104025866839
-109.29630850836806  1362.1047154955988  84.15091642053727
-109.20026485037509  1354.5402235417312  81.49272814151215
-109.05429550670812  1347.272756813098  79.19206073021117
-108.86650183930035  1340.3052669750768  77.05652283735257
-108.58339961996411  1333.696781980478  74.81319812455651
-108.21479980621447  1327.4822931007477  72.6017215317712
-107.84183145282027  1321.6990278013914  70.71746279567544
-107.37661977812593  1316.3381908338488  69.20040237744585
-106.90319531205314  1311.4310325864428  67.6623593333502
-106.34783949614724  1306.9461907878635  66.0334346453499
-105.77776823067013  1302.929704388787  64.52266133544907
-105.2224005337271  1299.4296370497918  63.27650356090881
-104.60577416884044  1296.4461600808418  62.298299781562974
-103.98536221767975  1293.960498424216  61.368724582077625
-103.33710908088307  1291.8616754039376  60.46320998816855
-102.68847565397506  1290.170476605947  59.61485228102088
-102.02987145688817  1288.8703184455917  58.835451461717355
-101.38197619728331  1287.9511536200669  58.13381957431842
-100.74843407583865  1287.3687528124697  57.53636023591286
