-101.11653169658345  1357.0769187920932  97.56190632019369
-102.28485652393181  1358.7827674695104  98.87412562118742
-103.67270758276129  1360.8695131893685  100.63914932670765
-105.01474363554807  1363.4425669478464  102.4937921076649
-106.25281549447004  1366.4740045484484  104.39787225019707
-107.25864811666183  1370.0318713684082  106.03763945324384
-103.59797516917163  1373.9622654404477  103.79800071987512
-97.1275569373266  1379.141290186815  99.43273491971108
-87.46873448164727  1383.737593561496  101.9053461500865
-81.26511033740968  1388.385000013202  111.9074222960142
-76.55749663027711  1392.109599446296  128.27181873924135
-76.02169656947905  1396.239909206032  131.16575874374104
-83.68021974451746  1402.80064905173  131.89488666859927
-93.43520309541633  1409.0179939098448  128.2140979809603
-103.48748267213745  1417.266693953388  132.10900438169452
-107.68344421397843  1424.2481306959114  123.04048366584207
-113.59218078694107  1434.6433721021135  107.9098452308859
-119.79106693912385  1445.4668674641234  85.62684336990402
-125.16910752594963  1456.8938947656725  72.2942951841296
-128.3468768297663  1467.788482372651  62.50542554155702
-130.8569660994699  1479.9486184250588  64.43436043653982
-133.56107321015634  1491.7796168912025  71.87013040787704
-136.46095179430824  1503.6884349898385  86.25885455500094
-138.6404527918313  1514.496318430553  97.41035582813804
-140.49145052037903  1526.437446388663  107.0220208461391
-142.05631770045562  1538.3010293906646  114.45841025921187
-143.6170375099538  1550.2489932613653  120.96441586204587
-145.094313164616  1562.2376778076357  127.06051404381697
-146.41265771090445  1574.1737581598604  131.92577272991898
-147.4966998882886  1586.2539381260237  135.6480442176416
-148.4963702780273  1598.2838120931938  138.24012963907938
-149.34382770959877  1610.31652243101  139.95332831156284
-150.1301637892419  1622.3387010772155  141.08669611775247
-150.72001339857013  1634.292716485913  141.61316762699443
-151.21992075015334  1646.1625362766695  141.48172948912884
-151.62440386569892  1657.9074485455003  140.61297139806476
-151.60857681415786  1669.6244281020386  139.27514286793792
-151.45516232722778  1681.3262413109173  137.4315196874848
-151.124765269476  1692.9708838401298  135.32062263370136
-150.94332800333925  1704.439429759407  133.2379120095397
-150.4672039099875  1715.798453944749  130.30511607459107
-149.93137829052355  1727.0206421196553  126.98849415915686
-149.36304347506925  1738.0693938718573  122.98806932055923
-148.98687299354947  1748.8473879419746  119.49385777469354
-148.61895395905864  1759.3734509547053  115.75792366731757
-148.20533095352357  1769.7114661041178  111.8565837495398
-147.74526995896557  1779.764492624039  107.74554258390837
-147.09511016752083  1789.456348937087  103.49684688700232
-146.48536662907728  1798.6913683202406  99.1170692078077
-145.89707083351823  1807.5401783675236  94.42320663694697
-145.50163669282568  1815.999706794126  90.44227488315065
-145.25310803523845  1824.0797243803772  86.61956502485201
-145.17565279477256  1831.7451658499192  83.37693682996995
-145.23075249817902  1838.9356554640233  80.1568244478409
-145.23105354431675  1845.6268538569964  77.35589172784506
-145.16702513316653  1851.7877882931805  74.78493023920731
-145.21135493820915  1857.4121109805624  72.5760987837144
-145.2873795510805  1862.4453843055853  70.8746771285722
-145.508391176869  1866.9003491125436  69.6101999158975
-145.61609140233026  1870.6744420686084  68.59545272440455
-145.75369582208194  1873.87564059506  67.79747484897449
-145.87486200194635  1876.364997132795  67.1482830501954
-146.0782256192885  1878.109026651824  66.84733708350552
-146.31174887781452  1879.017319445104  66.73869432787218
-146.58757171543272  1879.0903157366738  66.84811944186902
-146.9515642545705  1878.431149945182  66.99201615655208
-147.3567509336316  1876.9694761139472  67.58980606999927
-147.71124955009225  1874.7231234865912  68.65658750997476
-148.07507254144272  1871.6230980909372  70.01641512578341
-148.39733487439622  1867.7654954216664  71.38749960052232
-148.7008027692667  1863.1730178822907  73.02345424535399
-148.8690638336037  1857.8865013744291  74.65842744395422
-149.0721879461002  1851.9222170319892  76.23555986569859
-149.2876202456012  1845.241228725164  77.93034328516407
-149.476183708621  1837.8802450544424  80.14259830508664
-149.6084848128991  1829.8515012585394  82.44821339315718
-149.68533506835314  1821.2413116805706  84.47535716163259
-149.6734289726968  1812.0842254688382  86.4138566263424
-149.6121634760214  1802.386439023444  88.63477209642286
-149.56457981732393  1792.229977810729  91.06101007283021
-149.4291741746618  1781.693294405265  93.33226804379817
-149.14715221988214  1770.943318548606  95.52998112512829
-148.56061092632328  1760.0314319071103  97.54391037056524
-147.88974632677656  1749.0827202118944  99.58676271359309
-147.123291683121  1738.1269303604506  101.62577029073937
-146.37203941634561  1727.2405244291658  103.600545317978
-145.56075257155607  1716.3681281821534  105.40713935225048
-144.6837913655153  1705.483804386347  107.03480413064077
-143.7224726704143  1694.5776384462513  108.4498296006502
-142.66017096336904  1683.7757407255458  109.67342858653235
-141.52703337340006  1673.0620420211828  110.89356212350648
-140.29903886803186  1662.541269220185  112.23077422419753
-139.1445609050913  1652.049699349939  113.5359479581909
-137.8292033475383  1641.642136220388  114.61603593663469
-136.56641655717883  1631.193985942155  115.19491422863275
-140.60806444390505  1620.8852665942313  115.4186343088953
-150.87038832771816  1609.5475071658623  105.2938090820689
-156.81943951017897  1598.7032806590719  99.93556631430283
-162.19920058581494  1588.3080533227135  89.89597292131681
-158.5795969593495  1577.635392960504  84.56742129440207
-159.11388974399583  1567.4360000877978  64.44135117762323
-154.0075019690072  1556.4421292744937  44.669613848714235
-151.5872175804183  1547.0517320380727  37.08216719454488
-144.06213985482322  1535.6601134604477  46.617553804575145
-138.75732832594926  1524.2748584776646  57.76525866498245
-128.6177042155242  1513.1664666673096  70.08352839880499
-120.59878450884027  1503.4134624897486  76.89210833270272
-107.7787448888194  1494.2801916416554  91.57518297132629
-97.62820845861954  1483.8814240921033  101.77535635748644
-88.63102042471908  1474.6124691710602  103.1819184461316
-80.9751571870653  1466.0544986327347  96.69832749104087
-74.05321230850794  1459.3323776284128  82.57298002600785
-72.3651386584664  1452.0429357707458  78.47575068688974
-74.44441494217229  1444.195938161882  77.71728718844457
-79.33846184636637  1436.4078024206044  80.37686544856433
-82.47954889907228  1429.0000815767974  79.81311933949341
-84.77610817557317  1422.4572669448053  78.57322325804998
-87.22079156520631  1416.1205281093546  78.16557425580525
-88.9948652410488  1410.1869521516805  77.95838656129469
-90.77430943465836  1404.6831039004055  77.39320573290095
-92.06693683631985  1399.7376040853806  76.37124939344304
-93.25724524253832  1395.298956898953  75.41113427518673
-94.25379170794021  1391.3526431432217  74.76912502732883
-95.05470527265695  1387.877895022455  74.26846824876927
-95.67892467504547  1384.836625381302  73.6865132097036
-96.16537009181259  1382.1990530664139  73.05999739430393
-96.55767187374919  1379.929671689043  72.52496501941152
-96.81716345265055  1377.9727672878046  72.07500892493965
-97.02264567073934  1376.2746953058772  71.745450255891
-97.09728972049965  1374.796357841305  71.3539898036562
-97.16496510118141  1373.5097931488053  71.02998058883779
-97.1148847273525  1372.3485731591045  70.62770565612327
-97.09956720905294  1371.3054983428622  70.30250569469662
