-95.06570244955009  1370.1249967208018  78.16786049303958
-96.54795049444736  1369.0895404265555  79.27727103823382
-98.03844723093258  1368.2948378705019  80.40720290493735
-99.54242352158666  1367.8599395662322  81.69218882038636
-101.1715013747777  1367.809093488227  83.34514883643726
-102.84407813391181  1368.3113885090397  85.0318850116293
-104.49330384445702  1369.3316499825694  86.90729207645302
-106.14592801320822  1370.8572511770712  88.57234383123041
-107.98987311099268  1372.8272403403926  90.62778594701705
-105.04709655966843  1375.2842779371624  88.53154765034587
-98.99971345777978  1378.9236759932792  84.04409928333446
-90.85467174826326  1383.2841619288092  77.95345377042261
-85.32323448623904  1387.3508634220893  82.9879901462313
-81.25591617036788  1390.5367212027163  98.4940955293564
-77.06046336528979  1393.1904063105071  116.61653527402385
-74.38612518474247  1397.7688848571752  129.56723300042108
-72.97756877561281  1402.7567672151622  122.22269015255691
-81.0324302165315  1409.2020428759565  117.4293624190737
-92.86482971406805  1415.6940028076897  107.27765631255397
-116.91999340703057  1424.0795005083114  106.39764677764117
-136.4305909122482  1432.638399783037  100.09675464918709
-144.9386968781864  1441.8483266487697  95.18168499590787
-143.6070861410081  1453.4943215779706  94.43822342163924
-140.52747788156768  1465.2469314157222  102.98712439461617
-146.3914022775051  1477.5635599917264  114.30426915487394
-149.88043569881444  1488.0929674271533  125.34362832702803
-151.5527512033852  1499.9000633826681  130.66629003675814
-152.23702544716005  1512.0184554744053  137.31325691686442
-153.09587979792906  1524.3356847114594  144.5776998537676
-154.51717788122423  1536.9021413734267  150.9508955361615
-155.5655025035641  1549.536176546139  156.17063758382244
-156.5367152291578  1562.305915186012  160.72722874092176
-157.3144435448794  1575.1966341614302  164.69363795394221
-158.17410783834433  1588.2037314973086  168.12444652107695
-159.05850571839622  1601.2734623455394  170.95123360449062
-159.99131638554272  1614.2675774670538  173.31616648803174
-160.82960233954003  1627.194190082168  175.0748329135579
-161.59509322833782  1640.0732619441876  176.42021718513743
-162.28225693877013  1652.8673654170323  177.3556220890368
-162.89057057632337  1665.4724196569978  178.17360278503182
-163.37611743356425  1677.87697682093  178.46552143259947
-163.88432381456695  1690.0822892401645  178.32084455067044
-164.1127658739453  1702.0788391349138  177.9304685053095
-164.40999651714625  1713.926698783755  176.97502992033097
-164.43057912069327  1725.500702954595  175.79676839924278
-164.46686081373952  1736.8787383667948  174.39117910101913
-164.0851446737614  1748.029583560028  172.6694425595716
-163.79563774991072  1759.0280453500109  170.16500606068428
-163.5980851719064  1769.7351086268982  167.26129575510612
-163.38548422250142  1780.1204223572909  164.375500234453
-162.9034417352274  1790.1871372826279  161.54061296385427
-161.87821591291342  1799.982337147107  157.92036594670867
-160.91125309905743  1809.4193313454919  153.77142387010082
-159.70101251770075  1818.4534420949267  149.76035234627787
-158.49112218592504  1827.1117337784303  145.41793192017434
-156.990930681353  1835.3217352060728  141.52267213088948
-155.6527205496187  1843.0970724465035  136.94438452676889
-154.50007862920688  1850.3806393589282  132.81225059927644
-153.35956932047554  1857.2830278606075  128.61780519042338
-152.1055264208224  1863.7422010813177  124.80548304594156
-150.80170820018458  1869.7683219941785  121.48590693666245
-149.5365528900385  1875.2101703426918  118.51120878738409
-148.477231932591  1880.1027075797153  116.093505694961
-147.51788047051403  1884.2704223573137  113.77885658192156
-146.6694781142688  1887.8326716694023  111.79793563085883
-145.86660520094964  1890.6358054929126  110.0841018914735
-145.21545670104524  1892.7531971802546  108.93641841707488
-144.74245905242108  1894.0032005349497  108.17254074578621
-144.35504556739983  1894.495849654354  107.73823656463937
-144.13703620451057  1894.1922280664842  107.72161165622909
-143.69562034079078  1893.1692351161194  108.06516365940037
-144.11094285827093  1891.33752631902  108.89291200539124
-144.82071581542414  1888.664417461366  109.80755120393079
-145.91259462954955  1885.246444577168  111.06412251119886
-153.41428662169324  1881.1402189425198  106.5476345670188
-158.4850221035286  1876.3345990520243  104.8303871496175
-161.1635631051208  1870.8070070440122  105.99310383589466
-156.58876290160205  1864.6349171346362  112.97428462720757
-154.22722867018678  1857.9650858437951  117.40499596136716
-154.59443105026642  1850.6076285021234  118.63710733013824
-154.12715254133806  1842.5738796970738  120.56197517552815
-160.65196056481426  1833.7481647777051  115.70104949126697
-170.17194048165095  1822.9734594944166  108.31068441693851
-184.4218654916571  1811.8026147893895  97.34739201565489
-193.93867462559083  1800.0201934075885  91.15959264744085
-202.71392171313138  1789.0166515207718  85.56605440585366
-203.3394247346056  1777.2255604987338  80.22945368464435
-199.65523744332947  1766.4966724638625  64.36749589631654
-190.70734081353928  1755.7793365850434  48.459106581238785
-185.97430585377455  1745.7419518095003  29.637160714436774
-182.08802631979754  1734.042184109739  19.607023129061268
-179.24704189563082  1722.6147006833598  7.91497196946221
-175.82122529075897  1710.935443206438  -2.954633682435553
-166.51317589668764  1700.49495204926  -7.517618598529564
-159.8761300945812  1690.621953982287  -4.979851246000608
-148.67513253093202  1678.3642917538855  13.50797963394472
-145.73500151044883  1665.6795302094038  31.30338288455515
-143.32713164980106  1651.9296214001592  46.10526543644176
-144.73614303843135  1640.7771811743744  64.76668467005143
-144.1162711030243  1629.676622315014  83.11899912549906
-141.6977362290797  1619.1141183566046  102.65825548443651
-141.1947154413482  1607.6657591819444  105.02989687199798
-135.82138299521057  1597.1644753035118  105.41745144855334
-124.08471103838676  1587.966044541431  112.3170278250673
-110.47310853838118  1580.2953774623131  114.51085478194427
-100.3544047178008  1572.5092093557255  109.01514423899994
-94.84530387264094  1564.2322582306158  94.42006264582037
-88.52163055155253  1555.9686581116996  85.64007758629816
-81.76008968359528  1547.6355309627231  83.65008697851627
-75.50624979549634  1539.2731292653848  80.27081074769737
-70.16041432763573  1530.8967732407687  76.32821505591652
-71.16412640386511  1522.466856226399  72.71307715803108
-75.32168240776812  1513.3767934758719  74.42895309705743
-81.84428648354509  1504.2260478963933  79.05361741090235
-85.4823961304138  1495.0023750131022  85.00827832432559
-88.33396507071599  1486.3830432315667  88.95201458390412
-91.10597111281976  1477.7684769804166  91.86572093115257
-93.6043615295641  1469.3058545746687  94.67335241841776
-95.58668633385109  1461.0803747120185  96.60391983358781
-96.88772252217058  1453.1626655639718  97.94156826142348
-97.71452457114017  1445.5820268828306  98.21315700356071
-98.2563682586932  1438.3375623392383  98.2220660560178
-98.62947665192739  1431.535823009091  98.25859894662594
-98.88197604222282  1425.2195815633938  98.53202607515196
-98.95310450576928  1419.4131574198157  98.58767348034748
-98.81600675371911  1414.0941689017961  98.28676963271297
-98.35799777654147  1409.2623491541667  97.86150639885702
-97.87649446627249  1404.8857850060328  97.32917381671191
-97.21742531806564  1400.994367755651  96.89005330047266
-96.726382602546  1397.5256035296827  96.42289945363775
-96.0240523646431  1394.5226842934162  95.95238795029906
-95.43106994100859  1391.8807237173687  95.5171896149973
-94.73034546156698  1389.5943705377688  95.12227989201483
-94.13169833597878  1387.5923562292357  94.8030969014277
-93.49221771321793  1385.8456672884338  94.50189822654707
-92.92431122705193  1384.314100258278  94.14826407316073
-92.34816420985304  1382.9523022538856  93.80832058851843
-91.80445724345859  1381.7524870709503  93.4644739602086
