-81.68756690696446  1358.5262269503844  55.87460768885046
-82.72583305086678  1359.8679280733595  57.85841069486813
-83.80846598054492  1361.6010086734807  60.2991218960501
-85.07154662802313  1363.737071454453  63.00828638001151
-86.4661135458668  1366.27276765496  66.07666511529926
-83.23862451403328  1369.2224628508297  65.38644953438492
-77.09970515241687  1373.0088548383853  62.21919423382674
-68.72796213386061  1377.3803831840137  57.21157359807157
-63.2276100749001  1381.3872924978305  63.250959209261744
-59.13000309169721  1385.0418076282524  79.72098634416804
-55.49665981617601  1388.496500124914  98.41696157590164
-53.341537432068854  1392.5815922841743  109.3940749951537
-51.931909318587856  1397.1766469648983  117.16021415281958
-50.561353216678754  1402.2722674375086  125.37674375341308
-54.96845067190108  1409.4537893049685  134.40549619643198
-63.06327296317658  1416.483974514558  133.756354615465
-74.41921252842664  1425.9056338132636  132.17929296416042
-82.15587572797136  1433.5545140043996  118.50269452278627
-88.38022593539431  1443.9811473843376  103.45723303778209
-94.26425160335876  1453.897419877691  93.37584968270322
-99.39410390729097  1465.7490736992813  100.7980108059871
-103.96189277530526  1476.7923110973718  114.80805936105239
-108.14413968116507  1487.833158257885  122.61896717628889
-111.7797386128143  1499.1638262895708  125.65375875797673
-114.9893976974918  1510.742086152725  130.25205572300104
-117.50230220925843  1522.5615944371043  136.60740647803826
-119.95595199700435  1534.5000970293322  142.30712843704467
-122.41319814971675  1546.6096952708274  146.10044082154369
-124.97579920828571  1558.8610123974452  149.44547627720056
-127.22902240771964  1571.2246981609292  152.59618784210352
-129.07909799649812  1583.7978121619549  155.46609904449133
-130.69447621990307  1596.6515768775612  158.02754608404797
-132.1335617477654  1609.8306493585894  160.2438860242984
-133.4153003225215  1623.3169186195598  162.2729524168302
-134.47002296180096  1637.0071068973243  163.93137896553392
-135.20619928106115  1650.8598454893738  165.0432769965877
-135.5309588166315  1664.735462155301  165.92198131091226
-135.58246414122254  1678.6473478150185  166.28680008927032
-135.27625819040472  1692.4923601220721  166.39644684739181
-134.5636891738901  1706.3465403098864  165.82758115121203
-133.44066370040125  1720.0653694864568  164.93084329942178
-131.89670175281876  1733.623859986092  163.24508158727605
-130.24959586984218  1746.7969847149407  161.4858341218215
-128.34592733591964  1759.6728393274311  158.44018587589042
-126.08138472910902  1772.1867242281007  155.24201700445272
-123.57445167351136  1784.3664722178778  151.2218602361078
-120.82753017015011  1796.0410975593054  147.65874610319355
-118.18760872231655  1807.2484772559571  143.48525041768326
-115.46262107887583  1817.9708763235842  139.02045620466598
-112.74001342174535  1828.2550434481034  133.7216274957629
-109.78150063332491  1838.0063708506036  128.51807455717667
-106.6848983783016  1847.2771706796943  122.7788232223103
-103.36896165432051  1856.074754819743  117.00143448719989
-100.07928927082101  1864.457302015216  110.74229074588946
-96.90541666981419  1872.3287052266703  104.96208856354241
-93.85977745082278  1879.617262948991  99.13866982201486
-91.08849155301002  1886.2392119612896  93.91729660511963
-88.48020982484857  1892.176529621489  88.0510414029708
-86.22932972116458  1897.2210327217072  82.82237039244214
-84.17379127745751  1901.4465115600185  77.75013409826123
-82.41010122841294  1904.697749851687  73.65678191510108
-80.84461870061169  1907.026591964524  70.13621398923686
-79.65881478156192  1908.2208519649284  66.92239675600152
-78.76400440115108  1908.3175297578584  64.44218065950534
-78.16908473614939  1907.3372293873772  62.443017505388255
-77.85873548098587  1905.341256615797  61.33383146252913
-77.78673057505749  1902.3710324613107  60.99526398408264
-77.9528049343632  1898.525350023409  61.45204435843836
-78.54245632846337  1893.776249780719  62.62777455874297
-79.34065438187741  1888.2141397835767  64.38656573364767
-80.17940408759343  1881.8361785831016  66.08822388718009
-80.93456303841937  1874.7951438290145  68.08954031526146
-81.64525147133959  1867.1057327499775  70.10549185665882
-83.05161728846164  1858.8402805907983  72.69143441893637
-84.41332940846142  1850.0602344420586  75.59480727646056
-85.82386703678443  1840.8494837743688  78.60704859431216
-87.0583600304333  1831.2675594232771  81.74092768270367
-88.41580340443504  1821.35593637256  84.80173985363393
-90.11053252107197  1811.1595993253827  88.04281685325584
-91.46182517514828  1800.769926667206  91.42342378254577
-92.77895595848413  1790.1315506953495  94.68220647080643
-93.8403056674466  1779.316596560472  97.8619512053682
-94.84195398144826  1768.2768387026215  100.75571227070128
-96.08294223326241  1757.189651493879  103.4467306978347
-97.04638191212997  1745.940620514941  105.93987617840706
-97.77740026987767  1734.7732947459078  108.3748346028897
-97.88192581661436  1723.5597252522275  110.68891936940012
-104.65653771416657  1712.474866338697  106.87458570240412
-108.49046202450637  1700.2168447932063  105.28526691261696
-117.96260392028687  1689.0416564556224  98.44551283008974
-123.86570263224398  1676.7244359482077  94.21324966936258
-134.40268409550853  1665.5807035984953  85.30846630657794
-141.2130038334953  1653.5199008917787  79.01176803310017
-146.1026033249739  1641.850661460914  58.77565112912468
-151.03097222581357  1630.4786729193772  43.91948137103189
-150.3695663890044  1619.2462624773466  26.74385412614967
-147.20131654609946  1609.357847043489  21.732540683248047
-141.71555669617334  1599.0488180991133  7.181114980331813
-139.01704392900808  1589.2810952500301  -2.9224471512642394
-125.07281469201236  1579.9105869736698  -6.279735436312852
-108.19384028153719  1568.766463730456  5.2575680252690535
-89.4758592056038  1557.7418638870945  27.362921325158975
-85.91468950679185  1544.9391534925455  51.90417978039784
-86.22210390499416  1535.4907016667244  65.9885425679061
-88.3534229879299  1526.1565618438112  67.75291478280239
-82.56902955538834  1518.6459462025791  66.82113593519179
-78.09375622985414  1510.7509377615943  68.10757823643213
-75.42173705300262  1502.4889626209072  71.26684850659129
-77.99528541883754  1494.165376261952  72.15405122236547
-78.52063944434727  1485.7284730863555  71.95848999167288
-77.62655679453908  1477.6734619916735  71.3638591115317
-76.85367265265558  1469.7349264653103  70.83087775857419
-76.34850218211709  1461.9596875532748  70.41753869884195
-76.15485312406207  1454.4483781698207  69.92161022287327
-75.65596971221514  1447.2872659083043  69.44319309793674
-75.03335049569863  1440.565702511048  68.88340673621973
-74.40369852084358  1434.3045450759696  68.22984106430573
-73.85618925436707  1428.534597402302  67.49308335252218
-73.4370692008983  1423.2804111334306  66.71706018423221
-73.13555458550285  1418.513602753882  66.09981724190207
-72.9325943196638  1414.232194859579  65.62899725989774
-72.77153498515945  1410.4075189031455  65.2621025128575
-72.67753929319893  1407.0466781315424  64.95340322517647
-72.61542404805292  1404.1140132226976  64.72057283425825
-72.60342752894724  1401.586900983856  64.5771741030115
-72.6140678968778  1399.4234445126026  64.46978792940018
-72.62267515652954  1397.5826507192305  64.38461301308799
-72.63731042795081  1396.0069796962414  64.3485662631168
-72.6640670697948  1394.6527611418287  64.34090720535934
-72.71565551001252  1393.48402963172  64.34845681424697
-72.84863713264568  1392.4648332127026  64.3676310906514
-72.99414641211668  1391.5560943002156  64.46763948580781
-73.24004194406507  1390.7451997478383  64.6349299823978
