-58.593598960501055  1339.9213494216908  7.332006323027221
-58.52145653003756  1340.6697059146513  17.218056201094033
-55.549827300592966  1342.1005302396618  34.16748833048162
-48.47634186358832  1343.9506836487753  50.93082357791829
-43.98619491116411  1346.4871174632747  69.1057060895015
-40.3657230082355  1349.3159233360066  74.80133075275283
-48.64986813920231  1352.1228950752961  86.70879508771853
-58.3939019028479  1354.4123812203766  87.7478841579216
-69.74370060312978  1358.795500092966  92.2859019285391
-72.89174950807245  1365.45661464849  88.07093356611671
-76.713999613936  1373.5639392966418  91.67319529131859
-81.58506231464855  1380.4678287917213  94.46569750395182
-86.14102252407933  1387.1035955062744  95.57074030598098
-89.99309182048327  1394.2993222920118  97.92308607448841
-92.85256322265245  1402.1389250668924  100.57353909273206
-96.16893743697494  1410.1035638691928  104.36025603355898
-99.32831341485482  1418.3590794407617  107.21122987633903
-102.29139355238058  1426.9499232718915  110.04170142288743
-104.57946118091824  1435.9794642425938  113.16388656250074
-106.92491735097262  1445.3194069864164  116.68414412350226
-109.22617536701264  1454.9597297263572  120.30677100234854
-111.34946760826737  1464.9518254585028  123.72519912344725
-113.15071313244393  1475.3334812107203  126.87108027933579
-114.83978745495186  1485.9952134530738  129.73915576139183
-116.55817573920605  1496.865819604384  132.6249506612532
-118.65468928773522  1507.89570868163  135.61427897847207
-120.90063540282556  1519.1688435510391  138.75840685048752
-123.08270137714531  1530.6729083126058  141.68521781636755
-125.072216157733  1542.3292867003413  144.5037012584965
-126.79440724558063  1554.0915208562499  146.9384056956346
-128.84087618387747  1565.9013710127333  149.28344194993227
-130.64965454589523  1577.9010538041211  151.2691798213648
-132.67795568877895  1589.9906425857564  153.37189769272445
-134.30725372773315  1602.1693218699002  155.38445955226908
-136.06861092398316  1614.337926266095  157.00403621399064
-137.52241263378352  1626.768851942326  157.89500502878514
-138.87617781502175  1639.3412370585247  158.47999228864177
-139.95410322366257  1652.014209965325  159.07076322205137
-140.95025729052304  1664.5868183877712  160.39348578821728
-141.89730336087175  1676.980617952505  161.3577606302108
-142.58260804048285  1689.5923419133064  162.31532352598828
-142.98186309132024  1702.155590659679  162.0193926350137
-143.00802187585757  1714.9465973598233  161.85850857674768
-142.83891483238193  1727.3805207841356  161.50141065233473
-142.6135982751143  1739.9205460836813  161.0123738384744
-142.39497951439463  1752.1821496000784  159.92501740356985
-142.1855034486336  1764.4485255609247  158.41729038826753
-141.86882599329775  1776.2870424235803  157.00998885742428
-141.52578400797776  1788.0118605565501  154.33855639250888
-141.01960515492726  1799.3462155281018  151.1946883600306
-140.32731351490386  1810.3980492086544  147.00174142522513
-139.60743651496753  1820.9044741597263  143.97329567793204
-138.90296689825928  1830.9758052345762  140.5213800891401
-138.23045701137946  1840.5230005859512  137.5070052431046
-137.37245988680468  1849.5524930896258  133.68514759942906
-136.50725547828935  1857.9567652848166  129.73043625435386
-135.70112947371254  1865.726229794337  125.91702560799496
-134.90545734355567  1872.9162367486633  122.18470722425283
-134.0989698992177  1879.5394656879243  118.80981799114191
-133.33360151019747  1885.6250363256709  115.07786983464656
-132.6916442131216  1891.0657042301764  111.82334723904876
-132.15473030497566  1895.8572340983465  108.65773386213561
-131.63578540888352  1899.921753386348  105.9846867689032
-131.20035829204951  1903.3812304660582  103.52145452448451
-130.87592309115348  1906.150663563325  101.50159112240233
-130.660300788773  1908.2557482180318  99.76737565837182
-130.5578391107294  1909.5686787165137  98.39457627328719
-130.5695527114486  1910.1761967937846  97.30927016843113
-130.69210612426926  1910.043289719714  96.50949140587211
-130.84142897829673  1909.193009626421  95.94131251604557
-131.03172846418963  1907.5504653843082  95.86626506525097
-131.2327187986167  1905.1428175300925  95.98021467861086
-131.4334353221026  1901.93813488179  96.78328185427632
-131.59483689843438  1897.9933021427905  97.47130644000698
-131.80770199520498  1893.1924286956753  98.69538819427383
-132.08997705981852  1887.7591685793323  99.97191140405236
-132.33349125927214  1881.66216897871  101.65108219640256
-132.57486937935408  1875.1347254097873  103.12811376112651
-132.7426503552605  1867.9815992257868  104.4001546244828
-132.94427391236377  1860.3742613611614  105.61702939754225
-133.07725071450864  1852.221440444347  107.33807329795083
-133.2086188275949  1843.590636927474  109.72529665968813
-133.34302227363526  1834.4541829210696  112.41718846759882
-133.48593263542037  1824.9159901099802  114.85601530590786
-133.63454604544037  1814.984651470504  116.94149101608599
-133.77074881207494  1804.7777252341716  119.03079496840395
-133.82990419927074  1794.2040733328997  121.18050205221058
-133.8025823707302  1783.428102883578  123.1950671012759
-133.53160738286707  1772.3460303788918  124.87749443048554
-133.1830923512979  1761.1043229125057  126.38076244605774
-132.7611668895301  1749.6540943427558  127.8083901248042
-132.454642899212  1738.0325654813287  129.15503201935425
-132.03764898670465  1726.2461519998822  130.28346514024722
-131.51618856370146  1714.3420956394204  131.1806120826186
-130.85790746130576  1702.4078662969866  131.94924725788525
-130.21090060005673  1690.5327842200468  132.6646349687387
-129.4969373138726  1678.7036579547084  133.2505233867305
-128.73680911570514  1666.8977820138805  133.54783933890252
-127.91095163183022  1655.08621076563  133.70528462935945
-127.06476451534631  1643.3392751564065  133.60048619770205
-126.15186664710137  1631.6477887638341  133.45192856517917
-125.30213365298195  1619.9984268318076  132.9897777647342
-124.37636319537063  1608.3759479414448  132.16520081198468
-123.70734245532881  1596.8354561823903  130.63529224611995
-122.83544880826615  1585.3644243594856  128.54272819821497
-122.49151809488112  1574.1306055098703  125.52101719827913
-116.29923421335359  1562.9106826031248  122.80385952741662
-112.55987225215003  1552.5147520745395  109.51660649775191
-109.25449361862246  1541.0362650911763  99.33479808347282
-112.55063657653416  1528.8866287047747  80.74692806314192
-113.67684457881766  1516.9675792479359  81.3031390462578
-113.82046077993473  1505.791982215194  78.54217890225513
-113.58970535075738  1495.0990196667024  87.29755919910997
-103.2770139880833  1484.0224281157227  92.6448030367797
-92.0397197842659  1473.2313547437911  99.50865190594307
-78.46243293523236  1463.7540579986683  105.2669221362932
-73.04016485478421  1455.0725303425097  107.38840627254763
-71.73054030164039  1447.9105113584244  106.4581273188342
-72.99682338925076  1440.6373478198896  100.17358670879973
-77.01851186127172  1433.3227877829106  91.70299829280223
-78.60991533183493  1425.9229544128002  85.30173784115962
-79.999890924379  1419.1583164645667  81.29295930426792
-81.21279164206273  1412.7217397298239  77.09833693323296
-82.30786078617803  1406.514618276249  72.6631958850328
-83.19825182407519  1400.6278020832938  68.85889928206194
-83.69229268856624  1395.1185538708417  65.8690260932194
-84.01862823315766  1390.0716538030965  63.37497487472688
-84.26649702175497  1385.4006084704129  60.837330196034245
-84.21710019421651  1381.1251920629866  58.34341529138442
-84.03253237022132  1377.2646012863293  56.151342529678374
-83.75316393848959  1373.8587511867083  54.36388368563041
-83.57346259473  1370.8799008511917  52.99661113468179
-83.32284263992655  1368.2718317322035  51.74242260467616
-83.004838967198  1366.0027596399273  50.6528718432564
-82.58818018882069  1364.058593087045  49.695769162240396
-82.2308106661456  1362.4072295621345  48.960534991310645
-81.8241671321026  1361.0269143590626  48.38129752952068
-81.48705382427418  1359.8808035475465  47.92503307887554
-81.07243847231764  1358.9388000244644  47.55066682565046
-80.74052053545759  1358.1761550725316  47.25891588594972
-80.4163768912872  1357.5465378207173  47.02259791391339
