-127.05273647104059  1370.0294889321708  138.30609782975642
-126.42226285511046  1379.4317418282192  138.70010343890638
-123.43056876226213  1389.6892794662303  146.30849978376838
-122.85100545587619  1398.5569721647607  151.96512667340755
-122.65694942754304  1407.547686160859  155.44519075049067
-122.04469650429157  1417.3842210690298  158.8570635595412
-121.60854978969793  1427.3933625861373  163.25933052576428
-121.40883729714636  1437.5831276808774  167.74546266162153
-122.00786605931938  1447.8233962077081  172.11078052135318
-122.70841613474978  1458.4852742130765  175.58718475234636
-123.79600072315064  1469.4004852196038  179.61507900257834
-124.72180000050801  1480.5669557384253  183.46044718295798
-125.91622252685926  1491.9117173824613  187.31799926510718
-126.94718193057338  1503.5290035951593  190.87045259054287
-127.98936641448012  1515.4468670185909  194.1839828491916
-129.0411664494464  1527.61917861928  197.13098261129727
-130.0493952902334  1539.9561152942395  199.54088056238714
-131.00598345144905  1552.4395227387163  201.53613160981578
-132.0767923170228  1565.0977734082483  203.27274659040435
-133.20214924032896  1577.9569196348841  204.87652880913703
-134.4789495935601  1590.873538711921  206.1526791635052
-135.73225123657429  1603.806733723501  207.1143365450312
-137.0329157298669  1616.6962860271587  207.6667205741117
-138.30183851466913  1629.632468938214  207.62505146027368
-139.4513686643749  1642.5403558794599  207.02531956900734
-140.53451484238064  1655.5016229100318  205.59593216399114
-141.80539299848323  1668.4509834347957  204.0393987890519
-143.22886384372185  1681.4900646487076  202.14444406955448
-144.73169235795373  1694.567974476401  200.14552075648484
-145.8902859633643  1707.6788751686743  197.6965169185112
-146.80748812573796  1720.7159525798263  194.7597578371992
-147.59044041115766  1733.5827437885507  191.2925922963502
-148.30460165024195  1746.2224138327701  187.3893864847625
-149.06781559480694  1758.6218824807781  182.9798742866635
-149.8336653744136  1770.662470981325  178.72459597793585
-150.5680099882948  1782.3051579579064  174.3074808603639
-151.27313318986435  1793.4589211301663  169.6877199882595
-151.7971627559527  1804.115218297868  164.46691719974814
-152.29795125354156  1814.2437688560055  159.04398728912136
-152.65988926557088  1823.866879652909  153.32715016442856
-153.0117490293093  1832.9738307368568  147.70849068774015
-153.3122474250611  1841.5630148342257  142.0022431661622
-153.4034922122732  1849.544764047233  137.18285606340004
-153.41028614821948  1856.9524197659036  132.20686842135655
-153.29994926005423  1863.736651129641  127.57466331288596
-153.28225488436465  1869.9102975642327  122.9839179564431
-153.2602631162466  1875.4194309176546  118.98609174003097
-153.21620757764475  1880.196114178083  115.48489162426456
-153.1777082483162  1884.2162173194392  112.33086981937265
-152.9816844483283  1887.5703295136313  109.64020061912466
-152.91906556561258  1890.2696080616302  107.2940607824045
-152.70911151014354  1892.167474998805  105.26088160439967
-152.62441923906817  1893.2529805089487  103.90271813432075
-152.37121653658988  1893.4413013003068  103.10097526057778
-152.14243358824905  1892.8902867979152  102.74986834697843
-151.67671086355168  1891.4117189584508  102.69776220358514
-151.0069464672003  1889.1686828205532  102.93896575623273
-150.30729083683238  1886.0632962982718  103.78584915021187
-149.2918072865529  1882.217098271937  104.78444008969824
-148.3376973802983  1877.522272893391  106.3570069433383
-147.20791847930445  1872.1458836553254  107.83791176788328
-146.34462943127352  1866.0045542424346  109.81606921342056
-145.2528654267827  1859.39960067017  111.84411464556904
-143.96822662552648  1852.1630762166571  114.96837408248868
-142.5568152928982  1844.5419734597474  118.28154333158749
-141.13897440697318  1836.3228985305418  122.29419788011863
-139.87352577293177  1827.6667003899438  126.72463989414804
-138.69547406563905  1818.4531936583824  131.12189122923897
-137.60490827049608  1809.0151052819087  134.91685830219774
-136.4992066011173  1799.0299589150652  138.61129882966137
-135.39680051464467  1788.8276570969801  143.2350557669206
-134.33830065310357  1778.0699644177853  148.36076675277084
-133.3598962631251  1767.3133849212654  153.11729511009867
-132.45619778781085  1756.3236713291255  157.10230184520614
-131.3365839774752  1745.2551920850276  160.6064660380822
-130.18857614951992  1733.816508731273  164.1698881891348
-129.0666181038793  1722.2304776855597  168.04415099191158
-128.2575015352263  1710.5629918440313  171.7881215218042
-127.36675469423895  1699.0497302093772  174.84402107326736
-126.31643055754246  1687.4733125694083  177.21040160177503
-125.11791513005087  1675.887215129956  179.4226797972366
-123.91743000261724  1664.1980034297917  181.34048312324936
-122.67560648995949  1652.5932691478206  183.06465807716657
-121.34382835930113  1640.9655663107944  184.35712717783684
-119.9008588174339  1629.5070958234714  185.46442208153306
-118.38861234992032  1618.055393730229  186.28495432900283
-116.551599502404  1606.7527660552632  186.56471661422358
-114.39867443987734  1595.5118363834472  186.25744853497037
-112.02290168361709  1584.4324322879006  185.28025234219587
-109.61629634915658  1573.4785155350387  184.16436548774072
-107.1555905406219  1562.691192998985  182.52326341351667
-104.56904393945962  1552.0282929075793  180.6644607990809
-101.90451886909158  1541.5523212641187  178.41813507218805
-99.28553629774335  1531.2706068742027  175.99008213934027
-96.79818099950913  1521.2853036974907  172.78119586398336
-94.59504958080319  1511.530427217797  168.8269709110137
-92.50194283582586  1502.0743689951487  163.8970118482008
-96.01395044787162  1492.7545285060949  159.11041072934077
-105.74290027021912  1482.8961544113417  142.11899768648487
-117.3874772667786  1471.2837353534842  142.6487490048779
-125.7075138001873  1458.6807705604833  146.77336908498978
-125.14864514011032  1447.424060353319  156.90515976298676
-119.78701080314588  1438.6625467730903  155.52791495546
-107.94574368505515  1429.7810553064646  152.54193696028744
-93.14104109940966  1420.861158543355  159.81750346326274
-79.42598241598854  1412.625211442089  154.29071337993582
-72.54695551171369  1406.4016228022897  137.9117936277416
-67.40868369941411  1400.7791462334112  117.53720236083595
-60.166144875197645  1395.0131211659514  103.75181347400793
-48.95725866896545  1389.747535648387  96.80423966322299
-40.84052541161618  1384.6993546615158  87.97684268821803
-35.99506368304775  1379.8258975639442  78.45990485175331
-36.14927735232858  1375.171419409151  74.25103644225476
-41.586310946236644  1370.5827410561185  73.86515760868213
-48.70526565688839  1366.3880435423896  76.19200239114139
