-96.55397095549824  1379.7433376588624  120.49238192539369
-111.80503566428047  1381.2671157366995  124.70408150581581
-123.18862353993558  1386.2978084088782  114.47162943772084
-124.24099808675021  1392.3245432599679  107.44567551446559
-122.54189461829986  1400.1086472301536  112.74155628446864
-118.06418252997055  1405.9499690368202  126.01619533348307
-116.41249707834208  1412.840160459065  133.48811225949424
-114.80506059884979  1419.7295660493605  136.00643172870406
-112.91836927808906  1427.228235754421  140.01241576507695
-111.31299613794391  1434.7857973162274  145.99944579640336
-110.49740132789942  1442.4301910769868  152.07371761039522
-110.06395305264053  1450.3161188320078  157.08574039500922
-109.96703004942783  1458.4623511286256  161.2376439119486
-110.0413349807501  1466.8970992635336  165.27677793485418
-110.58357194358271  1475.4772822021728  169.67286320607633
-111.25534141928757  1484.344905312916  173.6376303822854
-112.19049893071109  1493.4042570924073  177.4559082287717
-113.18391091546991  1502.696399374957  180.74398295799202
-114.47343352372516  1512.1480304057482  183.73123908874746
-115.75648084159704  1521.818359298525  186.45903548298412
-117.27538570384885  1531.6878564355693  188.71013451759757
-118.74505873941901  1541.7337253259009  190.55817003451162
-120.26563121550751  1551.8617838550877  191.9169240102291
-121.71705500301219  1562.106406915104  192.79009539175874
-123.18103268792308  1572.4841414787734  193.18659742963516
-124.63880041871384  1583.0034017513046  193.23071017296652
-126.10590225807195  1593.5856199157713  193.17446962988765
-127.48994394790357  1604.172656739505  192.97316707930966
-128.9828205394531  1614.7395908500575  192.65036246294474
-130.46018373150818  1625.3499513419265  191.95162584684297
-132.06259761195633  1635.9855775748206  191.15343564899393
-133.62051226111163  1646.65914955276  190.17480883349737
-135.1822347614916  1657.2932782573837  189.28966123394855
-136.6401986131901  1667.9405309471185  187.92199925327841
-138.03127587240724  1678.495348459251  186.62755760207014
-139.55505364001962  1689.0564855989169  184.71771407147355
-140.99226064352752  1699.6107241019288  182.83108762428353
-142.2357135663295  1710.2732084205747  180.5220612231318
-143.24855122943424  1720.9643621909736  178.4284662217797
-144.30945405646477  1731.5824035964556  176.45510959284235
-145.40983632947197  1742.130885488606  174.01334859168887
-146.29177666565352  1752.5496979748173  171.01663415671578
-146.99327319966923  1762.8247947089283  167.35627497326982
-147.6109550288367  1772.7956929949726  163.81746794203704
-148.17338144126202  1782.3619968454727  160.72095065706924
-148.77442783311167  1791.5426460015997  157.5339057900976
-149.27300552106666  1800.207216065724  154.5512754398987
-149.74395412799328  1808.381380827087  151.03880310029655
-149.96416049403382  1815.9314290918574  147.83369411617488
-150.12060742718344  1822.9170836039675  144.70501863794215
-150.18080130042358  1829.2957319487796  142.24649651055125
-150.25863142133758  1835.0292551921766  140.21401410060795
-150.30224340887145  1840.1119975829836  138.36153330819658
-150.40262706898125  1844.4251809274706  136.77748364668412
-150.48106664084966  1848.0728624069222  135.45699858799776
-150.60946388630794  1850.9749222572914  134.7038829567547
-150.68206788141848  1853.2035897958554  134.1526878250301
-150.85610239986607  1854.6367441213154  133.7642770405829
-150.99246662920916  1855.2703249386068  133.60468375713123
-151.146423751972  1855.089880439999  133.75102377093708
-151.22386249242481  1854.0952451941337  134.2927631688045
-151.3752068689707  1852.3234480612389  134.86760194531072
-151.54017651780538  1849.6610678444117  135.56091433534579
-151.70779578254778  1846.1363333097988  136.29411274719115
-151.82727442671506  1841.6646718561979  137.53127887094865
-151.59119263605794  1836.3529082832226  138.8155838834501
-151.35835421651208  1830.2481536693585  140.1034952227808
-150.94996591620477  1823.3003793703738  141.25935875746455
-150.7665593566297  1815.6122933111187  142.81500556022942
-150.44224199088995  1807.1018008112837  144.6219559118592
-150.1310415301618  1797.9520794306698  146.52017991697304
-149.93633756379978  1788.1541133241008  148.24651942116338
-149.52533563846077  1777.7749582809433  149.9782968209612
-148.8762574787428  1767.0508056447645  151.5191803288983
-147.87280818150688  1755.9385321864704  153.2987759249819
-146.84266504908402  1744.5856736083688  155.09956905162224
-145.73154798894927  1732.9227353805811  157.01394394345337
-144.48332679209298  1721.177763137641  158.58483325873962
-143.054046936297  1709.417563744728  160.11167781346194
-141.54341436849126  1697.7123085072235  161.5594299990324
-139.90643139186432  1686.0399930473177  163.04653300828872
-138.22768218471185  1674.4123954771865  164.36321100287202
-136.3777227091822  1662.863002989262  165.29475813529936
-134.62906219881833  1651.4890829707147  166.16885249486933
-132.86643348163352  1640.311810373963  166.75296995504524
-131.18932962077628  1629.3399981073055  167.15221494954682
-129.52029564939028  1618.486386239804  167.2391239422041
-127.96552670747509  1607.813460085131  167.3402918096206
-126.34676720726169  1597.335617222115  167.50564226891075
-124.68209470831711  1587.1753715035397  167.63549161566593
-129.31765704915256  1577.207316644737  161.0489155732435
-137.0821909464496  1566.7349939619157  150.94780302620563
-148.214019733582  1556.6117574271798  136.91313516170578
-155.04760979934537  1546.749244594936  137.88419639321646
-161.2157221546058  1537.8785667665384  135.42055344000465
-160.38273808539194  1529.6110692994134  129.097305918047
-156.13186571492184  1522.1802883812477  118.62008271114746
-154.09870287348087  1513.3564064336647  120.19874751551518
-160.39772451596824  1502.534034434475  134.18132080974132
-169.07833323054606  1491.3844581644173  148.13967317430692
-168.6478749275386  1483.0819258391523  153.31845689109474
-158.84260328280695  1477.2498360316195  153.7971288877257
-148.25428985379259  1471.964456050416  149.50742215979795
-141.92742260133156  1466.46233100251  148.73896274033333
-139.22309423700196  1461.3263899485141  147.96289548165734
-134.96558373780897  1456.8474548590264  147.17765077007613
-130.31086483909274  1452.7252084865108  146.26852625494882
-125.99896065862848  1449.0616175433722  149.8383609258517
-122.64724575923294  1445.6660127299915  151.9011307716084
-119.63182490397065  1442.6255479459269  151.82829677551777
-117.06849061234175  1439.8790176956036  146.68010506225036
-114.73125897165833  1437.3791380501757  143.36943403627214
-112.66832323822902  1435.1132167456337  142.14145875893757
-110.77230787317909  1432.9459291459164  140.7413872380733
-108.94405426242234  1430.898906197907  138.93552710888136
-107.21192824472881  1429.0261009794046  136.96117215055185
-105.61591501127718  1427.17253638988  135.16913866158953
-104.21984232872956  1425.383686182343  133.4673267397542
-102.98220402754211  1423.4586698619314  131.70842523735627
-101.8620646093375  1421.4985374514333  129.97504123726665
-100.7905647152019  1419.454941358124  128.54462862831483
-99.73582152401103  1417.3803589054637  127.20377037553519
-98.72279027560276  1415.198411719912  126.26417855852841
-97.76220214396191  1412.8832774121079  125.42639316087518
-96.7996730335144  1410.3900533558801  124.51279196381503
-96.1341698365365  1407.7506303439359  125.43610721088356
-95.60344991420334  1404.9697539671624  125.03910734620469
-95.20008143172737  1402.0895533498747  125.25462024878837
-94.87973056061794  1398.7713210536203  122.74006960069585
-89.54452072988745  1395.597626508809  126.96186810098594
-78.65710434818408  1391.7776231529253  133.45951834078855
-66.25925555276503  1388.435059754049  143.57540621640166
-57.509187390397734  1384.5731104774097  150.8909880673638
-52.76702441648154  1381.2203551183516  157.14669629077946
-47.49159127346448  1377.694396876443  162.55130462703988
-42.121966778911606  1374.4825431723973  166.63151606779667
-37.42033192650255  1371.4176831748312  170.46820297117267
-33.52567854821974  1369.532511102429  173.57864506551908
-30.22496529919749  1368.4813799305564  159.8316604402885
-27.091446547036977  1368.0565986570818  143.36650477147714
-24.455667081233546  1367.064500442162  124.17107803953175
-22.271294025273786  1365.9350513508828  118.36197703599862
-20.437888287620193  1364.7786629978891  111.52371260660189
-23.778799061295253  1363.5737804223218  103.39713604923723
-25.452897922182473  1362.2538492337924  96.01915693785584
-25.304300256575658  1360.865786805881  89.68042977115317
-20.51657449099342  1359.479672601346  85.04768330010583
-17.867079283583376  1358.0942440076537  75.81132017686923
-17.546729714328773  1356.6950291338744  68.84468413877765
-16.736229777207964  1355.2786852228185  63.06120972028272
-15.56975694658615  1353.8640022214468  63.46141678683607
-14.263144501587462  1352.4895166483925  62.16160196067143
-13.086552190411714  1351.172247154273  60.07179691042963
-12.113259391265256  1349.9122600476007  57.77940681462468
-11.078405050882319  1348.6815889118163  56.18199933660556
-10.268546547591614  1347.503001872941  55.02738566364592
-9.540066253967295  1346.3715268293781  53.72121583574715
-8.846188351139773  1345.3465406020011  52.435055320131625
-8.316199404043282  1344.4165147829672  51.47539599634437
-7.811453615796784  1343.602721624888  50.67441076905933
-7.440452222739219  1342.895281964022  49.98167294811604
-7.0610834502967315  1342.298413850407  49.37496710867481
-6.762065046419941  1341.7901247280356  48.883991767790775
-6.46084908787098  1341.3959164937899  48.50965594874817
-6.31353520686995  1341.116182332643  48.282355817798646
-6.069546772514349  1340.982952421112  48.130520386391055
-5.987591799616366  1340.9631237282485  48.06648881617543
-5.746338359971384  1341.0721999629786  48.046869154613006
-5.713424076260347  1341.2923968673463  48.13286276546579
-5.616872963356534  1341.628456914041  48.58777574255549
