-9.688291145104609  1387.6810279795288  50.71239612199133
-10.088735222758135  1387.270923070597  60.44336904500669
-10.449471492910494  1386.5440163550177  79.79798555692692
-10.881316758103598  1386.5801406096252  101.47790628245781
-11.454364630472508  1387.6010540131279  113.37165847919947
-17.212848406168668  1389.5223952534868  114.27422974819777
-28.679991813801674  1391.7381224127319  118.72779582647358
-52.60008701268212  1393.4275848304987  127.84665886165692
-74.63457695265357  1395.5758058899337  131.0795257122482
-88.69941860197231  1401.4191702999724  129.45518198472197
-90.52744472340979  1409.800322335828  126.20183179791229
-90.37264957556494  1418.9327132211208  130.9993574916266
-93.82696882703533  1426.7717495721693  134.41798885602074
-96.9990784288295  1434.5963451648781  135.80505760531622
-99.1671670508515  1443.313762574246  137.76043971694975
-100.48802107571139  1452.2943116085303  140.44595568347822
-102.23294186974908  1461.421397767618  143.90429741917396
-104.35518465652211  1470.6134333359303  146.83035491011736
-106.33528288520795  1480.0384438064002  149.61479316687942
-108.32335594225525  1489.7097936365906  152.66687636207482
-110.21954580368072  1499.5862600193836  155.48687344271545
-112.16172514467688  1509.6024160707404  158.0551994126201
-114.16737305404286  1519.7305558586309  160.0743396618009
-116.18817285373294  1530.0502586739683  161.70350025576136
-118.34560409979856  1540.5448480324144  162.91381989187158
-120.51081761949149  1551.1812673318923  163.72917533309618
-122.65098409646785  1561.856243245956  164.03524181939378
-124.79416896544173  1572.6233341428579  163.77252337024046
-126.88142970436657  1583.4861189283858  163.08041633379543
-128.89483431069579  1594.4471264601884  161.8641145935497
-130.6783255870579  1605.4053112636602  160.36540893125945
-132.40037658300372  1616.3556542551307  158.47271688102984
-134.0097443938207  1627.3080306312777  156.49278876373432
-135.49029757236806  1638.2906301923301  154.1973281879211
-136.78610355586827  1649.2966816003236  151.62994341968678
-138.17544346151485  1660.3075259928405  148.92532577295395
-139.68227444582197  1671.368140333988  146.39023787816575
-141.02426230367425  1682.5699635938454  143.82424800280774
-142.1113779799059  1693.920017714166  141.2021366576919
-142.84093412459816  1705.3410536543956  138.68297521641327
-143.68166286756437  1716.8272001611542  135.9415791910041
-144.32891962925808  1728.3391594321938  133.38804836826034
-145.00827244515636  1739.9400493194692  130.53781467952217
-145.5587056659666  1751.4779600351721  128.29667051411147
-146.10043510328669  1762.954490325298  125.76060724616391
-146.82719696390402  1774.2626449091608  123.36663999988274
-147.48970747594646  1785.325850502662  120.99523635099258
-148.17414033178252  1796.0951868864704  118.64933484883412
-148.63275131761077  1806.4515415823455  116.48110174499811
-149.10808077406628  1816.3310892757422  114.29609939885894
-149.53981773291375  1825.7178141445477  111.77842804294582
-149.89938407903998  1834.5588102989711  109.2876734858287
-150.07736365442665  1842.8125177735096  106.82437987768321
-150.1893871947572  1850.3478466343895  104.78122100628936
-150.14497042940047  1857.159672265895  102.67585835145076
-149.97918163631726  1863.2678201396643  100.37005197052473
-149.6992721242427  1868.5347521390536  98.4375642114721
-149.34856187989303  1872.9433917440642  96.67885930217753
-148.99550165807634  1876.5551884903832  95.24478810523931
-148.62357346599123  1879.3712249723826  93.76131199260806
-148.31187759556508  1881.3414846856936  92.48144532275272
-148.02501521547106  1882.3539552539473  91.45569474178122
-147.7247871643746  1882.5032556433089  90.71755293306985
-147.47912423118476  1881.8509261307145  90.1729103244314
-147.21641775594833  1880.4200683357558  89.71576419558042
-146.89031922969298  1878.2712862561773  89.44138559595196
-146.51275802770897  1875.4231239524877  89.70618769260186
-146.3352801761137  1871.9631575398053  90.14365884270445
-146.1535252400811  1867.8616452768674  91.02714614390875
-146.09378895994314  1863.2183226701368  91.88510862134343
-145.9100415323175  1857.9484044619342  93.6809689245638
-145.89344865608305  1852.1974692376539  95.89390240314029
-145.68198590259857  1845.9651498982996  98.47387311695759
-145.53930207739356  1839.3639364431115  101.24608865123922
-145.2943744115498  1832.357547838892  104.33909021465554
-145.08673683128188  1825.0047134849865  107.58212416381956
-144.56041648779305  1817.3726146128681  110.73175231872652
-143.9727282138271  1809.52884528477  113.8957835581748
-143.31114600273065  1801.4688697080785  117.37951986332696
-142.67335274339783  1793.2466113661997  120.85001626483792
-141.8412200348788  1784.818794307113  124.38903827111072
-140.85659543532842  1776.2403294098785  127.4143287845221
-139.73751780377037  1767.4186312595048  130.52451834274655
-138.60634025251326  1758.4691670063469  133.26823269081802
-137.37494453373608  1749.3332416686305  136.09978679425444
-136.19190350752837  1740.1399204564343  138.58777061043148
-134.72095519160956  1730.7893612250996  140.88809027784657
-133.3539401611447  1721.356465202002  142.97291921451213
-131.6654117058165  1711.7758694448141  144.98385932348282
-130.2766318874794  1702.1670947496227  147.08235327756594
-128.68656030669732  1692.5169888847468  148.88647846297988
-127.28881990659343  1682.9199849382858  150.4889672570484
-125.66611299596642  1673.2702879024341  151.72261141069865
-123.99956710031911  1663.6723907399883  152.98032020084696
-122.30236652463195  1654.034005901885  153.93665519332995
-120.59806960427603  1644.4675697959178  154.84727599920672
-118.66332201647337  1634.905267409814  155.5801147244382
-116.72333978020836  1625.457590218755  156.21010296254943
-120.7557862532386  1616.1057655082948  156.43289680887455
-131.73460739735353  1606.0680373543335  150.97553308604986
-144.94370750644373  1595.8999287858896  139.16566382263986
-153.4443847442147  1585.592848659636  126.46276161306899
-156.67689258518237  1576.3226588158636  110.24273431789784
-151.25752668580412  1567.790529890502  95.7812487216914
-145.13878986487478  1559.940662938278  86.471307265481
-137.36496392331495  1550.4637161362712  91.55357231915988
-135.39603972542386  1540.486927055069  100.30928502184989
-132.238057848075  1530.472649354498  106.32160564326
-128.5231972559366  1521.6489981718273  106.73910221518028
-125.18660045220315  1513.589231706993  110.37381210499137
-122.1746642756192  1504.8726653030824  112.75642181149267
-119.82735744465722  1497.4008589489335  117.92361067381552
-117.6475427845614  1489.7314129356666  119.21977896820185
-115.68865840162219  1482.8882083833128  128.0145156777649
-113.64924835733288  1475.7047284097487  131.68716925756064
-111.81794393922411  1468.5870279975932  136.4298104751181
-104.44628032529975  1461.4906983344067  137.35408109481446
-94.15136408694254  1454.6663845075914  144.8478689184354
-80.2008721559902  1447.7288434540815  154.39077529771265
-69.44803182216118  1442.3892915879276  152.28906438045513
-60.17341716620222  1437.9256901101999  142.25286727081695
-52.53579319457448  1434.601774436776  126.17028762027932
-45.789667265733826  1430.8634151995718  116.53199193596244
-39.464298625582735  1426.9541534110695  108.79687818815331
-33.7352712717818  1423.2026280931932  102.4550152994584
-28.731482065484386  1419.4463826563513  95.5469322893338
-24.211245865394655  1415.8716192246202  88.98180104164841
-20.38849893674718  1412.3228373231009  84.07726096931954
-16.975903445623846  1408.877240088542  79.55712772348919
-13.947494560628984  1405.5774384232259  75.48652022790617
-11.354623940484883  1402.44661471448  71.72018921896215
-9.125002099859946  1399.544156221746  68.56589596016568
-7.281388954168105  1396.8605983463867  65.81417176248034
-5.682820087595722  1394.4271184742975  63.30149492412545
-4.267872017842206  1392.2116907725172  61.03348119920497
-3.0622368562438584  1390.2501348161784  59.06089188311732
-1.9830975175887295  1388.518887328891  57.38888940363671
-1.0904514182423273  1387.0153912172839  55.9813665840706
-0.2595562254703555  1385.7049153261457  54.74469312426939
0.4472695889359405  1384.575477432627  53.647250899287386
1.0862764007207086  1383.6001757651406  52.67303673679768
1.6286546383100293  1382.7614433837607  51.78272340600771
2.1088289355317493  1382.0419941406196  50.97231853130409
2.524139298503509  1381.4243663810366  50.26080089970827
2.9181579546252423  1380.8971602628983  49.65697793413814
3.251355089398905  1380.4386206166819  49.089800125994486
