-105.14736341513566  1376.2841204929082  113.05346686486169
-103.53897305486241  1379.4807130493916  115.00937553908336
-99.12278830617434  1383.250429219443  121.13565352932275
-97.18477369747376  1387.5114656820758  124.2152111310304
-95.7599455411103  1391.5777253354768  126.74166335521767
-94.17516647938363  1395.790619222412  129.58319442743948
-92.87565455382087  1400.4257440635997  133.2527784977617
-92.00316296189379  1405.392722940376  137.1555363675965
-91.70096765421029  1410.7284596554925  141.11839922238073
-91.78765414880236  1416.4575464021698  145.18901648379952
-92.11464922476387  1422.6653490355063  149.26738437487222
-92.63197544293641  1429.456365262143  153.11698811830132
-93.29993092907584  1436.786242911961  157.02782307086875
-94.0284669249736  1444.6822204084092  161.0031476587778
-94.924065208819  1453.1313405025237  164.93344996332746
-95.95127284132109  1462.1498022650678  168.66005289826845
-97.05020641839073  1471.7620589187632  172.07545396369298
-98.36232529032253  1481.9819331258407  175.04810094436692
-99.82257208547837  1492.7176069025757  177.5514194285542
-101.48763898054146  1503.9245302143463  179.86118527477626
-103.22012820200676  1515.4483039283243  181.73416875120736
-105.08414887209247  1527.4090166362312  183.31949073282473
-107.06837042880521  1539.7124238509145  184.5293972039662
-109.08838982111554  1552.4180976915488  185.3112014239161
-111.00205578807018  1565.3083215401705  185.92041542333635
-112.92586663901128  1578.3691079558987  186.04635669190637
-114.83345769363683  1591.5971084593455  185.92408893449374
-116.98331754632989  1605.001069937235  185.21574995970235
-119.06720718602047  1618.5276881980249  183.97429030416936
-121.13006185663359  1632.0806245113345  182.25689391420104
-122.99543011520402  1645.6353998827299  180.20833747555912
-124.6968367997281  1659.1537488735837  177.80328257351573
-126.21745293798952  1672.6105039253634  175.03496302839346
-127.54590361194695  1685.9254956738796  172.04983841197983
-128.80392816518776  1699.1224841083615  168.52091817545613
-130.04767520375705  1712.1808790579898  164.24643120811305
-130.96433958982618  1724.9733264548972  159.9715466746823
-131.67483431358843  1737.5333486525615  155.1344584373281
-132.1136644855383  1749.675791743461  151.06732161344493
-132.4153008447372  1761.6352037521588  145.76898826362807
-132.3244880546809  1773.1752187076333  140.77874702464956
-131.8494896610464  1784.390323663839  134.75873150171662
-131.1525046699489  1795.1167233149567  128.9757299800959
-130.45213471449398  1805.3645826477562  122.9222812979419
-129.50693099311343  1815.0836065107928  116.861141508504
-128.45780851166043  1824.1526193556222  110.58637428911352
-127.31145856878288  1832.5406569366207  104.8328136971715
-126.25393343224995  1840.2898110957185  99.03338784660335
-125.34577577753758  1847.4331470683142  93.8574844549168
-124.47968653541804  1854.0099301208834  88.32446759953865
-123.91794441570612  1859.928320572145  83.62906098591797
-123.53347890371182  1865.2540832242103  79.17224563551854
-123.48139957057795  1869.8027927601588  75.38776737781191
-123.72592315036894  1873.6791654682138  72.01980819421298
-124.21284782197286  1876.7224177682015  69.08652959912502
-124.85574798279221  1879.132584974116  66.9120719115733
-125.85046467867798  1880.8084930243626  65.21419190228022
-127.01214790054873  1881.8240192493818  64.04040356062544
-128.20148769179508  1882.0755850605344  63.27926802097713
-129.03095075947334  1881.5756875095744  62.78713062432264
-129.65330362666091  1880.295483727246  62.83821737747235
-130.1732593321445  1878.3290460713874  62.954905748209725
-130.34697991382782  1875.7036402022654  63.22899510395091
-130.0871851654877  1872.412792821376  63.4947729218666
-129.1661723496993  1868.5065437914811  63.749202221977775
-127.77881254847753  1864.0313883267195  64.16855210918467
-126.1590411637046  1859.0750514016536  64.57641582564871
-124.26078014264962  1853.6551020679367  65.73133058532858
-122.30047017125236  1847.7827098011458  67.0544138330008
-119.92172579697292  1841.623874423617  68.56772557189257
-117.54784497788214  1835.086740752634  69.87239274063192
-115.0289590315577  1828.2127598058732  71.43903769456283
-112.70336889003936  1820.9079733564008  73.3391555531771
-110.41221523346306  1813.1993572674587  75.54440642415815
-108.2451248662394  1805.0073132007478  77.85316099805281
-106.11702724989772  1796.2647305478893  80.29341655132286
-104.12668928389965  1786.9838292722964  82.7160955276592
-102.19516269044239  1777.243925455599  85.10874613179628
-100.38363391549277  1767.1360069679988  87.45742195412367
-98.61328700074648  1756.7192631805665  89.65668014536935
-96.95372776755987  1745.960056928044  91.90083628878392
-95.34399920726764  1734.914485225563  93.90550875596657
-93.74789532268865  1723.7068297197216  95.91748290950498
-92.21923240171942  1712.5346677527368  97.71110500671855
-90.75180358749776  1701.4712753508288  99.39983413829292
-89.52453978584167  1690.5016268721117  100.83091963740836
-88.38168591312689  1679.6182231151201  102.04678005598642
-87.3554748763593  1668.884927851315  103.0811064684889
-86.35951675806812  1658.3475276177642  103.95485191336188
-85.54015270886171  1648.0514601008927  104.85748277669231
-84.7974532396572  1637.9682831946504  105.61812260649224
-84.24162886669664  1628.179340234968  106.36922610262772
-83.80764870464287  1618.6353673749488  100.65908792095786
-88.59354260505332  1608.2455348154028  92.1803928837665
-99.08519820311398  1598.067060715108  80.48315213006708
-114.2511247648955  1587.2902107918849  69.09622734923892
-125.9251353930503  1577.1708892415393  57.41915016083225
-133.6473812088445  1567.0006203673606  45.71118916810783
-139.3162396468697  1557.385064491412  37.46800708650157
-139.83018171459673  1547.719418200913  29.83572811184346
-142.32935399728208  1538.0609503866385  34.2817181095655
-133.16886554820542  1527.8630115859828  51.98985282960632
-127.91089926603729  1517.4726643790384  75.65032191320307
-112.91928228490514  1507.0575011304984  91.66053038133998
-99.85780066778457  1497.3440994603839  98.6310982931948
-83.69358978599554  1488.3931096178176  104.79331206586372
-70.50324546161599  1480.520742021715  112.03020443540099
-62.10289464516732  1473.4764989511818  110.32938151112532
-58.94600400474607  1467.4212782726997  105.9284799608656
-54.60421708581993  1460.8228191654748  99.0198787833063
-55.01916770549623  1454.4495935036111  98.98848209457023
-56.11633037324632  1447.9240164893354  98.26233497315854
-61.65157150110636  1442.0138507977879  96.68664604037825
-65.26295289630187  1436.2994697786137  95.13540860653487
-66.13992563274633  1431.0003312168528  94.11445593724352
-67.75460938861214  1426.0106077232751  93.93714883148567
-69.49180334900163  1421.254509500733  93.68907792360011
-71.22790715847104  1416.8627586271577  93.41796360490531
-72.40802474064164  1412.725322105829  93.0877373317212
-73.3711344711841  1408.9693536467312  93.09382831299448
-74.39250901348882  1405.4865939504657  93.27700154746336
-75.3543897165984  1402.3590422288648  93.58236510571055
-76.17612332504801  1399.510471319881  93.93831711284936
-76.84800172087013  1396.9768854064714  94.22844905134238
-77.42180371839869  1394.6991183190519  94.55912151629502
-77.93790918680051  1392.6675139030917  94.8010009167076
-78.37161995846446  1390.8372288971702  95.03252896286313
-78.75188886369773  1389.2218147307085  95.22905232000718
-79.04364555602893  1387.8151326570617  95.3798718459019
-79.28527016042379  1386.6120760633855  95.46154769522185
-79.49993771567692  1385.5923395314271  95.4722082175877
-79.71461678178648  1384.7197427349693  95.46758738019771
-79.90743207220173  1383.987519464694  95.41353193236453
-80.05277069201473  1383.3808763064421  95.3905261339092
-80.18109319338795  1382.8724692626147  95.31227910741012
