-79.56893930781541  1446.241827431385  133.1674576880241
-79.44144858457233  1446.475550335382  133.4453941446621
-79.33670332563858  1446.7827644218912  133.769601776067
-79.27840677840817  1447.2197947173834  134.1305195749298
-79.27924770541695  1447.7320054526936  134.48970233656323
-79.31767733773142  1448.3679552948417  134.83105569003078
-79.34572690397093  1449.051733777774  135.2021754402816
-79.35703953764576  1449.8197442080732  135.64139560223404
-79.36702806414665  1450.6212916813458  136.07453670550493
-79.44426241236397  1451.498366301841  136.43979759682682
-79.56992978198235  1452.3861614079847  136.78157825435977
-79.75695321251372  1453.3427246721276  137.1760804499009
-79.92514212608157  1454.3259360339216  137.60406857610332
-80.12074444963604  1455.4211725121527  138.00854769783697
-80.3299131228222  1456.5411576160036  138.31204907187848
-80.67450283662949  1457.765169030274  138.74412300625994
-81.10320434346038  1459.04009498306  139.20044172524746
-81.61402648482871  1460.5204037719266  139.75273563466578
-82.2078906546721  1462.208312239177  140.38010401698608
-82.85315443030161  1464.2444547050554  141.0031379318797
-83.69572296873653  1466.6226293411864  141.62621028937986
-84.73918011024992  1469.4817493800506  142.05038369976987
-86.0530282060986  1472.9375936796744  142.63315894658518
-87.37312917125735  1477.203217418143  143.2489256105751
-89.1010226108305  1482.2587805655137  144.12359705977372
-91.01573225839661  1488.099108798071  144.97372257576046
-93.11049654460413  1494.6700187301817  145.93737536155803
-95.28979109889839  1502.018902398948  146.94935806928157
-97.58930771049836  1510.114478488857  147.94137920961862
-100.12717002790349  1518.8763986226963  148.90681965949904
-102.41368345503761  1528.2036758798445  149.75291748446472
-104.58090735461774  1538.049196765066  150.56972372305273
-106.56820745586944  1548.3753690194264  151.6424172682396
-108.73131075049082  1559.1749898469861  152.61970966810935
-110.81682613048989  1570.2991537667526  153.5820522254207
-112.92088314331318  1581.6075981597596  154.30648379616088
-114.89187060434764  1592.9528134447487  155.08939708512293
-116.79299601056388  1604.4375905297093  155.9505175053817
-118.84403207990067  1616.0075932184945  156.75938128502446
-120.6830022460769  1627.7500561399331  157.51755398713885
-122.65146801052528  1639.4979064365807  158.2068860823536
-124.3196573689268  1651.4074949711833  158.8422385556277
-126.13911946449919  1663.4235926619876  159.23321483319077
-127.65442364624111  1675.6485179285223  159.35317387416694
-129.15917884203367  1687.975883517276  159.13833576030976
-130.33262529152825  1700.364211939444  158.76028113820612
-131.44920620165362  1712.7636751273017  158.21682802018765
-132.38853543074447  1725.1228601468165  157.29231295325766
-133.23340555152512  1737.39840608242  155.86354271826602
-134.03979453968566  1749.4688671016572  154.1556888237784
-134.78865337689214  1761.2996025497048  152.67786045671198
-135.57100938756264  1772.8974888759874  150.97052787152523
-136.24082853580126  1784.137628094573  149.3104053529424
-136.80620017393335  1794.9934490880426  146.932625652903
-137.14057950173438  1805.3771669637456  144.2462397697326
-137.38858137199048  1815.2109669465065  141.36632238797688
-137.54659987137777  1824.2790374961069  138.96883387938502
-137.28563868185464  1832.5017935736216  136.72227588036748
-136.8730574501113  1839.8641892585028  134.41714344629563
-136.15053460963358  1846.2811630298102  131.78287067046972
-135.64618024812097  1851.6405531630685  129.70782703306182
-134.9595863576373  1856.0624264401388  127.01915511369747
-134.18088716841976  1859.3526313081427  124.39232526798651
-132.99978947924035  1861.5988953999577  122.0505783164389
-131.7202459828815  1862.4677586676396  119.7909569252068
-130.62701615453747  1862.4207456223683  118.20676420704893
-129.63639439283955  1861.045832179781  115.77691185379732
-128.54038289723982  1858.799695397236  114.55973963380983
-127.38587736334235  1855.287053408373  113.04116802328774
-126.46795772385511  1851.0150481594246  112.49386028351881
-125.88309950397681  1845.645259345898  111.80101497674534
-125.3935261726567  1839.4539235613393  111.37795697920738
-124.96482639513387  1832.195797484034  111.19255607300863
-124.56318651987061  1824.1205977448838  111.331437666971
-124.10961266443664  1815.1864907869474  112.0858401224314
-123.62439390700932  1805.5036586153878  112.75193635229546
-123.12326445738839  1795.0700585240738  113.33688027423923
-122.51368299297985  1783.9021003944158  113.17563631111823
-121.9023850677106  1772.4019007582137  113.24932915338192
-121.2566823861906  1760.36953863488  113.54679058918327
-120.74709610140985  1748.0367446158714  113.84469939752726
-119.20316762570992  1735.485867865932  113.95652727818124
-117.65627302175012  1722.8954315336641  113.34973987242401
-115.7332217753464  1710.3968979260703  113.28353867696221
-114.70578323880086  1697.746222572052  112.47274654709723
-113.49929834537714  1685.3514205641986  111.97186625668023
-112.06077112587306  1673.1458425577393  110.80906347149623
-110.60692093839344  1661.3244143942159  110.11773554937155
-109.13620317797387  1649.6349622517846  109.39051432539624
-107.91653904080229  1638.1421327924986  108.72978593965362
-106.66876598480248  1626.7359590700546  107.11518006782472
-105.41175118973064  1615.4051888832867  105.6277489817178
-104.75884638521285  1603.92978217398  102.9439025767455
-104.27611690981527  1592.5076281464508  101.95609490829224
-104.02565303254542  1580.8856488832837  99.52559627021674
-103.59657140651332  1569.520188394632  97.04879453028713
-108.71132477172719  1556.6579545602044  99.11132982246993
-120.02533781322674  1541.6377377698186  108.38091770100144
-122.7065789917285  1526.8703197192983  119.57398471653345
-110.25189125196765  1513.9097561659046  127.97722413006359
-90.20305515439543  1502.421469576232  131.90750136254445
-77.3077082478807  1491.4463609739323  137.14549096657657
-71.91068943239988  1481.2356742756483  124.66461285958994
-64.97991338479652  1472.588303838877  109.67356750441351
-57.33355880893002  1463.7699456038245  91.6181491028985
-50.49650450355032  1454.6812692835642  86.98986291200288
-50.12308929719469  1446.1433692469811  85.36538888693518
-56.05312642835893  1437.935445281112  86.95673950198001
-63.38319236535381  1430.275104156795  90.38958833227876
-67.60776661292348  1423.0684791965346  92.05902740451191
-68.48769346342264  1416.6562208956236  91.91985875471359
-70.3571108334067  1410.8503523471309  92.46746889130242
-72.5317501504332  1405.7737814846496  89.16356118872332
-64.17767589069247  1401.4400735100917  83.53900717300374
-53.71759268135981  1397.7261571792537  75.74672360231311
-41.338796889914356  1394.458298177094  70.56833116414765
-37.38135685572582  1391.6185578372779  66.35017125438941
-32.60370137101571  1389.2333835235459  62.527531256806526
-31.965400036088525  1387.1294962784077  59.04779768133255
-34.74527834801303  1385.3051178744472  64.39985099487365
-35.74583111571968  1383.7177129613465  67.18030285644372
-36.73521442363285  1382.4877460593782  73.22637047423073
-32.531505971964975  1381.5248633371405  69.15052076733589
-30.504612504505506  1381.07399831384  67.68921933896456
-24.403824029268566  1380.752117318269  62.64101763991856
-20.25107906003098  1380.577104748747  59.55764801742418
-17.012624232122626  1380.2438287221717  57.26231981098424
-13.89619158728541  1380.0705640550211  55.44533622807843
-11.305310603751245  1379.981776644756  53.80951741067125
-8.796232845307353  1379.7956864361204  52.113969950884574
