-88.89492764790691  807.5563000402971  269.4128281149887
-89.26007723854755  807.8885037463909  269.14253250340795
-89.66597131987038  808.3454886729451  268.6842134843477
-90.08537423978999  808.8883452899996  268.11473392135827
-90.53986236972814  809.6524788131385  267.11330447727926
-90.94527310198038  810.6123408203464  265.7966865626728
-91.32674478373956  811.8626321678526  264.05500261863324
-91.77293110188856  813.3665819705352  262.0084401330364
-92.29439844964084  815.1719973827342  259.5093372141225
-92.80953035087218  817.3260963943258  256.439112625718
-93.25522497351518  819.9188673419742  252.6205623942729
-93.62384345745704  823.0117506571777  247.90185562322287
-93.9937501666717  826.5665429683435  242.40237099879658
-94.24617254976961  830.5975705930695  236.01103610701662
-94.37048843728572  835.0756209943613  228.8219197186284
-94.3326629480874  839.9673253193658  220.68401935524219
-94.19447456990895  845.1962650665397  211.72210772536332
-93.78842658396542  850.74183561771  201.89091298813088
-93.18578276112713  856.5395834488808  191.47419323679765
-92.32000728754682  862.6029313058572  180.25459912802032
-91.34250326882945  868.8163688447942  168.53661455419433
-90.09779243392222  875.1784330354726  156.11715170406333
-88.56718341692388  881.6050277815893  143.20952795140082
-86.71678052104366  888.1016318020742  129.64650782180956
-84.59638399103325  894.6128690962233  115.62210689493604
-85.60455007896905  901.0948413200192  104.14257311580049
-88.4104541177365  907.1061441294224  94.12742524850127
-92.42618292196329  913.121853016166  85.75149006655602
-94.03020028196822  919.089983670488  75.1565520809504
-94.72482306458379  925.3978014040397  63.41997290084303
-94.8387589800276  931.5115141925169  50.7329551515814
-94.31849229578494  937.0466158015792  44.01098034355402
-92.78620331804099  942.0310810105988  34.73613091168561
-90.4103024925507  947.4751595099028  30.096250532951807
-87.4456182688735  952.7564739898298  16.190789097264485
-83.94111766940972  958.4331943130535  1.2844338405671678
-79.99528963058249  963.1659880781204  -18.267207963934617
-75.56938629743217  967.9321446126883  -35.373094197683194
-70.76527079485606  972.1002688129493  -49.42844983635429
-65.51647395764424  975.8849662258301  -64.67148738251754
-59.91072479374058  979.2870677553301  -72.95708556749031
-53.88122455928194  983.1038856856147  -76.8689671184975
-47.49690782536937  986.0881522615516  -84.09407595031784
-40.67418617011152  989.1087460301595  -92.52060701314718
-33.514945717018456  991.2002520885608  -101.05619289462129
-25.99331091194023  993.5850941495271  -102.16327795082178
-18.320293022965185  995.4337921363017  -105.44950127998821
-14.193740518425594  996.6084840363875  -110.40050019079955
-8.436031636307623  997.0766666801172  -115.95593304117224
-0.7656181945821379  996.7454855113617  -122.04117629467538
10.774450308222406  995.8010034392119  -127.39040546968215
20.88780474199273  994.2969252254225  -132.6079357845397
29.089866462612477  992.3244043615625  -137.40491259760864
37.49722708524223  989.7784594022094  -141.94505289845975
45.91227717543596  986.780087242471  -146.1054828806207
54.40747784668823  983.2151799588597  -149.74226120386388
62.29844103899646  979.6168745238156  -153.1347319206366
69.46709245112193  975.9858606861147  -155.9741695626487
75.9022606996856  972.5466877266838  -158.5324594957787
77.98649315149102  968.9689800172432  -160.80656282044356
80.9753530234979  965.4670447390896  -162.87254906292142
85.10842242059911  962.0144778366183  -164.51166598280363
92.39162309329944  958.8740970007186  -165.6296121155745
97.67740279857163  955.8978496650443  -166.46089055969023
100.87757306093239  953.1849424073392  -166.67914569267916
104.10549304961256  950.6213814561013  -166.72531417670862
107.26288305287689  948.2915985457277  -166.62228356593204
110.1493543819116  946.1490998843664  -166.62497826382307
112.39193391798814  944.2137189948223  -166.40120028235415
114.25005624541521  942.5355789110447  -165.93146337268712
115.91510789347555  941.1255159740078  -165.36710058268815
117.35667287395842  939.9868240387461  -164.68035888343556
118.54339503909361  939.0515547253734  -163.8832176731235
119.47728387124135  938.3375740804993  -162.68613509928605
120.10898386539802  937.815340966209  -161.49299445140252
120.62359794289587  937.4983674731044  -160.08668458624197
120.85716294907343  937.2594626604916  -158.7149138366862
121.04439420846278  937.1617749882097  -156.79803070584256
120.86453910463393  937.1558250210642  -154.6929548349324
120.583903508808  937.2357576386348  -152.3129935518882
