-84.78970729327904  850.212409066378  167.22057206710576
-84.59195859799951  852.7040877322995  161.8975390872099
-84.3652577769776  855.3824553390408  155.85859450511916
-83.93021288439508  858.2614408614827  149.19622544763288
-83.4383978768147  861.3497239320516  141.7821533787736
-82.54999417868325  864.6463883664065  133.83677068573016
-81.56469041435876  868.1478857789101  125.1096847630582
-80.37016664140369  871.8087380347365  115.83803084753924
-79.13877462445693  875.5770808716984  106.05865501534176
-77.65963246696467  879.4603996229753  95.77654983630538
-75.99694766573342  883.4076403343408  85.21130476849684
-74.18994160161468  887.4250605803327  74.3675185288427
-75.65153337502167  891.4492324305105  66.30180924956574
-79.11377521672392  895.1760267299823  59.929029799819055
-83.9523407907573  898.9038174622676  55.44127239787871
-86.61780520623137  902.6383996921793  48.88576004307538
-88.34231533629361  906.6596608619091  41.59536576489769
-89.85764605312848  910.6312933971061  33.40637179440457
-90.94596251289182  914.5048072679306  25.512387787509425
-91.47619436241281  918.2669885851741  17.340844723470724
-91.24985230886975  921.8885274755373  8.998066764169721
-90.47250757169955  925.4084321984571  0.14178172930651645
-89.3842881011253  928.8360886155257  -8.654739400142379
-87.7968862321249  932.1863080178282  -17.74707142446075
-86.00796582202905  935.4364031115653  -26.61151882595702
-83.78060300448107  938.5632811773642  -35.65705614463549
-81.31497559143247  941.5648678900925  -44.42915763323614
-78.40807496889911  944.425348601547  -53.47475780355397
-75.26811420237082  947.1748085997997  -56.045034416480426
-71.81097994865158  949.9149461725461  -60.97164700923288
-68.22700321447938  952.4176990551687  -60.33587032901737
-64.34157336572918  954.7440219148942  -68.7498935630026
-60.35471583751625  956.8021124179945  -69.51794197219216
-56.0974846960934  959.3632353950504  -71.82549101475631
-51.782445632808724  961.9690131194568  -68.84750310028298
-47.21536471832837  964.5958039878207  -68.61984642953534
-42.68789115630949  966.7474383544021  -69.8861678737407
-38.02752088013203  968.7997904093405  -71.25764012840328
-33.445088360459  970.7820601582589  -73.17242056833982
-28.74441300600471  972.60346575366  -75.38873488753777
-24.133881315154202  974.2579623329353  -78.32925948594462
-19.43459926475743  975.7172821260747  -81.41007211799577
-14.847150090813418  977.0307938475336  -84.80876177352765
-10.204379979648595  978.1731967773078  -88.01088722916819
-5.698489082047294  979.1242413546889  -91.53269693677174
-1.0829058415526176  979.8998883048175  -94.84405344292598
3.4549334676475802  980.4199540513027  -98.33936268754866
8.097094434198207  980.5982705419564  -101.7732027587428
12.82194574982466  980.2745651287593  -105.49890413189468
17.675726591008818  979.4548349226907  -109.2826324947355
22.49912655014083  978.2389978686908  -112.75830193948094
27.228475724102513  976.653399064175  -115.85418425155032
31.96592263115938  974.7246334407839  -118.65920194705052
33.211466218279526  972.3287213031376  -121.69282934558899
35.82108187058638  969.732765824935  -124.61619812230077
39.905524155533584  966.9965546877154  -127.40827257574644
47.09982929370767  964.4516167900935  -129.68857015527965
52.506608146158314  962.0261690058333  -131.7328665182458
55.807274710533186  959.8443997014645  -133.4912664646452
59.36747139706489  957.8430182512552  -135.00751266702724
62.87109358787471  956.0963785545453  -136.26544073511803
66.24319839191735  954.626102162899  -137.3454567550395
68.88592440419356  953.3945465844997  -138.20723945500947
71.08745274894797  952.385237531833  -138.92114966585493
73.0335485037498  951.555211635629  -139.4649094410061
74.74235420458542  950.9157183086758  -139.7280668502535
76.20222425042427  950.422405777942  -139.87936652089545
77.39848135773762  950.0618562298224  -139.69026399162743
78.33025903943064  949.8097661854878  -139.5990033087047
79.09561329449097  949.6478647671947  -139.18264126406092
79.56547901833362  949.5524726586405  -138.74546024194277
79.94161687005214  949.4669225773858  -137.9911581659039
80.00315419750564  949.3801384273163  -137.15344962152997
80.00228367747664  949.2757149520031  -136.1419865752678
79.69160638223238  949.1885847978175  -135.00132948358817
79.35305476820005  949.1239126141453  -133.72450301102907
