-89.31543201895454  981.5094275692404  25.181573100182714
-88.40518791840127  985.6302844052157  15.50383598094656
-86.98705668541254  989.5306303885151  5.38649269716029
-85.17273794053214  993.1794375865678  -4.963950021888684
-83.01021071748396  996.5901173746983  -15.801280545026476
-80.51383678509806  999.7414371655295  -26.859729973578197
-77.775255005866  1002.6272633650658  -38.38529360779831
-74.61225664179909  1005.260123235047  -49.77837230639142
-71.3712455113474  1007.6033098408636  -61.341078306835385
-67.74659608269931  1009.6722063726505  -72.68034434245372
-64.11713912835123  1011.4086362473946  -83.86199731713212
-60.093918296257876  1012.8807486326278  -94.99023698507636
-56.12244895755686  1014.070084291073  -105.66315240723611
-51.89235124702658  1014.9529606730762  -116.52273366984171
-47.683484088986475  1015.5516920271028  -126.6265368402175
-43.190411089772375  1015.7913277339094  -137.05253340243797
-38.709592084950025  1016.4330766697237  -140.04006541310122
-34.00931674603654  1016.5355989243607  -145.4099308416043
-29.384946919596498  1017.0164663785216  -144.37794845840034
-24.55503780366774  1016.2205061542024  -152.9862898382202
-19.7491774555029  1016.0706087013398  -153.1475949785955
-14.862136801219215  1015.5705692128935  -154.78193255842768
-9.93165571575286  1015.6899792182897  -150.87663401799975
-4.9025035869674  1015.1876072237809  -156.87282907325232
0.27211620461123687  1014.1471588138133  -162.27274647921038
1.779515580646109  1012.6609778962647  -176.84680034888493
4.803174897664734  1010.9192065456302  -180.2771137899465
4.8177248537752275  1009.0095137122224  -195.11865220377405
10.289561859341237  1006.7914642739639  -196.4619642319397
11.292936713567318  1004.3169414052369  -210.67581975424753
16.92321108890558  1001.6302511041647  -211.0047719773631
18.082943620797387  998.8026027551523  -216.3443218377909
23.902988551618655  995.8709741563425  -210.90126392220543
25.390075496563927  992.8342523368575  -219.01578155122635
31.184964505074184  989.7786589697192  -221.5044361732457
32.51307538094125  986.7112455402795  -233.5217444541747
38.04957355591007  983.7273598447939  -230.93708975305327
39.05872017953133  980.7942488559992  -240.80776448709963
44.1393736988865  976.7577513184563  -245.2396583050307
44.60214225710987  971.422776191156  -256.1709903977244
49.167090367580855  967.4036445938357  -253.36776592501832
52.747759874144066  964.1768051005301  -251.6658786084908
59.591297204342325  963.3247407574972  -244.4301434654205
64.5417785401532  962.3636797451843  -237.1359958377106
68.22672409291629  962.3761257985254  -225.0643199042956
71.0942129473921  962.1521894994465  -215.40359234261697
73.4571419573685  961.545870112648  -209.8444993948168
75.62460609277156  961.3149094891627  -203.56413511810752
76.90550357882522  961.2475718306208  -197.19631282469342
77.85685145865921  961.2996345913004  -191.0113111980663
78.21351712937708  961.3931331903972  -185.18702885978763
78.32596002712519  961.488953651766  -179.57028467443394
77.99887616084477  961.6948328441558  -173.7564053343861
77.41189579435394  961.87621013853  -168.0460341114209
