-92.20399441550589  820.9273454814659  234.5534203727446
-92.59805817372677  822.83777588388  230.74691403925607
-92.94261810506391  825.0921823522191  226.12722255603072
-93.22155616884389  827.6514570208675  220.8754654943686
-93.40406492293249  830.5788755541689  214.64262233387916
-93.36270522325913  833.8589345365751  207.5079705995349
-93.12904207422827  837.4490156684637  199.4477981278837
-92.56781806179097  841.3709543915369  190.43197613896214
-91.76580993138184  845.5389671464516  180.4445090868286
-90.58064515169909  849.9459159121494  169.33380703588605
-89.15382718029491  854.4944672068971  157.2875962486369
-87.36856904992437  859.1879750406873  144.32111320477466
-85.23762454688641  863.9875549622152  130.65855958938602
-86.01291648252332  868.8483425335501  119.09677133318901
-88.52226823891601  873.2327919569374  108.75291158273409
-92.18176653106813  877.6124702125358  99.94150265109009
-93.47354840303979  881.9866355882407  88.69917076389673
-93.7936155096792  886.7998344066848  76.210579877537
-93.36667097377831  891.5086618372436  62.332308538555864
-92.24513383206018  896.0549530002052  48.19962118922671
-90.0384291562032  900.4811506306138  33.8280547525383
-87.06817435934508  904.7741556828736  18.98299764021933
-83.55485485388324  908.9058494447027  10.277621768509654
-79.50198152190875  912.6076163244549  -0.6460767357437689
-75.03257509042507  916.1728493853562  -6.106262702843722
-70.03267024772067  919.6053501835001  -13.998773424508775
-64.78560750916034  923.097168877611  -16.575424314217784
-59.057528777887256  926.312261776953  -20.810118750709925
-53.21124801838776  929.2254995684845  -26.717928474206122
-47.02414270544764  931.824119973988  -32.87913695831079
-40.87971529482545  934.085341922567  -40.01499199024418
-34.44830163821356  936.0219818274503  -46.418422810961104
-28.089251904345208  937.6640859461802  -53.196176623054015
-21.547792782652454  938.9712095923337  -59.84065798209702
-15.099893040685542  939.9226061578149  -66.74777054558339
-8.519456957590275  940.4597131807932  -73.21392186899246
-2.01888741543588  940.6395208380716  -79.51476372883599
4.49319636241133  940.496633214399  -85.27813884357036
10.948705020755897  940.0600291229265  -90.8589253711349
17.47753149618194  939.3102940642506  -96.10042004476463
23.921549313290374  938.228620052555  -101.1121299821623
30.37472847215046  936.8562446615254  -105.78079474630852
36.432054833098746  935.2942851394571  -110.03534737349258
42.41615801693468  933.5756203800894  -113.66599468973288
48.09341014145703  931.7941992872348  -116.80072335455763
53.85258747211641  929.9178899401078  -119.62990064328173
59.28053011696966  928.1187524260519  -122.18105541342166
64.38760644757207  926.3559446466177  -124.29062409056081
68.95981627438123  924.7020270850127  -125.83250930519432
73.34402880656205  923.0163591731281  -126.886731444627
77.45226301470016  921.3154866588648  -127.65688011213567
81.17164995752314  919.6551187487095  -128.10597129574242
84.34789618759234  918.1759745390416  -128.28821078103252
86.98744740509488  916.9137457755946  -128.20931536734147
89.31261067143406  915.8393631119175  -127.85989862510988
91.20402965454306  914.929006729266  -127.38337827267024
92.73224298452345  914.1748154880661  -126.63480554273708
93.90306836289848  913.6156363304857  -125.87664857361142
94.69173925981174  913.2647509294161  -124.74341704768376
95.17635061665135  913.109580323644  -123.65885350772653
95.26306373480352  913.1472862251096  -122.17318036805362
95.13614461983607  913.3169586620901  -120.64991812997653
94.65522144925015  913.6732803088431  -118.66900345338146
93.9572478350441  914.1733795561379  -116.57819531335272
92.89700440694814  914.862430634478  -114.16571759656134
91.62365775573525  915.6841381733323  -111.6140171076657
