-117.27939018747401  835.1234729579514  255.25105535454074
-117.22322305159499  837.0362339463768  251.5957783581061
-117.13896027632259  839.011228961176  247.7967069648069
-117.02930908491322  840.9814301210645  243.9503936830326
-116.90976597977551  842.9728453546027  239.97786829732783
-116.76808482251002  844.9307676676466  235.9962090822268
-116.51762665188953  846.9365120063583  231.84150204818755
-116.24542585192637  848.9363092638561  227.66980000944773
-115.93398404887684  850.954665551691  223.4728191400278
-115.6292459193723  852.9741337305195  219.2284723221522
-115.25381716182187  855.0059747775088  214.90645407525525
-114.84731370423587  857.0182494162417  210.5939621993838
-114.40581708577915  859.0364390924772  206.22174846828335
-114.00117724001076  861.0330528210548  201.91589077563782
-113.5218288889025  863.0730762297252  197.447570980089
-113.05044176009378  865.0631540421258  193.13277206233113
-112.50083233487776  867.057637700203  188.69660681071565
-111.95825966370799  868.9782762356983  184.39987238713212
-111.3827674859491  870.8873133786009  180.02108412698823
-110.78774001669139  872.7391534482942  175.77041079590703
-110.17950140766499  874.5670643506153  171.50902952288428
-109.55690636361139  876.3209418891765  167.36642170545343
-108.9202143672031  878.0107624127982  163.24723856729562
-108.27104870513999  879.6110469349356  159.25481933981607
-107.63295635753886  881.1406248794775  155.34754624141954
-107.0215646501448  882.5815913083754  151.61387817210863
-106.44273130545477  883.9343921780953  148.00120175326168
-105.86902442318521  885.2052072142102  144.46711175923767
-105.29513568018297  886.4006140643868  141.01890590823047
-104.71653905206333  887.5524612055681  137.59027172928225
-104.12642313887888  888.6568919963296  134.26925116526508
-103.51859419997064  889.7452495823238  130.92117028940964
-102.90655681178512  890.8022142578525  127.67147135642814
-102.25571011036011  891.8569876383077  124.32392005607696
-101.61450078913226  892.8724105850478  121.12998307455779
-100.90323250626588  893.8869130074826  117.81935224271722
-100.23305505218924  894.8584343838768  114.67340887739871
-99.50755990871657  895.8370587340709  111.37482257589735
-98.80947067083301  896.7847242935982  108.187375353331
-98.07409661589213  897.7392026255095  104.89464026548777
-97.3357957192371  898.6709716305672  101.682683789354
-96.6107566208585  899.6017964584529  98.42841210768358
-95.85849056694215  900.5174017177749  95.2302237614692
-95.13310727422036  901.4317358407378  92.0304602846657
-94.3942628496438  902.3327260341304  88.87080590108252
-93.68379575386274  903.2251114602079  85.72149610553187
-92.97350100819094  904.0915426889129  82.6135361450541
-92.23839005660749  904.9211747177205  79.56141427472542
-91.52281799281566  905.7012238427137  76.56753583888245
-90.76756758264008  906.4289123429605  73.61479928315954
-90.0432881742646  907.1104393815644  70.70991683091917
-89.29322335181485  907.735731621734  67.86544317159259
-88.55818139476783  908.3195252383366  65.0507655499099
-87.79721056203786  908.8580253034136  62.25897420930795
-87.03742225819065  909.3718104860011  59.44493900561115
-86.23575271763447  909.8543340038811  56.677414595917604
-85.4503180355557  910.3107183316707  53.9183551915424
-84.59500324602332  910.7348116704129  51.18699506903613
-83.77863410243026  911.1211887244224  48.4775940089269
-82.9107544199793  911.4678754020484  45.78788798387927
-82.08862294020288  911.7779835165545  43.15288585616278
-81.23774071802393  912.0640059556385  40.54022763869344
-80.41137180333246  912.3390806586345  37.95454431958732
-79.56856699799611  912.6138555321622  35.399213475906215
-78.74089523494185  912.8978563831298  32.840387534278626
-77.88493658681216  913.1899302557649  30.316368353078545
-77.05123966763831  913.4821385981661  27.797735540193017
-76.1965867863401  913.7642526784821  25.338408777880463
-75.37240728421605  914.043231680963  22.88906447266711
-77.87041900749355  914.0795343245632  23.306686978512218
-79.10708444781251  914.1816606297423  22.666392030916416
-83.07962428981257  914.0880433327396  24.38694785158365
-82.20368292227185  914.2960608776862  22.01084865847623
-85.28338221660707  914.2677416291492  22.98984284628508
-87.47961647182781  914.3085202359537  23.24873649435451
-92.29429309920553  914.2205409065182  25.726595772018392
-95.54630140279764  914.2214959020527  26.902136033747936
-97.70623840300476  914.3015037036856  27.280064581713788
-99.74951339363837  914.4007415471699  27.488440459716138
-101.45490582250555  914.5381827869226  27.417069917693848
-102.94632500720941  914.6981331057937  27.011909470611265
-103.95410175364445  914.8771458807031  26.355442807935372
-104.61004054750032  915.0947146280342  25.3731291547088
-105.04399331556226  915.3357159935779  24.268249851333177
-105.33448080580276  915.6162690493788  22.947594650285307
-105.40511767871492  915.9168923321859  21.53529849185924
-105.33179926265309  916.234375985485  19.904935494515236
-105.08318395127918  916.5587897485827  18.24587838033772
-104.75827562675154  916.9037916386513  16.349522096041337
-104.37218591565019  917.2549723442855  14.549441614129856
-103.89456155438113  917.6305177561488  12.509433557110425
-103.37170703883939  918.0161834341442  10.570331102766824
-102.79583701086268  918.4346756152266  8.42636271629827
-102.18614564331062  918.871310098557  6.334897435793339
-101.5243713953805  919.3409136560454  4.0685622782623385
-100.84059133034678  919.8257625700153  1.8513228362788992
-100.0842940523425  920.3414431717486  -0.5445649288250418
-99.3357298040304  920.866923138949  -2.838086957774024
-98.51128452817635  921.4204815794144  -5.355731542033061
-97.69286201378456  921.9772717645217  -7.703699789261361
-96.80350509108509  922.5519627780812  -10.310135797701824
-95.92403618617737  923.1264365540894  -12.693118251949414
-95.02155895290673  923.715961976882  -15.34347429233996
-94.13142534651627  924.3038643316237  -17.766743584160704
-93.19808419880874  924.9001409256498  -20.42890258942666
-92.28106147193677  925.4902245707908  -22.89160806444732
-91.31980501954324  926.0839872948794  -25.56630284779051
-90.39540374871396  926.6633786374782  -28.025674797270646
-89.41269697318987  927.2339282200527  -30.70874286038698
-88.45440042652407  927.7734974561065  -33.12686639491527
-87.4469473299885  928.2879682724135  -35.811350870601345
-86.46804018724497  928.7719324851162  -38.20089297137059
-85.46128558320768  929.2509356338959  -40.860823736818105
-84.50149018751941  929.735744008448  -43.19226972926154
-83.51671558931058  930.2336222319975  -45.77030208787086
-82.6057094846589  930.735286578984  -48.031305799490305
-81.64356462899269  931.2359413673051  -50.561564540601424
-80.76694730921115  931.7392724775789  -52.81711798675528
-79.81575102496159  932.2499170830392  -55.35811114299743
-78.96466787964187  932.769176217363  -57.59722181971441
-78.03599129093328  933.2875804655339  -60.07686403619486
-77.19329314171756  933.8104947013525  -62.25225094078292
-76.25806908080818  934.3255338681084  -64.70870786580562
-75.40051692725781  934.8411365419247  -66.84516322568692
-74.45600066504483  935.3330739742853  -69.28927311102309
-73.5961082632202  935.8205399439005  -71.35021839743668
-72.64793688475608  936.2782336286964  -73.7766890675919
-71.7799828526359  936.7278009946144  -75.80537220844303
-70.82474332411435  937.0288050104276  -71.9663730512727
-69.96170874872143  937.3559007564905  -70.27412974197092
-69.003789634181  937.5912970730162  -63.679890732651906
-68.12188955555109  937.9011119485307  -59.75869676796006
-67.12021476440047  938.1254083010099  -50.7573692709592
-66.18988862837105  938.4159962455594  -44.43025409968778
-65.14072204140314  938.7389267905758  -39.78281740994671
-64.17096270298833  939.0887550448364  -35.78816847679719
-63.07204821158926  939.422071041314  -32.54232896208879
-62.051136293594034  939.737178427912  -29.659049388741597
-60.915338359743224  940.0467471937748  -27.715436542157757
-59.871431826164745  940.3597635623016  -26.431818472466507
-58.70608692425995  940.6766706587674  -25.63004373028148
-57.611771326918905  941.0094788605088  -25.185123261967014
-56.4176508413351  941.3485085879081  -25.144992299451793
-55.30422640980274  941.7039211079076  -25.415540663290567
-54.09005516606018  942.0627578471742  -25.995644303432172
-52.93457608354711  942.4390721327834  -26.784834782302877
-51.685955978458  942.8179273170354  -27.819135038805555
-50.498322309900395  943.2085246241012  -29.005178260910366
-49.23190611847106  943.6016116286253  -30.339621131092695
-48.0322148320546  944.016879193715  -31.77267631456796
-46.7829116653039  944.4407631120325  -33.25509619095993
-45.6171883630235  944.8802407344388  -34.85239949204207
-44.394391036094184  945.312916161614  -36.41447892369662
-43.246339251868406  945.7374526038031  -38.06694338154492
-42.009844768543076  946.1312939757004  -39.69223341285144
-40.872522010604136  946.4960145734485  -41.35121042513687
-39.631300303766665  946.8199372561255  -43.01566295440899
-38.490912296359554  947.1219380713364  -44.69216576220486
-37.21634857889273  947.4069645600518  -46.44884624201839
-36.012397619770766  947.7000235545829  -48.21020884957757
-34.66984460117423  947.9847985019433  -49.983144904168334
-33.38695967499549  948.256912743005  -51.79655146404727
-32.00140934639909  948.491277178865  -53.65461927775206
-30.697465602654038  948.700673317306  -55.58049984219545
-29.291126480624204  948.8791956619627  -57.50724579221759
-27.97891746323088  949.0472209253853  -59.41039566004759
-26.56354894598796  949.1925099783156  -61.3616903795325
-25.231630604862023  949.3333133827293  -63.277864243968146
-23.78813088716989  949.4656304082123  -65.27917086474515
-22.42110317273437  949.6090687945756  -67.19095299256387
-20.996284509248138  949.7460741861523  -69.16120526760716
-19.644433765000294  949.8687414687481  -71.1427013435521
-18.233483179876842  949.9687129050524  -73.08881433905455
-16.892061101753693  950.0603715953428  -75.04708885094036
-15.494499803576666  950.146947368734  -76.86723597421475
-14.171110057431955  950.2227221905036  -78.75142209692112
-12.76962097595493  950.2827331910476  -80.50296220058536
-11.43461405232426  950.3237634063349  -82.34001993271451
-10.033798811380187  950.3421697189954  -84.061900756922
-8.7062113988335  950.3418394844518  -85.94692799516972
-7.330766974490603  950.3236759989167  -87.69018499778909
-6.016482264122935  950.3018889749684  -89.54992561039758
-4.644480076393935  950.2646409479585  -91.20576641162411
-3.3174188531526445  950.2265206406613  -92.9544232214878
-1.9342592458742023  950.1703845058695  -94.53492102955853
-0.6018860517542903  950.1088888835468  -96.11571640885714
0.7972729635877487  950.0161004941256  -97.63990533524066
2.1425555670515846  949.9080131840203  -99.19178530084604
3.5707598224822745  949.761122213528  -100.77263766199877
4.93081425693664  949.5957399101364  -102.29855946706265
6.379899194787995  949.3846180856696  -103.89365677175066
7.76509385060578  949.165936735935  -105.38451306711234
9.226806211483034  948.916197516161  -106.9607577835963
10.611594542036965  948.6810505576786  -108.3629905939401
12.0551061319813  948.4183666006976  -109.93592596043277
13.424553741361885  948.1699211870177  -111.33293427210401
14.86829368468362  947.8845940746862  -112.9188602096482
16.22943803894335  947.6055949920301  -114.22845735246517
17.66952126737589  947.2795309265139  -115.74772229857379
19.006424358043258  946.9586972226182  -117.03897001165299
20.411269261301  946.6031873003583  -118.46932801805552
21.69245945129339  946.2528468145257  -119.74056973629945
23.046423172119614  945.8661309070056  -121.18731342713085
24.280854813766645  945.4925978963777  -122.50919293646407
25.58876788206549  945.1005887676106  -123.91498551620035
26.786997447568268  944.7411764607348  -125.10994370426879
28.027217095851675  944.3600876057817  -126.49292566504542
29.171410176421464  944.0165114546887  -127.65132390613869
30.337207176959193  943.6567227731491  -128.98898396601467
31.43036134735826  943.3460833827456  -130.08098159470848
32.549627905519856  943.0262064596375  -131.22104360452198
33.584833462763804  942.7461352095004  -132.21432859205365
34.66540475862782  942.4456311599652  -133.2586345829297
35.65079358140362  942.1691948731248  -134.27944341752857
36.713518506959176  941.8620326356219  -135.3290733489678
37.687428776909286  941.5627800422313  -136.3068504432502
38.74307251083296  941.2398467400554  -137.28885504809125
39.726080016841614  940.9426256813747  -138.11153210509596
40.78010092411833  940.6269099965509  -138.9770455453667
41.784753091957676  940.3386131369792  -139.8026170613465
42.84067791508248  940.0142969496488  -140.82480502539383
43.855829932354126  939.7094028130762  -141.7464293481618
44.916313235044285  939.3655673222038  -142.68163363567058
45.94005738731961  939.0364675273074  -143.44175132699243
46.99395144521977  938.662993468652  -144.34342579969564
47.99319686437753  938.294262260111  -145.13694064198927
49.05115123303942  937.8722791739189  -145.9170550940637
50.068004145625075  937.4539462190243  -146.59728206230145
51.17396125944767  936.9637335811268  -147.3184987406303
52.184332618463685  936.4925355878541  -148.04475216733502
53.26376464011918  935.9694033527544  -148.74815546328995
54.26018186208688  935.4757484893349  -149.42947294095254
55.36681606571781  934.9229421537618  -150.08076517181365
56.384744055729406  934.404385395604  -150.6614405605027
57.318185655264614  933.9472412474136  -151.14779141298675
58.07889540986474  933.6013544548586  -151.5342513186932
58.71654800608293  933.3336270926216  -151.85798455061862
59.28475033658244  933.1121600430324  -152.07091787682688
59.76104399544052  932.9394485291913  -152.19374196495352
60.15533355040441  932.8536826708896  -152.1902671405099
60.457017099796886  932.8297228488243  -152.09012160645025
60.652749623538405  932.8757626480699  -151.82686414241988
60.769881388220334  932.925059592501  -151.42254784139504
60.740130144675064  932.9597132861846  -150.85639533696607
60.68708785082938  932.9681051308087  -150.13983075846767
60.5272835133825  932.9471841882986  -149.2459474607124
60.375328815080714  932.8713356057328  -148.26033944249514
60.081135589023496  932.7346447254407  -147.01641760500456
59.750919114123896  932.4867941170583  -145.77667757545575
