-111.24702883830486  806.4358877328814  264.57522212852354
-111.88070504643466  809.9051202177304  259.10251720934184
-112.32482908369857  814.0665193724896  251.91682069227366
-112.47964886697989  819.0681455084743  242.89006350077221
-112.16182263547363  824.8292104910502  231.53356426602747
-111.06501555886145  831.0866454153282  217.92245222461733
-109.02334002393101  837.7605888756341  201.55278723662906
-105.95994852111806  844.578972457872  182.76368861503997
-101.83399857579549  851.4700290935448  161.54948360538575
-99.63521560189746  858.3087520416786  140.75424529346245
-98.06363212895043  864.8630609855072  120.98129339689181
-97.49250020021157  871.3168854317796  100.18505741842611
-93.16047378474663  877.5735112512978  82.10548464115075
-86.6383771614502  883.628121100476  64.8988176694146
-77.66486060965703  889.6074388513424  51.77185717741821
-67.94933436062698  895.4871897025504  34.87989866291269
-57.184443439586545  901.2388532921807  16.313601321165294
-45.35583634450841  906.2316430247308  -3.9963763159923076
-32.67656753947864  910.5138182464101  -23.23013406063519
-19.666300286732202  914.1249410146518  -41.80986665189141
-6.492708621366598  917.2366162850655  -59.00584088055511
6.66183134604095  919.6529558578799  -75.17142082348859
19.752079194244388  921.2785305535923  -89.54750109157033
32.356053011588486  922.1800014947  -102.52249668851758
44.31287333047188  922.6153531507362  -114.12174576700286
55.50979353262239  922.7990209177467  -123.9197856563918
65.88503130187101  922.6900627468319  -132.20435625337137
75.41980254634977  922.3516523579509  -138.95730005710675
84.00360546536294  921.8214338334957  -144.7228036777988
91.61167702208475  921.2559628758452  -149.66082705145894
98.14724373353636  920.6175165914839  -153.87445158701595
103.7081806336506  919.9992635507009  -157.34154732834398
104.84774048762306  919.2989986511847  -163.38201558771556
106.61980082403223  918.5882519378389  -167.32666159154167
108.31419304074089  917.8233567008818  -169.19366883075952
113.1381374415104  917.0585159290114  -166.99621155317206
116.0039272292259  916.1033770962023  -165.4991012364416
117.7282121317978  915.0102012893899  -164.8994579749538
119.09872375138215  913.6040378691655  -163.4860613983586
120.06246169933213  912.0924686105814  -161.3258213742107
120.51123653165604  910.3531063492939  -158.74512169214208
120.15997266792425  908.5588739018292  -155.68462045951333
119.26038459776154  906.6165447525324  -152.4129253623973
117.924993656007  904.5975614354254  -148.37516003582775
