-160.89954740875595  818.5977362330118  283.25587151571835
-159.13455963246912  823.0190001173848  278.8902399174291
-156.65743926257673  827.6861081772882  272.24182328356335
-151.58581351979774  833.2205669417945  267.09414349243934
-147.26539875364307  839.3500536053313  258.4638683785043
-144.29128857215534  846.0753693843515  246.70475832345682
-139.93810121758025  853.2051760282689  231.74592917442413
-134.88930516571915  860.6090355171292  214.30571783154852
-128.78165927861195  868.2600126846094  194.49105802504667
-125.22796981096371  875.9973871524612  174.70684990412258
-122.62880359937881  883.2326725958525  155.82926684482484
-121.30922210278173  890.4840417472901  135.96499042249582
-116.39357040093192  897.6924774621677  118.74097714725481
-109.18438652408351  904.6046252052977  101.9809357835931
-99.34441367976746  911.2981842703837  88.7415126784114
-88.30283116336791  917.6789951601239  70.8535516439475
-75.65244750261657  924.369390480658  50.82534564696283
-61.313803052595915  930.509579072329  29.0367262375212
-45.639265259053914  936.022169273599  8.2856608738045
-29.60487145717521  940.7707397821367  -11.515779864919073
-17.50303017935119  944.0883454711059  -30.08795568283538
-4.514205118849098  947.0021292599786  -47.03456159868324
4.824728522871833  948.8517809823938  -62.111435004388994
18.9840888291803  951.1014809086519  -75.50790140962778
32.996506277709585  952.7140509567834  -87.0648191950568
48.788748525820175  954.3528297754892  -96.88228786132402
58.0033811295916  955.4042718760371  -105.3784806336351
65.3375907856467  955.8595879842944  -112.68077176300409
72.85549488099355  955.963250812657  -118.66230010783097
83.3489035437202  955.6931245506576  -123.24887744510637
91.21450215509651  955.0214981248919  -126.84501847636257
96.91569396031856  954.0877479185672  -129.57613917824239
101.67383115790943  952.6309611738835  -131.6184152463183
105.52527337631729  951.0450803225822  -132.45999318173256
108.60846427417026  949.0964365113228  -132.8946316909703
110.4062993654765  947.093970506406  -132.16395972170326
111.55333151677401  944.8566045540952  -131.61910737737085
112.07154621133094  942.4992891335362  -129.5164421522619
112.00090934300862  939.9204313784928  -127.40476176550484
111.30918633884502  937.2124902604817  -124.24554033847639
110.07063534692938  934.3280207291265  -121.65727141941466
108.34401546961101  931.4053720069664  -118.02677225662859
