-224.84657512772822  746.6936207765405  485.89755706165823
-225.2124293544059  748.1113989436723  484.39098691105585
-225.38700018698157  749.893963515319  482.34168745876
-225.64357570783437  751.8506434724557  479.9723482462811
-225.98498585959064  753.8803350467297  477.4294006224869
-226.33658265456756  756.0188652193398  474.50996191253023
-226.63527578292246  758.5131970246895  470.88545564388926
-226.80518455523708  761.2729586598166  466.6407623604934
-226.97663822626902  764.2402105528788  461.97119547321006
-227.04629385357336  767.3309933129319  456.94222825157624
-227.12469938407116  770.6419137212071  451.42713233021243
-227.08211522525912  774.1734072839405  445.4137011324226
-227.01073015555122  777.8210691913469  439.10315244348936
-226.8723496055905  786.8233717577882  421.97142745386384
-226.76964727800566  796.427870658402  403.29050645144554
-226.45760270605973  806.8687915765855  382.44646247642925
-226.08275687130828  812.8330088085079  370.02819624470635
-225.52068582706443  819.2436414990789  356.45788063374175
-224.8436590360036  825.8928255375453  342.26634665752334
-224.0726752148052  832.300077260015  328.2696415579808
-223.29525620690515  838.1510380852166  315.1376434462977
-222.45470289451083  843.5052413987954  302.61105356753126
-221.39399614741114  848.7287529725813  290.1873132328844
-220.13301243745448  853.9206006567692  277.4367398077772
-218.91891661263583  858.7654162966721  268.3983252015589
-210.71107428736468  863.7168511762543  261.5323462820062
-201.54329029742212  868.532012812634  256.39706069896977
-191.21376997278603  873.3671554893638  249.59621784039956
-186.6296692009579  877.8689320539617  241.81145529133894
-181.55025504639582  882.3212497286107  233.62727941428415
-175.98717735061584  886.714546407603  224.72314369087482
-170.7870314835222  891.0544458115216  215.43208836698344
-166.11130538178475  895.2543436863826  205.76430932548513
-162.0514260579096  899.39045971101  195.4476245111208
-157.87881941502854  903.4149644181409  184.84103441359352
-153.7615762111076  907.3771550043322  173.6463812885072
-149.80807106866908  911.1860098289234  162.3849059882113
-145.93746351681244  914.9217640810987  150.58666631586476
-142.1214995336909  918.5149891304382  138.7129845646622
-138.18796621816358  922.0261353078666  126.24762569635486
-134.28473956855544  925.3805979190824  113.74755323170002
-130.26940748823642  928.6329995334261  100.82498247459914
-126.21571204068235  931.7500419964889  87.94702866039762
-125.5381174811661  934.5059092359129  77.81002089096422
-126.9720569121005  936.8653892490972  69.49504433800197
-129.8844899675926  939.1460697417509  63.11528829320786
-130.51778275184725  941.5945812195845  54.59052952589635
-130.37577622229858  944.2257451803544  45.21147187605849
-129.78077127625062  946.7237980783375  34.92920227801611
-128.7052621412612  949.1260054336404  24.709533288897596
-126.88932154490627  951.4490762067085  14.45099153275955
-124.46043799207048  953.6789545148281  3.7946475627035126
-121.6899073970984  955.7742499267335  -7.009104307695593
-118.47364066894836  957.573502395031  -11.667464374414852
-114.9952498430356  959.2652601221178  -18.609598540343725
-111.12422068075738  960.8808019581774  -20.23686537368639
-107.07877232273879  962.524343302111  -30.93152362058588
-102.70579848907232  963.9688772130213  -34.01024546029393
-98.20113475056905  965.2064312488072  -44.99298626276716
-93.42230151077163  966.3058673555294  -48.32948939051042
-88.58443959423865  967.8593395097058  -53.309249442630865
-83.52010220842381  969.5022310786469  -53.29104936167373
-78.45836806913442  971.2349870507138  -55.12348826026674
-73.1913445166422  972.5407545304255  -58.840085763241866
-67.99250398740134  973.8132499406277  -62.581136402290454
-62.566826046980054  975.049087763765  -67.17246177876297
-57.181247978572735  976.1951225455223  -71.67201669577948
-51.627777449841346  977.2160002288817  -76.68045498754269
-46.227057622429705  978.1025118761527  -82.09269995345218
-40.73356581065315  978.8876140443687  -87.39382372722847
-35.36292661355962  979.5529164323364  -92.66219839284571
-29.977536771882068  980.0940812659078  -97.81753921960606
-24.727376971045732  980.485572355956  -103.04177453508439
-19.401163336196284  980.7240544968403  -108.16676822852712
-14.106619337917108  980.7882198244262  -113.08612551291148
-8.744943003825103  980.6549617969334  -117.92174698612186
-3.5004890526082857  980.3536574675079  -122.57363681028137
1.7472522873009355  979.856893242708  -127.18869150911578
6.837470694594269  979.231799603552  -131.34775988086972
11.997699698443089  978.4270427418908  -135.41059008741252
17.082318077988113  977.4857981065738  -139.28276190922517
22.179830838214762  976.407577645279  -143.07608127461307
27.140214074567645  975.2712964175005  -146.55394558265453
32.10444954797599  974.0784630643496  -149.78036484184688
36.9809025296487  972.8440584969492  -152.97854546196902
41.8446966335494  971.5981217163315  -155.88684988378856
46.634674702994566  970.3804259175513  -158.496448380609
51.38330981109203  969.1740307015854  -160.9088167688585
56.013165403157586  967.972837487096  -163.224726917134
60.607138760055285  966.7524455399392  -165.3302128015449
65.03124928885612  965.5662964203129  -167.03829871899188
69.38419624576946  964.3221895083105  -168.60624794839228
73.57231118861631  963.0802112071555  -170.1209647693652
77.69851073580685  961.7040300203518  -171.37448201942854
81.621229902388  960.2922503370088  -172.45462078221533
85.41890967017959  958.6594371866424  -173.17628802979914
89.02016096784503  956.9465497824335  -173.77031669365005
92.57236030810446  955.072078566699  -174.15413153680726
96.09146769804049  953.188890736642  -174.23841738273754
99.60376981831969  951.2938120761781  -173.62386055315116
102.85481480781115  949.4100735435744  -172.63529739951815
105.9816929500151  947.4917043381909  -171.53020232073305
108.86436944778636  945.5810899076605  -170.6558267741184
111.7899305902466  943.7378850752807  -176.5751849287823
114.42550845177236  942.0611856176105  -179.43503055953786
117.01146453095394  940.4895860602896  -188.1052816540862
119.27292449634679  938.991102624879  -186.54105835778222
121.42946468963825  937.5245249107151  -193.14979094835084
123.36671284486974  934.0421467860969  -199.80791662637995
125.26490937669764  930.444373249949  -210.77746941670466
126.9224757423133  927.6556998289913  -218.047547750413
128.3404477687332  927.3258543625789  -206.97258476245383
129.4734081777815  926.3268309860414  -201.83100556303776
130.3213648637994  924.9872111985821  -191.29385457737365
130.86655199116564  923.6626839767052  -188.13734307124787
131.12891356797414  923.5109526808311  -176.46499915306578
130.99004954618175  922.2452385939517  -173.39222276589737
130.5124960183628  921.0055750261936  -171.2125778288278
