-108.0021288733532  908.3069965123074  176.52412122169466
-106.75126766834101  914.3985819206941  164.13657743494826
-105.08232460706061  920.6582866225924  150.74193619229655
-102.8980297221125  927.0291319482468  136.53616143369578
-100.42343802900048  933.4734802667645  121.44163510391729
-97.50647873748349  939.8748371588257  105.93212467331907
-94.22526522049978  946.1854697396406  89.6282536672721
-93.96797085201962  952.2937457170088  75.86782263506261
-91.99962141388949  958.0302981038109  60.38795534728335
-92.5841760159866  963.5651376232563  47.2557624149193
-87.67939383467237  968.9886697928179  33.783775265044554
-86.55201131947723  973.9335676220669  22.342362432135236
-84.21600456817754  978.8825523573702  9.276280136805632
-84.23384915086135  983.3668656874153  -5.832973925476489
-82.55199798907657  987.8456241353658  -20.91989395957147
-79.4123048587597  991.6117474493794  -35.99764150638281
-75.73526086079406  994.9528446564497  -51.18765710281124
-71.22428030345864  997.8785980357476  -66.30458829467955
-66.07808977036879  1000.3766537455447  -74.5880642861152
-60.43922747280722  1003.420114752811  -78.06985004994503
-53.97783703327355  1006.3791323299915  -78.28756804561674
-47.28560545508779  1009.2158679400682  -82.16545941770848
-39.97902384187451  1011.0937333505204  -86.94311898832062
-32.47712890917649  1012.526062764867  -92.22554309065076
-24.41757365152744  1013.5442263922822  -97.5464786990302
-16.348848236367473  1013.9522028472162  -103.81197353016586
-8.281896886754215  1013.8107241618693  -110.1476129657345
-0.3144590657125166  1013.2113311895944  -116.03071840923775
7.757146656307734  1012.1837934194785  -121.9277895868524
15.69124510199326  1010.909384751305  -126.88381914887759
19.51381907118335  1006.8692882961828  -147.0852267051085
20.666656609627204  999.8993064773038  -175.11882335197635
19.989079671674876  991.874628016733  -205.81836965025659
25.107471513848303  986.6812026201255  -220.84001668038394
29.164828933540875  982.9820875202062  -231.7320947545754
32.196989443734324  978.7148253663189  -244.18873029903762
30.9382408184282  974.9324700000859  -252.5671037951537
34.849037696090825  973.8099229404337  -250.1328266630509
41.82938412492406  975.0478735558963  -238.7126851959002
51.155272123183536  975.9422492978676  -226.45270633846474
57.38153342032637  976.0759673325754  -217.66260028645092
62.192928210369125  976.1029589846073  -210.17736528487757
65.95909988436173  976.3331432326727  -204.60309734609302
69.61955822039562  976.5672529567023  -198.63175493147332
72.81554373232954  976.659546475553  -193.25489052341996
75.2850120584728  976.5613448727638  -188.71858917153935
77.5947627007411  976.4828670652873  -184.4519677821754
79.86354088703759  976.3784499503724  -180.71873871933764
82.31415201237208  976.3380567275848  -177.10045639099317
84.62873629886913  976.3097884489451  -174.1344203234332
86.56512343218657  976.2181036956192  -171.42612279843485
87.97023385390082  976.0341813609762  -175.83763137679676
88.83274762304578  975.6759506479373  -177.96433213862443
89.6425654650468  975.2179176101329  -177.4823938160353
90.37037127163114  974.7653102204513  -170.39641974416557
91.1722834557264  974.3426929418896  -165.8291768592571
91.72285023991887  973.9730940976733  -170.99285986685987
92.11909439754612  973.5220331897605  -172.8641415531178
92.47687023654618  973.0437897574884  -173.1897233549295
92.91056823923361  972.4683637759078  -165.17290204729122
