-119.11044112303968  879.8324137345315  182.47104527252066
-114.09854766337278  884.2670541490052  171.74559405167773
-110.51704427375299  888.4331491796665  160.01339758025324
-109.81662660418213  892.1846159004226  150.65275988874845
-110.8361500922993  895.5229802739872  142.51338915287297
-113.14758575083087  898.8396797797016  136.05279261825913
-113.40884156367977  902.5899174103479  127.08964466147644
-112.97075486371813  906.7041240680157  116.90744836270129
-111.96215071871376  910.7071534290594  105.4585604605073
-110.45112787365524  914.6230806201389  93.83212528197714
-108.08436184632471  918.505380663408  81.84294357311516
-105.11158823326144  922.3545345238713  69.37583520497216
-101.66028794195917  926.1125066630617  56.62418002290913
-97.87894770173929  929.6752857374424  43.816905080435106
-93.73178294961748  933.0235072759903  30.974425145426085
-89.30021333411275  936.2076581079718  18.243951503357202
-84.70256252008625  939.2711052885422  5.773564119637465
-79.96926630593937  942.1757378841261  -6.504491516029377
-75.0726863514369  944.8306867867592  -18.290360083396692
-69.9170096826491  947.1501781679237  -29.994723978875665
-64.57212802427804  949.1641345294154  -41.16404111941338
-59.13097848554871  950.9075803320959  -52.2049465722597
-53.760628231231514  952.40679533754  -62.58836540874685
-48.42425034689303  953.6712987692167  -72.54984964533654
-43.140945721325046  954.581527767024  -81.90903959057903
-37.78232427615954  955.1069045919115  -90.90440154204192
-32.39024124001973  955.1750483497235  -99.5197253448705
-26.950841684328605  954.8534218519269  -107.69918519144684
-21.594240690965748  954.1530389162253  -115.36005391428435
-16.27722930159984  953.0543551846015  -122.32452694790281
-11.115981524134185  951.7648598617985  -128.7199391175683
-5.948659680131012  950.2996717705345  -134.5424469395091
-1.1155461101449249  949.2764934481357  -133.56937445133894
3.744995211628037  948.0263973976619  -134.5343861400754
8.31838319945226  947.1993359578415  -129.7546668089243
12.809233262083772  945.8124673044965  -133.6848212368645
16.691915110361016  945.0076982348337  -129.53076934943277
20.25639483417252  943.7193690428712  -132.97268719950137
23.4564122022122  942.9909172422132  -128.65716194243572
26.646046201035222  942.1977065977821  -125.97567149243783
29.595188076233093  941.7962026152746  -117.29276176342387
32.33427655300176  941.313214529122  -117.50918979701723
34.660660858331845  940.728507190908  -117.02066483685199
36.73325648635176  940.1604847719125  -122.75188051027082
38.58777352186921  939.5218957131249  -119.4072537531252
40.32022306197346  938.8832818525427  -123.54090499664865
41.887186560191005  938.2131317572012  -120.35224725627049
43.32991968608966  937.537041410711  -124.98896555391151
44.59306878955938  936.8907963131865  -121.70533476366114
45.79760157746034  936.2585865058458  -125.70773598039355
46.85486658440923  934.8054616049359  -130.61087384669273
47.87491802471371  933.232875948985  -139.8611801843935
48.79659933277904  931.5815564729579  -146.50901754113156
49.67140878861522  931.1041889807389  -142.94418060203407
50.47432628849719  930.4726327516829  -142.50289461308068
51.1998504398768  930.1577790011627  -136.75843814529156
51.880065046810245  929.2847507850659  -139.8755389716789
52.60425254957231  929.0125111942634  -134.74545321462085
53.29525226417147  928.3085035617705  -136.9577340585726
54.04579032361599  928.1392862730713  -131.72019199552278
54.69940157800585  927.8673884075808  -125.96110136754677
55.38336672027199  927.519086680551  -122.28170286993804
55.9409716794547  927.1578822160707  -118.78779146952513
56.48050569569  926.3375853680884  -124.23142136076316
56.95505599962981  926.0559627310242  -119.9815292657245
57.51165533413154  925.2503827318415  -123.08616804559344
58.05866042864726  924.8858441191605  -118.66814987839615
58.59438407969417  924.06357984738  -121.95360181597687
