-125.65393684128355  985.8959089642141  222.0639417285034
-125.80985658581181  985.1797454307564  222.56747353014146
-125.89324990531455  984.4967296937066  222.93113863887828
-126.00126405849943  983.9170254436638  223.10826212794578
-125.97214320580304  983.4610382226135  222.91798348543924
-125.87052104382732  983.0896725318692  222.2199999388635
-125.70751633965311  982.925802352826  220.83023471515853
-125.48352056913718  982.9815185305849  219.15140486328565
-125.236154402115  983.5071646351946  216.69314689133662
-124.80647194506695  984.4280107841361  213.62443748676048
-124.31503803747492  985.8524523543264  209.2998704869256
-123.59332141168088  987.6466085821335  204.24600805543335
-122.71630579568436  989.8869018607969  197.9865234729677
-121.56806519900276  992.4895485270735  190.97324579917796
-120.29608279861374  995.4545777635583  182.73750316265813
-118.60515915530709  998.7313111359861  173.65398387214535
-120.4081949200361  1001.6575184836936  166.45063867029782
-120.4122672960805  1004.0889072213886  156.9492929971559
-123.30324657738001  1006.5867203914624  149.0145203751794
-124.13255442155219  1009.769091874511  138.68504985342958
-127.473429335357  1013.6110436383804  130.744695564776
-129.0701640141132  1017.4492977011796  120.25219208885486
-128.99226935399784  1021.2452576033653  107.76558848492446
-127.87094296280003  1025.0793889011125  93.51468317089555
-125.34737876097755  1028.8946724648185  78.02815089536006
-122.03746305340573  1032.6199700386069  62.026753650601364
-117.90013214316181  1036.0904483386353  45.32886528632953
-112.7529099092929  1039.2922796683172  28.587045811013866
-107.09037847870476  1042.1523199264363  11.830196101775046
-100.73650604319285  1044.701523804602  -5.373608531865015
-93.98865845346975  1046.856992722075  -22.08754971026815
-86.77044125347776  1048.6907705575081  -38.77663263037684
-79.37910601726725  1050.0976858348672  -54.63317986996513
-71.86637615576404  1051.0716616056861  -70.30238308008751
-64.13115661539646  1051.5347543155924  -85.12035922782033
-56.3351949744219  1051.553108129466  -99.10474806481474
-48.52194475204092  1051.10426005539  -112.32410785913308
-40.929331776861325  1050.1899587426253  -124.5889747627276
-33.51508845931059  1048.836567856095  -136.1364753743229
-26.3536165347539  1047.1527311373961  -146.45944066110235
-19.48363631217358  1045.0676782401217  -155.7119308402626
-12.907058479392543  1042.5337620039534  -164.25379743719355
-6.5739879453114884  1040.374999747524  -165.19795113445113
-0.47244596636776315  1037.7791548731363  -168.22078568091655
5.42024222025009  1035.7617782502666  -164.4340757192408
11.000882314625589  1032.5405028893754  -170.42700135150807
16.297787642975486  1029.072243470532  -177.09123891541378
21.26953665827149  1025.9345474038544  -181.5218247251913
25.81505873371936  1022.9769402358957  -185.1706948615338
29.957245321230253  1021.3314224687406  -178.62812647786095
33.72491270885278  1019.2894262772995  -176.21018993206349
37.25340250813117  1018.0330570914152  -167.83470330932045
40.471519991275635  1016.6365372315256  -162.3549962609025
43.31072890790115  1015.2682189287345  -157.60723871849137
45.81757955467388  1014.0528077497145  -153.0227372084236
48.015086833854326  1012.8278934098362  -149.16589317865015
50.108433849479525  1011.6763518014033  -145.74087483447352
52.098557767148066  1010.4490011401517  -142.72897627511765
54.066726614132115  1009.23788412873  -140.14748815189455
55.808085202410986  1008.0662172787296  -137.61981214356996
57.418909908378126  1006.9995559698564  -135.47324791671323
58.7724485426936  1005.9679525398589  -133.4370253839711
60.10487025434536  1004.9320501321658  -131.69890889015832
61.351379440245026  1003.9058250061676  -130.1531003107884
62.71121516850914  1002.9918519908472  -128.73785058065013
63.93347353927141  1002.2416488298619  -127.35764788528516
64.99036668063307  1001.5905316873627  -126.07725100635663
65.8286898228755  1000.9603484558007  -124.9273292091548
66.67465251894177  1000.3697382462551  -124.05987924902938
67.56024871627886  999.911179276266  -123.13890161630951
68.42369403475008  999.5876814369431  -122.14138549576694
69.11396284668491  998.6201792628283  -128.03986582207716
69.64232099244138  997.9662383347616  -131.5518923615422
70.20194707613713  997.6624370696317  -132.36284900559065
70.90021164578654  998.1667581725537  -126.45249772516081
71.78822688697501  998.4674392845899  -123.34334192626723
72.52470649350312  998.5041227655456  -123.25807273007976
73.1123555743554  998.6136075783852  -122.12167046858008
73.45432414709465  998.7269846713384  -120.14087773195979
73.81929328096435  998.8189931215517  -117.76330319775596
74.19280823536157  998.7491956151764  -122.59373106933036
74.59799452890988  998.5788504689996  -125.06384830596326
