-147.8779602888734  861.8319551938789  256.47795954773557
-146.44903603814927  862.6488912025917  255.31879261154725
-145.09274256939324  863.6005843084662  253.43571399435112
-143.73143347531266  864.7575639275753  250.63978052221557
-142.48567506964972  866.0227965697516  247.31206194458272
-141.12632343017228  867.5527364002829  243.116218577554
-139.74850132283464  869.2353490510834  238.25026970628133
-138.11344073342033  871.1541875321448  232.3276755931231
-136.3777917539237  873.1545491851047  225.78202079296958
-134.37107903875008  875.420879842296  218.11856957681385
-132.22437328488763  877.7841165013641  209.93740303084272
-129.80593326672704  880.3886027639992  200.6441285875038
-127.1579410097136  883.0337907281136  190.88898219765662
-124.13715229425026  885.9208886276097  179.90684927322334
-120.91803736179106  888.9002460579228  168.31692533325503
-117.39587165217122  892.0419568348761  155.7640999278102
-113.66551969808165  895.2005718765652  142.8531555399311
-109.49733787700097  898.4333405156359  129.09846903398454
-104.95756486041189  901.6872017390762  114.81799763852553
-103.45830224368211  905.0283908780095  102.64024330918832
-103.78734688516847  908.0090852305203  91.87808393117997
-105.32951324241814  911.1153837799759  82.60749293160119
-104.86226962296021  914.2612077679022  71.27904183055995
-103.06508268495512  917.8338649244356  58.74734343013187
-100.74570383489802  921.3535878226055  45.397795654082664
-97.28882090879999  924.84535744068  31.671601222194447
-93.41220853675392  928.3264127169498  18.10263038357126
-88.7315956985459  931.7413888340717  4.002746315067524
-83.78162458299413  935.0435502173428  -9.90364949936903
-78.298499195249  938.1427633789563  -23.963964115556642
-72.62722599029286  941.0578978235001  -37.68716071176155
-66.46446050047948  943.7326891213526  -51.44044845350605
-60.24303312094518  946.212431171903  -58.16431068314072
-53.700251798745086  949.0329789641319  -60.71855649541675
-47.31029628821395  951.4427406824805  -66.3143067136727
-40.65510958108457  954.0250675329212  -73.10794608531222
-34.10954635493353  955.6166329653486  -86.46846565544357
-27.429161874240286  957.7616286802231  -90.12182287990449
-21.006318937152173  959.1109991109506  -101.74498144160934
-18.29869831695306  960.1981499105531  -108.6915324534381
-14.270420164295453  960.591724579687  -122.83376399268613
-13.298611221571814  961.0791322183454  -131.25364039199656
-7.1142151345891005  961.6920225937199  -142.30260243951
-5.567545981976451  962.279878317282  -148.95613248718286
0.3057176049986392  962.6499483352609  -159.13114766924065
6.471750337430102  963.8899700719433  -160.8545670968965
15.151200433739547  964.627132975272  -167.41332187276305
18.48056778245034  965.5046316782863  -169.570603626779
20.727774084580272  965.3227458680564  -179.4584001846477
24.945058842899865  966.4133139640028  -179.4686918515608
32.552717997637515  967.1187732436453  -183.77922522671585
38.236415955163444  967.787764803133  -187.3314657941258
41.44148039534143  967.377898553344  -198.23394209925758
44.43730853445281  967.3041786735907  -205.8330616907981
47.45961912193688  967.4157536547145  -211.18521677030725
50.1674844536915  967.6123529910534  -215.00855254140058
52.17821969819825  967.7378817094794  -218.68033658073617
53.5366898223276  967.7682425727727  -222.15900574156248
54.54828845382588  968.6362405752013  -224.73731354060058
55.23410719374751  969.1157236254027  -226.6076206468259
55.61890082772384  970.2421656529888  -227.93468300639074
55.774729499477885  970.0768920013558  -228.8615449395145
55.66438747463784  970.8298431706527  -229.46513910936181
55.48555618117662  970.4905788117939  -229.7159245303367
55.13332114709546  971.042257624571  -229.6624977790537
54.753101266263954  970.5364476410687  -229.26938429558217
54.19284069608147  970.8557301478794  -228.57530070673113
53.616900970656914  970.9651122953453  -213.94092017763322
53.013266407659295  971.6548271255072  -197.62011843616716
52.46240168596963  972.0907537595089  -179.25621642439592
51.97652150332891  972.3684527233976  -172.4912675050637
51.490074907962025  972.6925112071995  -164.65896540624888
50.95773955944709  973.0003583888698  -156.17393599368862
50.23388225804587  973.3340116505603  -148.28737172069552
49.29477186434419  973.601232216192  -141.57346338126158
48.242768386641  973.8226182732775  -135.8603718758698
47.08679162205502  973.9944127170123  -130.52031554722055
45.949052836316646  974.130315405739  -132.200572752342
44.70334574592535  974.2415981578476  -131.70851762842366
43.400714431910274  974.3219577212586  -136.90348044501468
41.886853377856035  974.3376590343919  -132.33809711704635
40.15727462675791  974.2809935045312  -136.16534885422465
38.34648800234578  973.693781102971  -138.2175310586158
