-227.4216114374313  863.4068784069644  301.7115289712311
-227.2542683810326  862.367975457744  301.9707370515764
-227.10452936951043  861.2802835190034  301.74206476551484
-226.98850684563834  860.26827256519  300.82817173600176
-226.90609508641407  859.2175285636148  299.14951915421665
-226.81176779625332  858.0173598140645  297.0035827098176
-226.70958171610607  856.8614262399522  294.5481931771409
-226.35866744549028  855.9313700877282  291.9910739428364
-226.00408861123773  855.2885515338187  289.8269650900017
-225.68685820693764  854.7927564048973  287.1287480092517
-225.60768984700312  854.4542173850576  284.45117536613105
-225.49403385334682  854.4812139564317  281.1164819481702
-225.29687599550195  854.9094374209917  277.97154554454886
-225.04752831425338  855.7550758376497  274.261180744763
-224.71510077713037  856.7630301256285  273.5725627016081
-217.62559734840445  857.9664830907199  274.61010453815265
-209.48576578607964  859.4715838039276  276.8552000596553
-200.32673477767122  861.2822587848647  276.70632388609096
-196.72722337544238  863.4305427053489  275.49450367878376
-192.780416508091  865.8153423138111  273.5780059205364
-188.4191509744611  868.4977163373339  270.97544601040244
-184.45243517771817  871.4885329931608  267.30320869443364
-180.900562601673  874.8759516418148  262.6164760237809
-178.03181107967322  878.6802319989336  256.8569812909921
-175.09278204270205  882.8738494106317  250.19117349251815
-172.25480898452847  887.6006365477343  242.14369068901587
-169.38286623578688  892.7625715740344  233.06576502384254
-166.46363386804546  898.4424426466435  222.42050581501869
-163.41155027634198  904.3152665222473  211.10860703892342
-160.2288214259256  910.5099808376614  198.71579025741485
-156.97130259882854  916.9978672660402  185.42238860302692
-153.46245180061604  923.8471848558283  171.04805284227828
-149.68357499621968  930.8779615160527  155.78588019458275
-145.45269888724147  937.9120801247288  139.66108611702828
-144.3922618386039  944.9098405750391  125.23022437679138
-145.01505095268868  951.1470967922112  112.98713764171345
-146.6976246531712  957.3394104829825  100.66821914654926
-146.1639868847406  963.3638436863768  85.65469733458316
-143.89519555830572  969.7645764576673  67.76023285208319
-140.47390123593877  975.6257209992847  49.746895068965046
-135.33093616060563  980.8567435523153  31.511550755486766
-129.10494231159524  985.4868368973283  12.908624644708429
-121.86272114389826  989.4562151991215  -6.102181793021675
-113.74243567629296  992.8573616382147  -25.124490058972285
-104.84980406604136  995.6760660357829  -37.05265473535421
-95.03417341980418  998.0704216653453  -44.377970617144115
-84.681680577204  999.7444439294742  -54.80710874184798
-73.9078997354051  1000.6525885584923  -66.09895295423004
-63.03910844684345  1000.7817102284137  -76.71126949391234
-51.90569029316226  1000.2710025521886  -79.56679262054547
-40.80403694655238  999.0798271167392  -84.10795650463187
-29.9282546248959  997.2786990481635  -89.61273493978659
-19.76699975585738  995.1707059379996  -94.98364831413829
-10.333650133413919  992.962073110438  -99.87937398412681
-1.6059813442352269  990.5983409706911  -103.76000079540363
3.0031506806306485  988.0118820230041  -107.2251993172609
8.444210212153529  985.2902788862871  -110.28606904383953
14.945922191784707  982.5296101160526  -113.09843205684615
24.27866527898997  979.8225693883091  -115.52781814968463
31.428996627415454  977.2035889230428  -117.52877179537936
36.05633562387179  974.7519061670869  -118.88214067037632
40.68069499177693  972.4178154350973  -119.77384021451573
45.015822839229855  970.1692500036986  -120.14239411085028
49.2378396701605  968.0206124896544  -120.27864186760078
52.674658219056816  966.0817066273224  -120.2229910823403
55.61674554301199  964.3931613403576  -120.04157099321044
61.45493047040451  962.9060844870164  -122.89091478356471
65.52434699898296  961.5503187435061  -124.57253222969581
68.6983037533271  960.2835910859822  -125.02359699455151
