-229.33945472189004  886.1924020695814  333.92397127789496
-229.17700230280084  886.1963426397851  333.68984301079877
-228.9964796512511  886.1930943566853  333.44348880542066
-228.9250104339343  886.1706642590739  333.24418103226606
-228.84708172966614  886.1253833984474  333.1022463657013
-228.76843516744282  886.0202108404467  332.9438731865102
-228.70593881688688  885.8967156868048  332.7434471750871
-228.65150400614766  885.6927898176822  332.56026582062316
-228.60283548800973  885.4999130003068  332.3163129475235
-228.59547283851919  885.2351715929609  332.0343081869307
-228.5284893833758  884.9808888672751  331.5223084145843
-228.50906248849242  884.7061286206286  331.0104040680936
-228.3622761115056  884.4170377373567  330.2818099297194
-228.23379920670658  884.1416543523161  329.5622516933564
-228.0295677184187  883.8894832713172  328.41248778658553
-227.79789610184366  883.6773653561116  327.3359239865424
-227.53303020337088  883.4507630422163  325.87746468303715
-227.25854241773067  883.1325448449147  324.5960647599051
-227.04768070600883  882.8175263583596  322.91547536367835
-226.7946808934216  882.440201609115  321.3189408224686
-226.44848629029696  882.1436451513397  319.296182451954
-226.08985818885358  881.7479163757431  317.3286772601304
-225.78689793703893  881.351029292434  315.06266883226704
-225.43097987695245  880.9204348483739  312.7591380913123
-224.97655039832043  880.5518284096256  309.8643334322665
-224.46204283643277  880.2331823846894  306.8321012584912
-224.04437302969976  879.9286182888582  303.20802735930846
-223.67919988480554  879.7145579029975  299.5706048717057
-223.18160637827637  879.585615854318  295.04739562663553
-222.52726281594187  879.5352097300611  290.24128906855094
-221.72959311814455  879.7311480201155  284.40760477308646
-220.9172319033585  880.0021449745437  281.57882021241085
-220.01085551256585  880.5508358102544  276.8980455690487
-218.97144621603587  881.1202642986615  274.62600253121656
-210.79617869575583  882.1309153542045  270.4232780817892
-201.74020568073257  883.3472448072224  269.09228670844396
-191.61550600105605  884.9170256556108  265.56650257536364
-187.34752401326824  886.5425657407442  260.7126006832327
-182.673223825856  888.3792082320554  254.37561007250576
-177.48415477708357  890.3453537237295  247.6712097651669
-172.56705178724957  892.5088560199201  240.4203812255891
-168.04908880056414  894.7577324215075  232.51244679023227
-164.34825165050268  897.1069482672445  223.95960981709086
-160.671921355157  899.5735860830572  215.00786095882313
-157.07081229631962  902.2264108144325  205.49321731961277
-153.53565198622414  904.9947104507702  195.6117032639185
-150.12692951109594  907.8840635046264  185.09175351870968
-146.83027959991242  910.8056636400163  174.3971706097694
-143.56691434358865  913.8394430616129  163.2341205838542
-140.34519596714262  916.9284764339322  151.94159391198306
-137.01117267599548  920.08990463637  140.14884211102938
-133.67663776221687  923.1703814095697  128.3274417169182
-130.243030043607  926.1628811476876  116.14078286669428
-126.79713259906882  929.0510245861465  103.92202077380989
-123.17301238100386  931.9220085267133  91.27825704755435
-119.42738243273651  934.7698100383109  78.58326972700077
-119.14100765232914  937.3013625885534  68.6871358227472
-120.95321588859316  939.4667189859264  60.65249016410081
-124.30614899421644  941.5305474657063  54.623560801276625
-125.2891278561099  943.7807822006513  46.40306703595997
-125.45680404049814  946.2499776598935  37.30582070638567
-125.19014386646833  948.6274323625913  27.31475431630878
-124.35538508073574  950.9232085843461  17.301453878003983
-122.74732997975357  953.1346947841486  7.10666771724188
-120.34938260294571  955.2762306989539  -3.659598918262466
-117.6193556963002  957.3130817612417  -14.571806162540268
-114.32806877827545  959.2134447739103  -25.563590521156012
-110.71909151725134  960.9783963253251  -36.63778512583911
-106.54869544681578  962.6241760429475  -47.9182821263195
-102.15463450519856  964.1870812002974  -59.201532856764665
-97.37831511798018  965.6234750129653  -70.79600459907745
-92.49108917069016  966.9649666694306  -81.8758706536446
-87.328531469742  968.1286694063707  -86.49739904520567
-82.06379608880333  969.0720066665015  -93.25759247262648
-76.56648554405177  970.2814476819458  -94.57135260966486
-71.02781229890844  971.0919458359017  -105.30443050065237
-65.35681569652446  972.3354977356438  -107.44337626178675
-59.72381851225374  973.290059392358  -111.06537584952326
-53.91768276756771  974.5809807773251  -108.87832114342234
-48.108028477413264  975.4529788595374  -109.66387213645152
-42.19790160658346  976.0820765457988  -112.0323443468311
-36.38356203254283  976.5614329040671  -114.38440658736906
-30.446941512045125  976.8250373098858  -117.15768375794967
-24.513793874519052  976.849033299577  -120.44341224650296
-18.463381750387963  976.6744298648583  -124.23785863438803
-12.560347097009805  976.4146962405234  -128.2048931966301
-6.601546408313097  976.035357452364  -132.211584302855
-0.7658924552843818  975.4869380209011  -136.33891776729072
5.0737184268107125  974.7666006097779  -140.71526451845835
10.739900089476933  974.014365273553  -145.04250480245275
16.373290444460046  973.26412469964  -149.30056307346086
21.994362762143776  972.5066582570296  -153.2843518080647
27.596040908450885  971.6473821076128  -157.1785402462159
33.06356207891779  970.6776726184517  -160.69256930608157
38.37519603543117  969.6858616195359  -163.80954615453447
43.46136477867546  968.7128036627837  -166.2599313235447
48.44218469545239  967.7257797831767  -169.16052235480515
53.40356606211596  966.6844324739451  -172.22926867314771
58.2860002063241  965.6350862697367  -175.2677272265142
62.94130709724988  964.5701342261473  -177.73041196656828
67.11970672997722  963.6176958019737  -180.02509519307253
70.87422484888995  962.7841635693724  -182.04158255176347
74.27794499306965  962.1511940426469  -183.74963038888328
77.35088885943885  961.6003711137347  -184.93215138460022
80.2378824410782  961.1325517192344  -186.15813791998596
82.93186085905673  960.7912464058702  -187.12775042197572
85.49641775019167  960.5498614813573  -188.16848257949485
87.93485611285439  960.3676771578555  -188.86061895991438
90.07182637782748  960.1760680160064  -189.37113046098077
91.93410231762606  959.9812391131653  -189.5424205603721
93.36096292719455  959.8221764045943  -189.30824662284223
94.51631006071177  959.6992508380287  -188.81801114795056
95.39739284952677  959.6024017244093  -188.05051221900752
95.9764340666108  959.4838534036271  -187.18498262639417
96.32666402770873  959.350127924736  -186.27890414707082
96.35781724146908  959.1994384500105  -185.11418084540813
96.2686657807534  959.0018615426014  -183.98810512322888
95.9427354957586  958.813127880673  -182.4154643701387
95.53853895153759  958.679909275206  -180.77688088903008
94.91521881215343  958.6674075091535  -178.32561567185957
94.22652878520901  958.7046499572057  -176.09938211245816
93.12522160317651  958.7764220206051  -173.81736977083943
91.6437865809794  958.9387095803554  -171.77882160179072
89.46741209163199  959.3274135428156  -169.10704375574724
86.80213360914378  960.0044915762669  -165.6533591140869
83.67588083376758  960.940777084656  -161.82198079436532
80.16316146483739  962.0988992255873  -157.35602562960372
76.11315044754501  963.4532888762102  -152.30928636194926
71.68681230586573  964.9855475381919  -146.4598294569691
66.96627583264493  966.6308905376138  -140.36091891962178
62.11808398558257  968.3173116577823  -134.04795889531366
56.775972879559454  970.006628479423  -127.31280440793218
51.15148368139971  971.1872115111526  -126.39901213022324
45.17904146063155  972.3027652780204  -122.45081866375749
39.16077292997727  973.065370464249  -123.35404009585604
32.68027621714381  974.1426038144533  -114.29448675851033
25.882487121088978  974.9526682637248  -112.13032474922241
18.46355682628017  975.7662115180125  -107.59238573328993
10.696537944390222  976.190802534495  -101.0390518418764
2.4304245048600572  976.5445676993668  -93.10083481824282
-6.0600699232795945  976.7309114162566  -83.04428413559195
-14.86004056583252  976.922894866482  -79.44475975889904
-24.01848715169771  976.5847188168266  -71.91848436069455
