-250.22010073141823  879.5943497579581  381.1896584013617
-249.60092616811397  882.484678499732  374.0175881928242
-241.85395735551646  886.9066545717405  365.89837109916834
-232.85115170969522  889.981195795827  361.00711585958715
-222.2179944005244  892.0248837851369  353.4750428472422
-220.8653256706585  895.1121690512994  342.759467050023
-217.60740847556357  898.701085212967  330.8575800061056
-212.43978626399476  902.4128660521214  318.2692477327658
-203.68516425255456  905.987001237169  304.4826498119655
-196.568463632912  909.6695731673368  289.36640843101276
-191.54912978696044  913.2803343401117  273.06994412898405
-186.01335155149815  916.8585650012132  255.99543626385423
-179.78504193598997  920.413772474744  237.69538579607277
-172.9062763949894  923.9215732775718  218.00699805398617
-166.10411791279375  927.3636847826222  197.22149470923873
-159.23254969777898  930.7377487345328  175.878687744017
-151.83573968663129  934.0333792838354  153.9759198208961
-147.38622070352292  936.9592235691633  134.50812070302635
-144.58130179946454  939.4971987059657  117.66656331639557
-143.02481247502394  942.033570634515  101.02521744919672
-139.3802230453027  944.8066488660015  81.93353922919145
-134.33380221374318  947.7630601324352  60.50308766483826
-128.42432165463217  950.4020852385102  39.71309367033105
-121.48216052352083  952.6961779471784  19.38509154124413
-113.85569398902786  954.7989303523301  -1.0799261806497942
-105.77055405327835  956.9025278170569  -21.57297300938062
-96.8835039292753  958.9640251859388  -35.430162726702115
-87.71177264371683  961.7281170676267  -44.54706255689467
-77.9585475173524  964.4584285462663  -49.96185635092288
-68.25013551658134  967.2443573711523  -57.82638289994376
-58.389080683775525  969.2088069985052  -66.75321020860551
-48.73511628758767  971.0138218961863  -75.28930809288362
-39.102402832376725  972.6529627349671  -84.1821100136563
-29.593866129709205  974.0951546933846  -92.6666259457515
-20.314045681253802  975.3232517117744  -101.01010339510509
-11.562281201837866  976.3388085043523  -108.60552720700025
-3.366744391595656  977.0764324425832  -115.6572443317996
4.282712595403344  977.5516300108828  -122.1011551116641
11.585175273875851  977.7630021703721  -127.99454824891507
18.330758824323983  977.9152256049957  -133.0355310368105
24.600936512521205  978.0662285916483  -137.50586074202369
30.37674835181609  978.2156817275603  -141.7474161839016
35.75085719474256  978.3274578881824  -145.48331016541437
40.52217614465996  978.3057676228449  -148.96859329713317
44.73067437850798  978.170880179404  -151.8511751781604
48.37211707278097  977.9247545012049  -154.38086757082914
51.72218951781345  977.6402352398995  -156.42750217442986
54.82014278856312  977.298500678942  -158.15994667324586
57.696241862790686  976.8930897777868  -159.4616068617248
60.239123202557025  976.4236087971547  -160.33892605729875
62.40852068056315  975.9375648743734  -167.49018054219107
64.28409913153592  973.3426286710196  -181.91633091361126
65.98153183325124  970.5569972249097  -198.01885575600895
67.48501721383725  967.5369189806555  -209.60429001635435
68.79879150771808  967.604445599764  -208.41276353568307
69.8965749208632  968.9710120750902  -199.43949947048108
70.86428688840071  970.7251057876798  -188.12852933651732
71.72164798300882  970.9296643335124  -188.3221435143806
72.36415337672851  971.0589817845877  -189.85966760917705
72.78605708458991  970.9072122913292  -195.5187807457799
73.06190853169889  972.4474594558999  -189.90205149079202
73.08292460805335  972.8341560425636  -193.52668916520588
73.01689807300994  974.4299014064552  -188.55093035472945
72.48537645926007  976.1905128374482  -182.676618866023
71.71755659457652  977.8637376174933  -177.86438722625377
70.41998453332485  979.4003762324825  -172.99080963787551
68.93360740852809  980.5718533295553  -169.45769815626096
67.18336988358743  982.5797961154293  -158.25882553014287
65.33357998490962  984.2332207665511  -149.53564492706954
63.25962117561582  985.445310507689  -144.31340443470035
61.05368074824573  986.6063083689635  -138.33842383575615
58.643279150110835  987.6878061360235  -132.71859686049126
56.16926311780868  988.802672736832  -126.13799757352002
53.54798364708633  989.3535085645074  -127.55936789144215
50.88454122985842  990.1325895392519  -126.58951579323873
48.192170736638744  990.5855294181973  -131.59844072868106
45.44396136018788  991.8016332993515  -126.65591603560917
42.65677238644751  992.5531460697675  -129.73962678015513
39.784261545027356  993.4938986738846  -131.29212522981265
36.865801282269985  994.0866174375566  -138.24313085902304
33.91507928882144  994.9413540498447  -141.9791338482031
30.76854685784427  996.0172886913007  -143.51451004869023
27.48952507005132  997.2118631152942  -144.5333628305988
23.910093068001792  998.4303277459851  -144.71335035204098
20.325592010873603  999.5772063799976  -144.1522697423195
16.590679276949054  1000.7251049978029  -142.59314835273156
12.880789237965004  1001.8475488662975  -140.24374641579763
8.820190157980097  1002.9907938881722  -137.04124846168605
4.643296343971194  1004.124035234782  -133.07634916557197
0.06536600346736776  1005.2867861708816  -128.39541901726335
-4.67623674745841  1006.506083644742  -122.9321659266313
-9.822742375509343  1007.8360309756094  -116.61980974836878
-15.184837702193636  1009.2411662392734  -109.40616316494018
-20.87179568471535  1010.6438002831611  -101.49001300284694
-26.741863063301174  1011.9421959142085  -92.8494768575063
-32.90467644664724  1013.0978346321243  -83.59390708753666
-39.275279284045844  1014.0543285055471  -73.47693185764984
-45.97914002261291  1014.8438031967893  -62.65070800880999
-52.92991143766532  1015.3394953164787  -50.82764436429372
-60.17300990678406  1015.5074821956434  -38.40305240947457
-67.65987313721942  1015.2476054808228  -25.204403840970606
-75.29183172354094  1014.6189393369102  -11.54724106014984
