-238.0222120900926  886.598649693139  371.1722771391414
-237.8686266171832  884.4050933716637  372.01192007432115
-237.7773813995444  882.4435369789462  372.50554082723784
-237.44656789908538  880.6347802040311  372.7208527941588
-237.0478858445609  879.0903412905606  372.41811872753135
-236.5277248563083  877.6811576922926  371.9545224452988
-236.10357488958527  876.4192780671867  371.38577123356845
-235.67506467363555  875.2930055291272  370.9809576284744
-235.2883788328969  874.2430522228998  370.39938285362905
-234.8733217621234  873.3081868502584  369.6068647360628
-234.43928437681865  872.4978469202206  368.69761548712916
-234.02046619188246  871.8140693237115  367.788483992358
-233.63156072966962  871.2059326057772  366.8111230872067
-233.27239836167385  870.6314878653586  365.6806875195482
-232.955339552771  870.0820285706657  364.2443531027881
-232.53949990160197  869.6277806607168  362.9415391486288
-232.12532934219985  869.2180539407788  361.6565627313163
-231.69726348598948  868.9268568616621  360.547423823686
-231.40690883052952  868.5664504405227  359.27687891574595
-231.0638007641365  868.3569097858558  357.9908509652707
-230.6560821655572  868.1044150744733  356.68577319808094
-230.18009494855158  867.9567556945523  355.3405437042625
-229.72063252434555  867.6751996979535  354.0194663258808
-229.34310615414006  867.4043994445799  352.74344913865514
-229.01629206959137  867.1009018298528  351.2390516665188
-228.70661785777324  866.8581920902352  349.75951425417475
-228.36269356930023  866.6383235946469  347.88785188618647
-227.7164058968938  866.4564283321586  346.201490408927
-227.07282819346233  866.2834500364343  343.76238341930775
-226.29066094837762  866.160131672916  341.4263777043893
-225.6745733082259  866.0713866532989  338.5791797091232
-224.81051898953248  866.041444098682  335.82455039099176
-223.9949934170615  866.0221300991863  332.58902270409243
-223.06072560708247  866.0314540700647  329.0814804909881
-222.225132783785  866.0828020742684  325.2402076249481
-221.22509551321093  866.1853833744375  321.165490115018
-220.23325078883403  866.3134535895797  316.81070891575484
-219.25944101374674  866.4533435259422  312.35145373135015
-218.3619757133324  866.6377802042865  307.60376135975736
-217.43210572661366  866.8732878460643  302.6854039683535
-216.36771484446723  867.2356848175389  297.3261497612792
-215.34746101087424  867.5305412479265  295.1352959670619
-214.40411353862925  867.8383597052199  291.67449872347527
-213.5545763542396  868.0845954776296  290.8186346599909
-212.544992684353  868.4186111367974  284.9734658537701
-211.40547980407044  868.8825227981391  282.5787127300722
-210.11871729902083  869.484586295714  275.90644642148385
-208.78074683503914  870.1789594266875  272.86445251344276
-207.46308974709032  870.898181891871  265.5042835047668
-206.1744532961967  871.500021443651  261.4440661191529
-204.8360733726772  872.1789171070078  253.0992281567203
-203.37043756875303  872.8778476456164  248.14249171224859
-194.97565635246957  874.0272403143541  242.36094131219278
-185.75510879214835  875.2239210503126  239.47765734123578
-175.4794636727806  876.5846559451177  234.80936216039402
-171.0514562198536  877.714447757801  229.12564383534897
-166.07093157575065  879.0150703391502  222.39218579517754
-160.64716707662535  880.3266744258419  215.64944380554365
-155.45342216714482  881.741249939778  208.5130153672125
-150.75263133901936  883.1084610509611  201.0585788704596
-146.8309097972992  884.4803104391915  193.1793384592178
-142.87051274447992  885.8654157743653  185.0859265372014
-139.10788539057108  887.2717252037671  176.83486787995434
-135.5257001798143  888.6456378010079  168.55413338925572
-132.16735993139798  890.0121187836617  160.12573314201114
-128.96239475544533  891.3793447502492  151.62851242595502
-125.78831412521357  892.8129165391314  142.88126617179722
-122.66527179780529  894.2294791347271  134.16605287612168
-119.49810259870956  895.6389933760971  125.2402982506426
-116.37553402607148  896.9627428229834  116.48077735831596
-113.14842503790567  898.2932745778986  107.44885801035406
-109.98801232321321  899.5934583063547  98.63026058340394
-106.68046897296315  900.9350072772576  89.51684325985477
-103.47017761985788  902.187254545074  80.8178766828214
-100.16811737250141  903.347743441196  71.98634948684376
-96.87057654080517  904.3472960184727  63.51493087790974
-96.90182310366761  905.0493468235444  57.84896123635421
-99.0292822637244  905.585924450693  54.147866192972984
-102.70590301881955  906.0214073786225  51.86310668461276
-104.27379074056476  906.5576983578161  48.31032093483668
-105.00530906001019  907.1421061598935  43.974665740835796
-105.62124603116081  907.7477591463212  39.562412473701556
-105.92367472522247  908.4579456866683  34.60592447836997
-105.78444794697222  909.2239583411651  29.767156795294596
-104.9970385629913  910.082122211483  24.517743834129824
-103.97797966579462  910.9751014431913  19.31782409654147
-102.79756486651767  911.9222908536035  13.93397260975468
-101.47517634593729  912.9187185670138  8.70524497676132
-99.96726542352665  913.991701427057  3.3178284140602354
-98.39726260809596  915.1176893127937  -1.8437123835940588
-96.76505148873403  916.2965727004575  -7.158741910809544
-95.09314209160145  917.5073766076157  -12.261607036728421
-93.35128786973692  918.7637910768673  -17.37513286753881
-91.59454543521188  920.056812640599  -22.302324473076325
-89.81609731167254  921.3842365422917  -27.195920958968394
-88.0632736496196  922.7199374459789  -32.007206905890186
-86.25333404473031  924.041915539169  -36.763405780275264
-84.45146653887141  925.3475941556133  -41.43019962321863
-82.57919599751322  926.6590482904564  -46.050576217678596
-80.7431573178009  927.9822202466887  -50.59844843575389
-78.82586631856694  929.1250619597382  -49.161424451602066
-76.92405315218534  930.2737831489582  -49.99317074794106
-74.90754491561721  931.3056019126818  -45.75111092671178
-72.88757196271045  932.3930528823154  -50.24823666230468
-70.7189988333601  933.5790140812978  -47.47997777921106
-68.572753772805  934.7166617481239  -52.446005284057264
-66.30177532958477  935.9720229716721  -50.2043481190712
-64.05018397675968  937.0545529495114  -55.90062088094098
-61.6496138594025  938.1711618291151  -54.648509545458886
-59.266232346489005  939.2114248224652  -61.05858842847279
-56.77279478563012  940.1991086651111  -60.318594583440316
-54.28824078723326  941.1876814047343  -67.2345716577681
-51.688245219439324  942.1207455838671  -66.84367680605767
-49.07390687477427  942.9943584131615  -74.15981433717349
-46.30494575169575  943.8189886111672  -74.11672614387592
-43.48360592734659  944.6011953347551  -81.76843221217038
-40.51804857006115  945.3608561684606  -81.92326515519616
-37.54371029291463  946.0672786389265  -89.79658877459194
-34.44595467709905  946.7176077708089  -90.17944323676736
-31.31820077738965  947.3209976905148  -98.39325701977091
-28.112976143101385  947.9054669504332  -99.07425808953494
-24.82276523257073  949.478549652393  -100.88993474184407
-21.433665677884427  951.2512050878846  -97.65797583649436
-17.878643726005652  952.6138233940043  -103.58003704239181
-14.290834082118977  952.8525690969038  -118.79227204204324
-10.622784007710147  953.5790267727024  -129.28983486930144
-6.704920503286244  954.5588086254861  -138.17359681650936
-2.526988499625683  956.3422288096228  -136.9703864508425
1.9951371476566626  958.1652955248401  -140.21437309013606
6.678680881864452  960.4969989161943  -138.65255587735408
11.58490825236238  962.5165585811058  -139.24547924739292
16.709250659871447  963.9978663071562  -140.44045198215434
22.102325055266157  964.4025803923648  -141.66200434660996
27.719435124627637  965.0612327777076  -143.59197306795593
33.59275062174901  966.1267361843161  -145.7630105651834
39.31818483923458  968.1065627178313  -148.25776740116206
44.789731037593604  969.5753397974221  -150.60814217038322
49.734754834808875  970.5546689837054  -152.48513469391182
54.43137605725172  971.5591238076229  -153.97970973732455
58.74122567382973  972.6326489363622  -155.18560182099563
62.524806617839815  973.749063030368  -156.07687447797215
65.69823196516546  973.663972444435  -163.91193536257344
68.36236458111195  974.0387324628118  -168.50388263659718
70.69277111189983  973.54148086645  -178.88615706693287
72.65250461873084  974.7400019831783  -178.46825782688393
74.16445236184349  974.7153668562179  -186.41882474949495
75.21741207984394  975.1916870805428  -192.0829178693728
75.60236021917876  976.1283762831031  -195.54196160069145
75.53737054893712  978.888292580952  -191.00411380518764
75.04845885356677  982.648142580421  -179.302054374032
74.20840150792127  986.3228631726547  -171.57176193070674
72.88648202618099  990.0174202122093  -164.59188244749882
71.14605901947311  994.3971118536675  -157.3166417697646
69.0133692445099  999.1675412999882  -149.22607179089874
66.51797595645651  1003.6205036398676  -146.9708390391126
63.11757309431771  1007.5599987722985  -149.95932399724768
59.05145729261728  1011.3804782222539  -155.0704345680653
53.89382720092182  1015.5689417235095  -155.9050023331361
48.162806723602905  1019.9163329572398  -153.91770052855753
41.486519158489514  1023.9383694143961  -150.3140663082649
34.08658530874364  1027.495877636212  -144.51450471690893
25.511067210546898  1030.5996312442014  -136.4194708068666
16.0717367002881  1033.1864097469447  -126.48985983671675
5.940047262708887  1035.3458557498743  -114.45606352466433
-4.58096916990287  1037.0840273489534  -101.37163777417767
-15.874473460951917  1038.2897127157732  -86.25444425741676
-27.936755057163865  1038.7873671007185  -69.50124307498025
-40.55494871562771  1038.504459082783  -50.85145835849447
