-192.4367937322696  870.3503738458002  300.58623076860704
-192.55199120450098  870.5933923082823  299.7774249203135
-192.43406639951397  870.8302172306335  298.69482173960046
-192.3012315021212  870.9793023643834  297.75342076602635
-192.0809981602309  871.1900970569204  296.5083426721297
-191.9663957498296  871.4403997257524  295.46004885833463
-191.78685100202455  871.6910254607465  294.1454023695506
-191.57321910171504  871.9137039798045  293.02040330070525
-191.33459693949015  872.0837073234509  291.63576724584334
-191.1076363691613  872.3016798183343  290.35082555582045
-190.8478548952776  872.565903913511  288.6618084162818
-190.58703103845858  872.8637231869809  287.01696211102524
-190.29838229301282  873.2366010277601  284.9257633287095
-189.99951519192504  873.6039631587546  282.83920583221004
-189.61322997347946  874.0799463881675  280.2037881555059
-189.21283667401917  874.3548403343968  280.5948997304666
-188.7683387713619  874.7714639495075  279.3414023947396
-188.32009723797478  875.1161598260733  280.51188368020394
-187.65308973109504  875.5831790508624  276.5015787241408
-186.8039946734913  876.086328224876  275.8466203356321
-185.85579026099276  876.7709864232146  270.5812599831479
-184.93392133436447  877.8395546843167  268.60763907723305
-183.9782441547398  878.9127322761678  261.89622381879474
-182.89018876933542  880.1370750824296  258.2475651642436
-181.58993802411547  881.3540458363756  250.01353788331892
-180.1426771929435  882.7363605378132  244.97866665881102
-171.90284430943734  884.2790673021378  238.67378203428456
-162.64933655632146  885.9594388793655  234.9856964273535
-152.49412310651917  887.8525809547652  229.2029237651421
-147.73261614866712  889.8750066888073  221.75885834611378
-142.6218621642361  892.0393317953611  213.02108340396313
-136.86969528564765  894.3374244525546  203.64850049710716
-131.45658165767395  896.7201115963568  193.76459155495996
-126.38988967034301  899.1656181859807  182.90224969591077
-121.90529511582098  901.6746965898826  171.13104043725684
-117.37792561171523  904.2452103275169  158.8125008236497
-112.83140379265011  906.9442813940364  145.83285287611054
-108.31215060602541  909.7229085117217  132.38449092348597
-103.77064322456935  912.5467231261424  118.14416534455174
-99.33139329384764  915.3446599936626  103.56412717563185
-98.28748694110097  918.187376669135  91.40932208042872
-99.34378648227417  920.7982837118374  80.7755601625261
-101.91231156847718  923.5711052515624  71.78776086082804
-102.25641718878364  926.3696160940425  60.58228191549581
-101.89613118431046  929.51356021503  48.198026186863814
-101.0952675456183  932.594550242701  34.80106365076781
-99.73647037118297  935.6525644393967  20.942020722060185
-97.59743098229657  938.6630420303416  6.749301542001961
-94.59745853402399  941.602462877689  -8.388947622851303
-91.17732607717905  944.4927537256448  -23.61121356514469
-87.1300821887876  947.2917379144717  -32.539871221645754
-82.83080151918375  950.015786998443  -43.84449642444745
-77.96694266268386  952.6645098183237  -49.880529739635904
-72.88087899773228  955.1946901668216  -65.58217829827814
-67.22281580569582  957.607489202963  -73.46507758192524
-61.5169687717604  961.252078637628  -82.64512549613218
-55.478191969632014  965.2290468530224  -86.00350848649768
-49.52083802593805  969.5285868348448  -91.41358657628521
-43.266202321344814  972.8209139619099  -98.69118509688198
-37.01857391929639  976.0943719362959  -106.23849665471528
-30.56305689599646  979.4616622779627  -114.42721278881405
-24.303839411525967  982.7837002330045  -122.60075120039929
-18.06977990926271  986.0635581555022  -130.21968153963698
-11.961655932178289  989.0893383205844  -138.59916591005594
-5.855397008532474  992.1684788654187  -145.82078226170267
0.1471489803130135  994.961179731559  -153.5491829625761
6.077232714851696  997.9401819132586  -160.76595673429637
11.903397730648905  1000.5203921232903  -168.7213974260335
17.638220435637855  1003.3254338692639  -176.45616316183308
23.144766231614874  1005.7515583128488  -183.18137281830522
28.605826386633296  1008.4786182437776  -189.17830413788053
33.94443643742333  1010.898698057805  -194.6231849097936
39.25598927774479  1013.4128750758732  -200.17718968173077
44.64742184613176  1015.5207604449461  -205.8691530886929
50.20718802244351  1017.9247887669063  -211.41329370455037
55.442611121297084  1020.3169050736635  -216.33801506533104
56.12048058813006  1021.8680471773993  -220.54939705626234
53.7649339819684  1022.0734283173485  -232.2282335745709
49.55684494499634  1016.9525362225329  -260.9818378111759
51.880260769854424  1015.6837713197312  -279.84235215148635
59.45102361328079  1018.7116316388345  -286.36039570735335
68.02090079977876  1026.5646587094807  -270.9623782876061
73.58843363873484  1031.2167595259912  -265.6799028165241
76.11908578333066  1032.4360384270713  -263.87424772176826
79.38702213812245  1034.4488074526387  -263.8129052105923
82.75055793415594  1036.851168219252  -261.35356621798053
85.60340378676534  1039.2643602918042  -257.0576150318089
87.69418666013866  1040.9295979895946  -254.22867837483426
89.28432703781414  1042.1535027975453  -259.81848469462307
90.64188069462456  1043.3113920938545  -262.60164650372985
91.71707776418732  1044.4734214240063  -263.82468588412206
92.42691736794124  1045.7039780746009  -255.55954271738977
92.74910406558824  1047.5505365474503  -250.9923621155874
92.74419399126943  1049.8524913671822  -247.82568961443155
92.61001961045135  1051.967033688387  -249.2122796044076
84.12469647492969  1053.956710762703  -251.53120217949225
78.59264256377249  1055.7040891175402  -255.09401421641354
74.10968933825139  1057.8126467479078  -250.44637252879153
73.70089262233428  1060.916251147965  -245.68781914294206
75.19115588871739  1063.0721039330629  -240.6294265840059
77.66521476725066  1065.1564314636473  -246.69267058145567
82.09100310066577  1065.7811965512656  -251.1190300692011
78.73299323027744  1070.688997480481  -253.54840830079954
72.01125787303069  1076.0842788220527  -249.31155214730055
66.49259148249274  1081.7883166563136  -244.95626596034535
62.06172105671467  1084.39060418422  -240.33827713238776
56.43966146789766  1086.8268820242915  -234.35421545125428
49.46396655130165  1089.20283333342  -226.93763862401093
41.90767699767967  1091.0031518775372  -218.48427991441235
