-138.71935770976955  442.0079720326228  154.59695298663937
-136.32318007464954  452.09088370325725  159.4394138490377
-134.6221310595087  461.6993587977813  162.89631523325707
-133.64213223488338  471.9468025172729  167.63993418667198
-132.01701647691485  482.3902304990953  172.09354067974712
-130.32633375696574  492.8638059437537  176.42969461691916
-129.22827810661528  503.247847682645  180.08421482070412
-128.328523485611  513.6123806800686  183.5702486921624
-127.44494785137377  524.0866709153545  187.2313728745256
-126.69886308468507  534.7237044651147  190.3192852105073
-126.09966109815635  545.4983887108671  193.07759452685232
-125.67797951580519  556.3630240567562  195.43442264059397
-125.35992656695392  567.2918211035202  197.5415373680802
-125.2023947646218  578.3510636564516  199.4514634525699
-125.3423768787778  589.5628002490887  201.11435539982546
-125.63500610303937  600.9074122220854  202.57348979849024
-126.08023422864977  612.3056401609879  203.70909014494498
-126.57309106775536  623.7575546740167  204.6783628017389
-127.16229663035551  635.2837463703288  205.48922660594621
-127.79743561357225  646.9105192095634  206.13580106261824
-128.40160170542154  658.5692090796229  206.60107630171734
-128.97333115571928  670.258196186815  206.64678461462074
-129.496250771603  681.9614906900434  206.3837464233302
-129.98666948458393  693.7104826920466  205.76015812602913
-130.4051473413625  705.4398997322614  204.94521831603947
-130.7691781823363  717.1121972975986  203.9810467227171
-131.07582774195063  728.7577208248457  202.42471927534206
-131.19128856522957  740.3429364045995  200.60252985793227
-131.23606266443286  751.8981921189192  198.0577065372575
-130.839988061914  763.3005807972781  195.65472508866105
-130.42379690198294  774.5834034304052  192.84125468523874
-129.92040174193875  785.7334791970059  189.93968193055395
-129.69146349193727  796.761811493526  186.70359038745542
-129.41824660777573  807.5172333796419  183.41711920364585
-128.68668460069358  818.0450135372321  179.53956953694436
-127.87102041804101  828.2541801297264  175.50427196797978
-126.8345871075483  838.2499022171415  171.2682441283224
-126.02930652824948  847.9035425946585  167.14382315304348
-124.9982119077885  857.2254214823001  162.747773498742
-123.9161225702901  866.1434324951324  158.48914778562903
-122.86552231648969  874.6654848648698  154.2469675667146
-121.93380880379576  882.7373354567628  150.29290576655646
-121.03153776582668  890.3581146117155  146.2488547213357
-120.16449417052384  897.4212236138477  142.6466149173722
-119.26301945336576  903.940673880291  139.25494071970098
-118.5686940637502  909.8325290534359  136.26152702395999
-117.9466267821578  915.0542970770066  133.67078445611565
-117.51500340445303  919.4506860295371  131.32660741731058
-117.16176160928131  923.1086949567648  129.35713744180742
-116.997987539126  925.8688538746295  127.63995119486185
-116.97557667484602  927.8124701239218  126.26448234800694
-117.08654200123301  928.7569002577326  125.01518481038782
-117.23283140361742  928.8198506553232  123.97153141717183
-117.76227365351298  927.8880462335466  123.61075582340449
-118.49131390904193  926.0151901431442  123.67065069922911
-119.38725970528144  923.1640571767086  124.46291313727502
-120.01421820908585  919.4636805583069  125.00812198593354
-120.54330898506745  914.8891280958787  125.80070413287676
-120.94138868274871  909.5415377759482  126.55522697233987
-121.31718056140316  903.4412742187483  127.9244233659568
-121.62247045544832  896.7218347281989  129.46542119929774
-121.87803554921919  889.4454944221352  130.9740609570506
-121.98320834173586  881.6534086551136  132.38736957844023
-121.88179919881941  873.331331225018  134.00554900913565
-121.62790176332824  864.5084304061518  135.85861676373514
-121.28353441356887  855.2415374295771  137.74752218845742
-120.92819615833396  845.6029377672494  139.6786435621024
-120.3833737344733  835.6015306853886  141.77526888773386
-119.75476565856547  825.278283439173  143.97095380139555
-119.12481646603374  814.6819149659425  146.13616440042804
-118.63223705387193  803.8436630359162  148.26629785501464
-118.1228236339098  792.8139037367088  150.3439398133343
-117.59161581835679  781.6351744828911  152.2149687197383
-117.01876357884221  770.3939299575791  153.82477369873885
-116.5301908188768  759.1086482723797  155.14287306090677
-115.9946688629822  747.7989274356843  156.2764947684666
-115.45256283912097  736.4755854856554  157.0962831326481
-114.73423523977237  725.1499207042737  157.78934104756232
-114.08666891744933  713.8332514819466  158.3656538385403
-113.45332583477521  702.5653041724925  159.0539513560155
-112.95300646176251  691.3953986600065  159.7200105179041
-112.38003241161005  680.3230075630469  160.27948748658378
-111.73858485817118  669.3538353227208  160.78138553082573
-110.94653543547105  658.4837746500266  161.1980979662337
-110.48112156272376  647.7671525460366  161.63819348219536
-103.42597006121733  637.1029960927297  162.37419749796783
-105.27150315239916  625.9809832718202  157.3427812454758
-111.81336394062282  614.8019052354167  145.83633996533732
-130.63813229342927  603.8282514745038  132.05768539465126
-153.61441863442406  591.4399860775634  110.39850107320346
-163.2978297602616  580.6514277690043  92.14036427207944
-171.11821472264214  569.4383379785386  65.32223549384341
-162.75143054392248  561.0267729418783  41.11283152488936
-166.73631730683496  552.055293905186  35.31915934483337
-164.22048840226066  543.5752867090213  21.38817677610613
-160.30150149824024  535.4984242879536  7.73426608271896
-146.87518540298757  527.6751363528222  -20.1461047690761
-129.5792430192807  521.3858048996076  -26.884706489441037
-113.72424070370052  513.8555682693238  -16.219638084982336
-100.05328300330872  506.14667756484107  -1.1054768105842978
-89.80008582843972  497.6411764218185  12.240258491079398
-84.80295380721466  490.2056454385515  21.170130292124455
-83.67567245149304  482.14058407426785  30.737116424774523
-85.87501136489459  474.00960647110037  43.940733539051465
-86.63011726004385  465.79958624632246  58.1184069920557
-86.91748626088574  458.1485498315076  68.4044178423857
