-60.770394550188065  362.35803833805903  138.386170310642
-64.13800617191545  366.2301317761906  139.10967571836895
-66.90258447082942  371.4861394045845  135.62646248458555
-69.13120969250886  376.26522952511345  134.30467622595896
-71.1259752914483  380.55756204146843  134.122273432145
-72.89899689711126  385.480712635677  134.5295780038844
-74.45205525297666  390.9997344228792  135.23737573311786
-75.7930291381093  396.9138097537153  136.77003448496146
-77.20089984651929  403.17106854735664  138.65073973500847
-78.7506606782706  409.7779859251371  141.19251642363963
-80.3125349766234  416.8983139105957  143.70476804757647
-81.92031736156241  424.43515156996045  146.96148680303799
-83.41484962513562  432.41206621334555  150.51507318677804
-85.14027106101392  440.7545232707994  154.6830742745051
-86.75020258782574  449.5481801112297  158.82758359194213
-88.44941670152014  458.71007938449134  163.29123073798
-89.93003416713222  468.2496625687283  167.7703935742804
-91.44146414282847  478.0817639435743  172.36767067068573
-92.88390670754006  488.2540386598529  176.72442535617418
-94.41848553835582  498.7236905834845  180.9725129913828
-95.82995215717207  509.49604189251636  185.03050041631292
-97.16049283912857  520.4891372060196  188.9593266261045
-98.40606642312812  531.683046535681  192.5122232575825
-99.62607295816558  543.0276193596943  195.59315420594461
-100.78803873949377  554.4886169471745  198.27262906216592
-101.90970163963601  565.9797452426358  200.61850419601382
-102.91565032494401  577.5168956614007  202.68968529347643
-103.93121626067094  589.0636779683233  204.44025137689792
-104.79858749036377  600.6363568974036  205.9377967668123
-105.72348180688856  612.1401865896171  207.1336283369208
-106.5236071903129  623.6031577949226  208.02674949626515
-107.32163163414754  635.0391718639584  208.72589515879656
-108.03309804779798  646.5330063892782  209.26400764196154
-108.69023452118884  658.0992099418975  209.63345842509455
-109.13078540004197  669.7158915724593  209.8393786323798
-109.48302584918615  681.4192296953145  209.54524991931223
-109.7137244315453  693.1359386828635  209.2216999721931
-109.96696603122004  705.0579220352266  208.42744057386767
-109.91640077914778  716.9264739909702  207.53076219035592
-109.66926781139266  728.8192569971043  206.2551776610136
-109.26425436281149  740.5418776751849  204.83863253959277
-108.93820667701465  752.3148086726687  202.96674036712787
-108.58450820769832  764.1366549213943  199.61097166649472
-108.1796997297581  775.8096715321653  195.93925305307312
-107.58717834858439  787.1715962248147  192.52861066091276
-106.74161341573337  798.2262136282785  189.41504978590015
-105.7277641723486  809.0289556224152  185.76563819168857
-104.72530860926534  819.5229239911334  181.71590416975866
-103.90337803446121  829.6861451248509  177.1795894826667
-103.20933313504912  839.4730793239366  172.6309015363659
-102.55257073335721  848.9517897113269  167.6839041457975
-101.9062211480602  857.9587367217077  163.23777969078463
-101.23444508252416  866.4821968591194  158.47460237817165
-100.60853695418149  874.4029059676177  153.60221715422333
-100.05891306914653  881.6594010729636  148.5219468631679
-99.6450718734087  888.222441291592  143.99010127901815
-99.30342895341514  894.1158227391252  139.4517821706707
-99.11396705408453  899.1781334913022  135.46093248065645
-98.94058967552957  903.4936880703251  131.63678686846708
-98.90162454694806  906.9131733331635  128.45135683274754
-98.93207810667326  909.5490448656885  125.684610578945
-99.14772219833131  911.2330453124505  123.17103736643587
-99.36514832269583  912.0769106341162  121.13088364090649
-99.65365785627225  912.0302452769679  119.52235753593776
-99.9911913788651  911.1871524277983  118.30168136937158
-100.46783598285472  909.5119373146276  117.8439425614496
-100.9499282173774  907.079298870745  117.75605280926267
-101.37494521975817  903.8409305655318  118.471060989616
-101.71025108189096  899.8751955569587  119.0842731582047
-102.1262264850933  895.1866393419576  120.26427261098806
-102.57208337337183  889.8755377062275  121.72923401619013
-102.96735367218646  883.9485502551776  123.5295904480327
-103.19798529153758  877.5290316782318  125.36189390287896
-103.42564514426002  870.5322693173192  127.41910051703682
-103.72799002705614  863.0294410373643  129.72646018689082
-104.03520828230151  855.0161412492901  132.30515988387867
-104.33636655216773  846.623566692173  134.80057686733974
-104.63703066216539  837.8143937467974  137.60431516975314
-105.15009508349385  828.573189005368  140.7533965781124
-105.76815882589808  818.9219164663741  144.35632233574685
-106.40205242575331  808.9905758950003  147.79326635435388
-106.90067419368478  798.8012302257141  150.89705216316327
-107.4981501488744  788.3757131674067  153.7295828251412
-108.35445883471304  777.676765594983  156.8084950320647
-109.29528617861546  766.7434501686846  160.09640358880876
-110.15094209770511  755.6458793814736  163.16477874544148
-110.72054205669909  744.3906298172828  165.8515765443274
-111.29133241457589  733.1212297662289  168.22502959197294
-111.73031769778856  721.7941693410816  170.5014023128269
-112.190562555673  710.5073448093439  172.6614269729222
-112.5381833528052  699.1925191394264  174.56819614593635
-112.69476913469272  687.9474116091704  176.00045957099823
-112.60396126944192  676.8561718331565  176.9466011993321
-112.34225862630018  665.9028895915224  177.50367890025197
-111.80964436736414  655.1578546228275  177.5396240986801
-111.24948584382554  644.5685058495128  177.24114998939984
-110.28457615520307  634.2425791882737  176.50706796983278
-109.26339953276685  624.1256876356615  175.68582776968714
-108.18409994068247  614.1808271109746  174.5987273409815
-107.34104385498027  604.2985818009063  173.5351233960727
-106.52376572843227  594.5494476981662  171.75500080824673
-105.48478896400812  584.8653654292477  170.08855216060263
-104.04542356510873  575.3596512093695  168.07292143444886
-102.53661188165148  566.652409156083  166.51352314254405
-100.95693849927261  557.5620694117216  164.61392511773937
-94.20391237355916  549.2444428630735  154.09814733294772
-81.44324329170001  540.4788547586868  142.4095741485353
-67.11877709516149  532.6158034248668  129.31741702202692
-56.5070193114181  524.4788099518039  123.73915209547415
-55.71002743701392  516.346672551269  111.29486315209043
-60.79641604173158  507.8316104437125  95.20707675013432
-67.77717593150314  499.3047313912924  75.60480730228262
-71.58045203960353  491.013528470368  71.28476025900105
-72.00453353265878  481.7972941010556  75.53807281987282
-73.55355281031386  472.69635461971217  88.49717841042266
-75.71952135697637  463.7135773782676  94.63550681771417
-77.51732699013195  456.4120482450869  99.34661882616166
-78.94747298183556  449.23381285181125  101.78452995414655
-79.71037715430207  442.47447339949167  105.67020225978975
-80.64055094685122  436.10829581179627  107.87391648665435
-81.1591892295434  430.71057596080664  114.91661651962082
-81.73316365892678  425.7789445336241  118.7484609940779
