-55.86816469215087  392.0761440054969  79.78498833775586
-55.20460862149703  395.0848813455555  99.8190512962923
-66.27024906119968  399.1173476692087  126.22081201601043
-77.98152365695536  403.48725078914134  129.8493315741966
-90.89278122357211  413.2332497750998  125.62961075044919
-94.60107028192186  424.4299841980628  117.60365246558803
-99.29877348064323  436.95761422213354  125.14620666906704
-104.91266596303653  447.05925583170574  130.97320168441388
-109.79657245076613  457.7380818520179  133.95908914296436
-113.85438542499247  469.27651073487743  137.2463213390603
-116.72397438767001  481.0380433548496  140.9906564126367
-119.61008380713855  492.973713249448  145.8511869060178
-122.31525697295046  504.92870062786227  149.64787193563663
-124.8773667866897  517.0201562273819  153.16801696703948
-126.98678842243015  529.2320780243024  156.44542544504884
-128.78746379710987  541.5064239354806  159.34035970829743
-130.31028559828985  553.7700715080593  161.789418245255
-131.72781863468376  565.9572787903858  163.8730759126597
-132.9245702486504  578.1321135607013  165.53344390978754
-133.9522425563955  590.3290457273662  166.95023415263105
-134.83141276064117  602.5076791902491  168.11949024107886
-135.5210130998326  614.5587110970953  169.15783405767652
-136.03207903752542  626.4954410457246  169.7090360342292
-136.29918158788064  638.301273827642  169.9499222994254
-136.46016738028442  649.9948688610096  169.88203084813014
-136.26986923327055  661.5169842527151  169.88885293506752
-136.0452487923492  672.9009598855233  169.42746327181607
-135.52879075391377  684.1294659840769  168.68742442358354
-135.0787997184623  695.2246441013708  167.59262109725285
-134.29893198478504  706.111402885587  166.53251094698126
-133.3720200603476  716.9045071386591  165.56106283433763
-132.32463016373225  727.5674349994022  164.70365344674644
-131.17675033515513  738.3835818886371  163.14971971861272
-130.01423403281032  749.2630838767071  161.60979663049136
-128.7064770721038  759.9944763486242  159.0482838846462
-127.47182270801864  770.7151230315037  157.4456137831043
-126.06646553897751  781.0805625181093  154.80387366732512
-124.65188871088317  791.7169284579477  152.51748545270993
-123.03065725784919  801.9900842791114  149.4888103882221
-121.67731391097902  812.254321829412  146.40382796731345
-120.44743976583842  822.0568275145106  143.42584203233437
-119.47603877306591  831.5190530748864  140.4483718134881
-118.63006573982696  840.7401393944834  136.96106158175849
-117.95465036844493  849.6291032615505  132.96180172288956
-117.4390676322694  858.1883931343554  128.780504389723
-116.94660278493069  866.1536770474733  124.74507106752421
-116.46471191231723  873.4803207390937  120.57989482192292
-116.00539980472364  880.1573666971196  116.39685244797728
-115.72007843783574  886.1460451099492  112.57766143125463
-115.51249475900958  891.3049753409989  109.03694189480026
-115.37609814985213  895.5607168668294  105.49285508293492
-115.2453250704673  898.9868093442489  102.41323570986125
-115.21623890273605  901.5549079198934  99.73113944585354
-115.43769753998761  903.2186568227398  97.40861319558809
-115.67100805275659  903.8895707868387  95.56052410362975
-116.01948721447496  903.6779077175686  94.22236262973344
-116.38026584755282  902.6716565739112  93.41067882308326
-117.1626759446885  900.771712477619  93.19656877473601
-118.06489307493257  897.9996755473346  93.56910669084633
-119.14922251680068  894.329127887909  94.6504532527536
-120.07882557480619  889.8813975255429  95.71925927139408
-120.96080536984759  884.6279962515395  97.22263335160166
-121.85311906013443  878.5619512112432  99.04510391766645
-122.7418638245652  871.6805810529463  101.73274581053275
-123.70104266826925  864.1598442411477  104.43668445049356
-124.55084268720283  856.0439962853023  107.25479460021104
-125.25161295125241  847.4365711302723  109.96523526631317
-125.79067764892801  838.3016054901141  113.10739425565211
-126.08559372252721  828.7606622749729  116.35082554790033
-126.25765495977247  818.8268349277262  119.67176426507127
-126.35115149621035  808.5535712635484  122.85148174189351
-126.4251713473363  797.9571306358292  126.0746763846038
-126.5121811468468  787.0673505740239  129.14089277439012
-126.56556658408664  775.8552437095126  132.1815825892324
-126.53411944178157  764.34317888883  134.93558221939887
-126.4278450020327  752.532484383968  137.68534946368985
-126.2679348152605  740.5087610240205  140.25501167891437
-126.124500248751  728.3034148225444  142.77767859070318
-125.96244638648905  715.9321478536094  144.90310431774233
-125.70005698678935  703.3750483716216  146.5991995338061
-125.31066667991533  690.6476820569706  147.94454419810697
-124.89821813965067  677.8297817660958  149.15710916490912
-124.74737668019942  664.9704968588552  150.24281010065846
-124.64461779663048  651.9976571133941  151.05741653940288
-124.68095000414817  638.9781332708671  152.03017619211045
-124.66832600631801  625.8728438832729  146.8599098993985
-129.84060685961836  612.1227516115606  138.98086304955993
-140.6661909183643  598.4326103422437  127.62565553514128
-148.6665626981349  584.4827245276673  115.99285308945163
-148.52734831082296  572.1998204544516  104.97666053320772
-138.0550302866573  561.3088688523995  94.63438495084488
-125.11656769669972  548.4464719735404  97.31472189477567
-113.81651655133489  535.4434995187878  110.05417268792763
-104.81169819295621  521.6585169158559  125.28528395702594
-97.9535518798089  510.95929096437936  138.7897548779727
-89.65472682593213  498.7755872781204  146.10109448356837
-81.75060358084149  488.2384083313355  155.62028442515881
-75.3874043163592  479.0045128760599  144.87021149145667
-70.19331391198723  472.7039520457189  131.3686994043978
-65.34590881436611  465.7470064369518  114.5779523978193
-65.55941143118577  458.47998337102325  115.56709024405012
-69.37731469434247  450.3875453826362  117.95757347973534
-75.9349738647801  442.76311251404877  121.5309972990574
-79.78687394895772  435.4641499687973  122.59135561875749
-82.64101652389152  428.95139970918217  123.40832550492745
-85.36603877273845  422.6548863682109  124.18239964331599
-87.98618783301065  416.7582492428594  125.0476926932242
-90.28647484253169  411.33934972538725  125.64751946991032
-92.02090889834437  406.48882937680463  126.12710005376692
-93.44012585881458  402.1381018028055  126.39162451439311
-94.56040827567996  398.2814145645085  126.63755376557631
