-92.50487445512998  347.94132341790873  85.6093247990429
-95.58085711467045  349.31862864461453  86.99768681300102
-96.46979512732088  350.9675970607791  88.57398481676489
-98.11072409843193  352.92382371586524  90.22275524037045
-100.3225973291904  355.2618655218698  92.09845940755946
-97.99830220309296  358.05241729512966  90.26203744709235
-92.28093070283833  361.9726540297823  86.09638787184853
-84.23353841698432  366.48285720292824  80.44272730107946
-79.39109289850472  371.5326772206968  77.4989091350563
-75.61237596726383  376.5573714088008  75.47337415314202
-72.61178996889802  382.17578464466726  74.02685532446482
-69.69717377556115  388.37216806335937  72.90652891069888
-68.1272294565265  395.18200731755655  72.44432241555518
-66.74150598490678  401.3970385818851  74.70280955486466
-65.94170040195704  406.8886462520336  92.2117381698407
-64.37426228441868  411.9114431074378  111.61018067192802
-69.40264842542128  419.229637915284  130.54285121536094
-81.84059063165378  427.05753414677463  132.28489025344368
-96.9477071535447  438.0600125004269  122.55180410817975
-101.79587448712444  448.3949717402446  112.81420023984413
-110.14989793527036  459.75208117627096  103.84915127984456
-128.51245864162684  469.0910484348751  102.72288448083413
-154.7846184186525  478.60257474982404  98.85902763901827
-161.73028964202734  489.19907357520515  95.92507715596511
-163.93889529683767  500.5179499595525  95.26615928693826
-162.21661494492682  512.495284736966  96.14393835532503
-169.7467639695714  525.3466476820529  108.2980473647601
-169.93306370978323  538.3244038379501  121.87997497525083
-169.63047544929958  551.5100574739658  136.8030333922799
-169.20401483927108  564.016830461311  143.21379792181926
-168.81542411410652  576.7850280240308  150.18166275117937
-168.99792151025397  589.7100709349138  157.58417830066116
-168.6935143278393  602.5193613415215  164.2256371676488
-168.3371119050963  615.2193435294678  169.86634744169857
-167.9695927120709  627.7972542864056  174.2135741978759
-167.63283182117087  640.3783322645425  178.35663373238296
-167.31932590955392  653.0206577946064  181.81310323003342
-166.9372052094664  665.724368652068  184.44282759620498
-166.59281156966978  678.4964695658864  186.36438764977447
-166.2338371527415  691.3106228204385  188.25655205078397
-165.82339270782535  704.0243563871927  189.81153178239748
-165.0841840686571  716.7980094025239  190.80015278864929
-163.943967588545  729.6965658535137  191.10313585847626
-162.39765038592984  742.5316405036945  191.20391939126017
-160.85049398796235  755.4946743709204  190.5521439839459
-159.40259484236495  768.0100433147306  188.96877110059114
-157.8163476091824  780.6481916806729  186.47678351536536
-155.5065505517481  792.7399644654415  183.64700423120485
-152.65604967214847  804.8778767919324  179.77454527779597
-149.29869583292577  816.6640563279623  174.1933035136129
-146.17115231354623  828.1714290725924  168.25730907982128
-143.01590699744386  839.0177522923252  162.78703632722502
-140.24128192097655  849.2324473687817  157.8341879287075
-137.4687645921301  858.8265577316992  152.47941401589534
-134.9185777071278  867.9442928491701  146.26448635815777
-132.49115794140306  876.3345224143211  140.91694296372586
-130.3963473948852  884.0660090820371  135.55686219921395
-128.56535119456532  891.0554536807512  131.19218918321255
-126.98555860376393  897.3821294697473  126.51524709002568
-125.63101910521816  902.8611134370032  122.600141661792
-124.48479115497946  907.4993160104824  119.12021669974627
-123.5575678066765  911.3833902100025  116.36776710424881
-123.08289285815043  914.4822128509983  113.69399793612817
-122.97017619109856  916.8082702472791  111.59378935836762
-123.1691308895154  918.1129628444706  109.94294055597284
-123.35452236255254  918.602669020404  108.96617226149546
-123.70413001349917  918.1525381466444  108.24992700358911
-124.13178153935202  916.9955941387245  107.95425838944415
-124.5906638745022  914.9808917996904  108.74218594610865
-125.17258358492766  912.2825194937417  109.60286051957627
-125.88681204685419  908.7921640749006  110.8150273900267
-126.75158325739191  904.7113009567128  111.71808053109311
-127.6493761628785  899.9767463079713  113.24440722203111
-128.55663236581933  894.6792403291271  114.93418270110448
-129.66780842723395  888.7419713953068  116.91907729547896
-130.64555653252225  882.3002778830023  118.7923968924668
-131.66651334323075  875.339792109015  120.79321183027182
-132.47701585396058  867.9966035030529  122.72940949266913
-133.31485706534588  860.1788481524379  125.01086602649889
-134.0556364027867  851.9900116303518  127.3488989421732
-134.75186989973076  843.3760666597325  129.92516164800998
-135.41466782063185  834.4946027568238  132.32738974245285
-136.22553713030698  825.2995540878001  135.0448307314755
-136.97556041485024  815.8586729108933  137.4500958863263
-137.65371458353832  806.1280885057001  139.77678461880475
-138.12791435613227  796.1814981151186  141.76131907838365
-138.59933178818244  786.044614547042  143.69879250718037
-139.03936165912626  775.7536785208192  145.48056910277134
-139.47141878772868  765.2928815749467  146.96673389918328
-139.88767733433846  754.6422201579533  148.2551124007904
-140.0945201781885  743.773824114485  149.3215177485386
-140.03488059344556  732.8461023644059  150.19947726980797
-139.76344794410343  721.7905633415763  150.87131786513646
-139.40133185472558  710.624086444171  151.37720708543208
-138.9858297381002  699.216549552824  151.7413227962132
-138.3016187885704  687.6887907271828  152.00737409564107
-137.37514361486816  676.0873615537699  152.26197238902887
-136.25497649254598  664.4510189524403  152.38427927893144
-135.0738688111013  652.7996509037985  152.43296320565582
-133.79505468064826  641.2077714612519  152.3461045956838
-132.29167279846678  629.7294991998054  152.2155610706176
-130.53613579970383  618.4193252588833  151.85642069248968
-128.72470982280828  607.2462207220225  151.2649211054223
-126.77382523909105  596.2603084432203  150.23944633373367
-125.00778979258978  585.425478135648  148.7720179747434
-128.89601543158247  574.8678914699474  146.87796714712584
-130.89680076072193  563.5532780037153  144.48525415668936
-137.8578501308492  553.4486345968191  141.62861708971434
-144.87061766935432  542.4400863311688  128.00363671275082
-150.5576310981372  532.4743460671623  111.10899988512797
-147.36941626133066  522.3185920586017  82.87914449892605
-138.63576636504916  513.4122671321834  76.89097498040108
-128.37152150309004  504.1375657732418  79.69666242711503
-115.76532429962018  494.5439071702947  100.16552871929012
-100.67576862840342  485.2425347751854  110.01264990760752
-88.52794194468669  476.9256208636883  118.16583225416747
-80.79896390510619  468.1910744643242  123.84292212982267
-72.81443622261331  460.7512253808418  131.12450364850034
-65.05325537505372  454.18922658179173  127.64160267617352
-57.83608375948292  449.21992900822886  111.82807513953395
-51.91614677586785  443.54540328735936  92.34039304352476
-46.476931254765496  437.57721984031826  78.4390108671944
-46.19851079847291  431.3587505123175  75.67394491561586
-44.85754824545536  425.16941615375197  70.1213184646303
-48.30856597925557  419.38622735024705  67.9028835334999
-51.910220881727156  413.44708964299934  66.43452512649566
-59.03130858245957  407.7919254374543  69.31478174624202
-64.09282699842132  402.06338863709624  71.09298022331048
-65.82620202341488  396.74750590269355  69.87700976177229
