-102.97331272391219  400.8135519623453  103.16675826864027
-103.92287132560638  409.7874874603697  112.0538319583971
-105.0255704143549  418.55881688890474  118.39809953868908
-105.32155574877886  427.934175910215  125.958929073809
-104.9662170073868  437.6100770573221  135.05078251212478
-104.86964680387207  447.69472615989457  143.32260266895753
-105.29164629628896  458.15851043458827  150.8289057189972
-105.8204307838352  468.86501330636554  158.1714674390722
-106.43715583002023  479.8964253585482  165.2368321766201
-107.16269334017541  491.1263065395898  172.02477256447148
-108.05705913177398  502.5912102248733  178.08893007101483
-109.19031942276173  514.2323707329956  183.794238496272
-110.47782856357082  526.0867282702966  188.78978634343133
-111.92165078603779  538.0269176407879  193.46397745647621
-113.44199015553997  550.0755166760679  197.49705436645823
-115.14453225746054  562.1607554431276  201.19705396670656
-116.97063639817137  574.3689235954093  204.37255070366805
-118.90789102009757  586.5390802032111  207.17203410459254
-120.84989382716341  598.6838366948256  209.5665756997377
-122.78217920730411  610.7627015765803  211.27217923014538
-124.65765908877462  622.8187871891442  212.5117179631063
-126.42671119268888  634.8438536573963  213.14295096265624
-128.14699929200356  646.7732199151446  213.50939974502978
-129.75310157599182  658.6400123791364  213.46139795008446
-131.3887375445954  670.4295468396751  213.02541323137777
-132.80710546175678  682.1181649975621  212.26280498153181
-134.04724032087955  693.6963372236143  211.14003835883503
-135.0023202119034  705.1770601693914  209.69074053335737
-135.64469095189088  716.5844152011723  207.9326293818983
-136.12248681137825  727.8668905539269  206.02390456087502
-136.40957796972612  739.0072335182083  203.7466934770622
-136.63720203322228  749.9526170832892  201.4008657890035
-136.6831184972651  760.7577395657486  198.66082921777456
-136.51270703293534  771.3577994902931  196.2373215533267
-136.3148577930659  781.8120725264332  193.44639432475523
-136.01005791577685  792.0492827729965  190.75967179524025
-135.7389854090332  802.0754014298451  187.93225033501253
-135.38486083100952  811.7906244731646  185.55051840326365
-134.9819323727276  821.2445725865915  183.0113645514498
-134.58637804020162  830.3931192236289  180.50257242621518
-134.1983368210936  839.2968750607783  177.32480468889767
-133.79518043425819  847.8037115967511  174.58427067560484
-133.40705918741133  855.8446753676143  172.03387321817888
-132.99317304446154  863.4280817294206  169.7821575700433
-132.6729406284283  870.5980578722741  167.2817323223675
-132.14328907695662  877.3972252033548  164.42883480938653
-131.54280029643948  883.6838439711769  161.61960357444764
-130.87548652921217  889.3858105179801  158.855893936803
-130.13335744693728  894.4567649117758  155.93433527663097
-129.37436424724672  898.8023378095702  153.16151998995446
-128.47092719959903  902.4964103017321  150.54914907340284
-127.73379758992934  905.4187959390292  148.41550960640487
-127.05193443911557  907.6521774350109  146.4197897353995
-126.54338667785349  909.0190107996399  144.5045473352241
-126.27568220671802  909.6111290356228  143.0709519675482
-126.28792351415193  909.3569529388793  142.03380627724744
-126.58799805347104  908.3580832685228  141.422610927728
-126.92815186141375  906.5270191847094  141.4569717178934
-127.33090278920102  903.9356744034217  141.72694602820513
-127.69907730311947  900.4968698538945  142.8294358648278
-128.09867544016964  896.3320874561784  143.79137635198774
-128.56471443092187  891.430779270841  145.26754761133026
-129.05110022810322  885.8829537711308  146.88343219678052
-129.62841752393942  879.7441080944335  148.57158725664144
-130.06928499078168  873.1225248058098  150.20541866019596
-130.50788345173945  866.0361816747992  151.922632759617
-130.8343975781857  858.5058184521268  153.83135356057062
-131.12822359659367  850.5172108497875  155.9254293042257
-131.325888392655  842.2313929846196  157.7700464426563
-131.41925287624446  833.5912035958928  159.9496175909082
-131.37968011192729  824.6607134446533  162.13551995724723
-131.08633031945078  815.4114549158851  164.133775856951
-130.7012806621089  805.9112094738548  165.87946989399856
-130.1517827952983  796.2152593018631  167.41045434272016
-129.7095433456287  786.3334800915186  168.91541908022813
-129.06703590430178  776.3171146534719  170.08224301639316
-128.51785537834857  766.1814148045742  171.02417527378637
-127.88671351071078  755.9410097906602  171.73656020089078
-127.39088011678601  745.595859830261  172.21416648925234
-126.95949290697197  735.1226848963108  172.56403550756883
-126.48179316463988  724.5175104969098  172.7810313109864
-125.91515532218214  713.8439849773396  172.54813734781055
-125.29506344016134  703.0369562489352  172.0754269820636
-124.79438936884267  692.0005495562197  171.35403782971022
-124.41114677534976  680.7976732719644  170.12873174726744
-123.96612225889697  669.518509318921  168.9909894022298
-123.84211464567912  658.3667966716724  167.9683654136352
-124.09036831111624  647.1370356334642  161.09707192186326
-130.00052391998557  635.1140205565302  151.00321416433826
-139.02704948887845  623.0434419315691  137.31505645616673
-144.16328420306954  611.1860005140196  126.40947004477917
-148.11402788359112  601.2337119134071  117.11049706259783
-144.9104293820801  591.6868513186238  105.37480429371814
-145.5204519378256  582.4880157792687  91.50772707770001
-141.32518825255562  572.164002682111  74.86611706062024
-139.79269575426525  562.4250602759287  59.782215236176924
-137.2148466512897  552.5764177461674  47.45824633510164
-133.32128899725205  543.6558559752624  36.11148556291462
-129.46332144914854  534.6480315573423  37.15795784656419
-125.87752388806389  524.6010460296014  45.392147130172205
-123.13912834250243  514.5538264480377  62.0593346388662
-121.34823554103207  504.4521972195514  71.45990143920235
-118.57972590224986  496.0563071537244  79.55922176471493
-116.0633220153746  487.86571355103206  85.26742207118997
-113.20107146115286  479.8846363002434  92.3062044742682
-111.72052440778897  472.1169225840736  98.01885320478021
-110.1360141659498  464.70699710107806  102.39853318176947
-108.80893486906453  457.79417208626893  105.88517011834034
-107.00910017741636  451.17180520283705  110.19501514691854
-105.80467360392159  444.5220541593127  113.1460768985721
-104.30696526239268  438.4124563916963  116.84161726020385
-103.3595335020306  432.26667311764913  117.67450717142866
-102.59769913779071  427.0050451197204  118.91751237228449
-102.11657509325649  421.41492924890196  118.59587587668376
