-128.02582142527336  402.5536208198338  136.26293888495357
-129.61929617194656  410.271557745324  135.85679403012398
-130.90205082566584  418.4797068704935  136.085980922613
-125.90929137079179  427.1820898310313  143.4540002896672
-123.04649329121769  437.1150533600642  149.9807227482272
-121.61383710826814  446.56519107834333  154.31967835944812
-120.6323655842675  456.39526236065706  158.5773170437599
-119.88697626862012  466.5783629375736  163.24282117046442
-119.26567545289566  477.19043244595866  168.03726870144587
-119.53413846315864  488.1135252728246  172.6254510029182
-120.23180660965126  499.23348426191967  176.75635703475456
-121.06669029732416  510.5720334098668  180.86243936916787
-122.02812588645622  522.211042291018  184.41257715984386
-123.13486208868574  534.0460022101986  188.0241791585163
-124.4712204181595  546.0621609307285  191.4772592156501
-125.8134169125346  558.1511403879665  195.04839399224159
-127.05239945039503  570.3587224037223  198.25439236192744
-128.1986918445289  582.6452210279543  201.1235889860224
-129.30916383928798  595.0307308700712  203.70469796429472
-130.38859280811323  607.4953094525554  206.030785315017
-131.20023373185745  620.2012280177837  208.1411473274379
-131.90739677177282  632.9606389715109  210.12447899433744
-132.38877315569505  646.0813660424845  212.03161357338865
-132.87351167896583  659.2801216693008  213.80706164680944
-133.40128183861304  672.6025580192045  215.4366583571238
-133.87661380726928  685.8504890900356  216.93404998738714
-134.28687983232075  699.007034224067  217.4507296948808
-134.32260509770177  712.5014586306365  216.83706603244872
-134.25100528185882  725.9366827041556  215.47446508983126
-133.97822198222045  739.3019653335124  214.23278239520897
-133.64633700017137  752.2603787478008  213.2001503999696
-133.04740239928415  765.0003149550214  212.2927679515424
-132.17523397015455  777.4484625463907  210.20203710862512
-131.24630320421116  789.8189630358602  208.05637255564716
-130.3808641945052  801.5258605773231  205.55580848887416
-129.6507269710408  813.0297599827993  203.50812237558233
-128.7037813423995  823.7377326371743  200.75396606003392
-127.54630746028889  834.2944098474434  197.37905394859536
-125.9800453965557  844.1110782600751  194.03329855359164
-124.40506754559877  853.529617663102  189.68763305333468
-122.81234796448545  862.2306622988244  185.55916924889226
-121.21548683866604  870.4351625883274  181.17835573305598
-119.70457565069937  877.8539663322216  177.64153569218374
-118.24624417450067  884.6672733928187  173.6350796601323
-117.04746089674379  890.7545352844118  169.74992917344989
-115.77896881563692  896.0764187370755  166.06591993846428
-114.61495579703083  900.5519414168568  162.7901487746608
-113.64510347932645  904.2469512704231  159.7678941548614
-112.86932867665482  907.2060431376981  157.1188045876961
-112.2318850987991  909.3113487308082  154.74843145364156
-111.6649685537435  910.4561754116077  152.71116673866553
-111.19971805225684  910.6927574959243  150.80388571369065
-110.83394559978508  910.1439220058076  149.3019903310694
-110.58326137265492  908.7144058477307  148.0738386030954
-110.39598577215492  906.4892261864848  147.1934816050203
-110.2277696063244  903.4250358684443  146.3928566239427
-109.99669598789701  899.664180925549  145.78029785960234
-109.72400541735203  895.1580088542521  145.35494812784128
-109.43161914454791  890.0061197103076  145.05604910243773
-109.14291199103454  884.2193964431298  144.96673603985556
-108.75534651839449  877.9633177252103  145.07785034420993
-108.33401363240326  871.2188029573063  145.18619705924334
-107.86164833796653  864.1712807112758  145.3932263341985
-107.40740245304333  856.7000771934037  145.52570110999312
-106.79502661660526  848.9783843787907  145.77677761093756
-106.0135546948016  840.9043953707485  146.21047530732278
-105.2620719668525  832.5991300764406  146.6265440527119
-104.49019238365867  824.0187334663325  147.12952086439546
-103.83602063937018  815.2101275607146  147.4156901806701
-102.87282141266101  806.1800963566284  147.88803381450472
-101.95256638716799  796.9510228538581  148.44860365245063
-100.89454834871378  787.5069637892468  149.0205153205916
-100.01450677144645  777.8842055033475  149.54682235407657
-99.07441144491992  768.0511020079744  150.0402212902867
-98.18371904561364  758.094948813882  150.58878455398877
-97.37130412473272  747.9638553710384  151.1523346464243
-96.61445084192832  737.7355594356861  151.692456020671
-95.96233946608012  727.387821391491  152.10030110818093
-95.34109780290933  717.012248377509  152.48651532744398
-94.78654084765802  706.5832041737008  152.63754989458863
-94.25938176041356  696.1898985936782  152.8443107184136
-93.56829171487368  685.7956289965081  152.82945030553725
-92.91306769899184  675.5203251916109  152.93745463020804
-92.1858628531058  665.260613166626  152.87680508999267
-97.47255004688036  655.0851212652656  152.8138856071863
-109.30391569678315  644.2444484017111  140.9506087196985
-122.88835856382934  633.4220796277152  127.64280923157786
-132.41211060744882  622.5824234566161  112.73762447233294
-137.36310222100593  612.4600107397417  108.26030701509855
-142.57549839199345  602.5062854363812  102.63101841198679
-147.46987193513257  592.6450309577707  95.70604601258682
-146.30602240242624  583.4801537772782  79.81200711169787
-138.41627350725088  574.4142880459735  64.32014775296287
-129.27699480722615  565.7963586196431  49.48041353804161
-122.64215891175365  555.0574771046308  60.25127135340949
-120.38949939859869  544.3075260631621  71.63870434608734
-117.29702051903195  533.539387951336  88.74562395027489
-114.98473256485768  524.4361484730931  89.41906683634703
-107.78398746268353  515.4081185264831  101.36436898739505
-95.23991929461569  506.1234760148382  112.94753205137673
-81.81169846747343  498.0720946286141  127.14964510737263
-71.85058941358278  489.8209969492956  134.5042979369083
-65.49150583790164  482.8810886990405  133.03581530242496
-58.22312012203213  476.12636872728393  123.69548986068472
-50.587308641950706  470.5017437523841  110.68812596984593
-44.00011831036758  464.6957490945773  111.06543895965459
-38.703145853229344  458.6525934028227  112.96587403493982
-34.09991177068517  453.02495545951354  120.81948721906875
-29.75989794978312  447.7381388045726  115.80271191958671
-25.82966969075199  442.69056006423375  110.49800058319947
-22.469142793102147  437.83182460321495  99.58269180049368
-19.29482744594397  433.1681965417947  92.39054725716106
-16.293491835033297  428.7601719341662  89.28147115993872
-13.617162509326816  424.57557399349776  84.94298871504745
-11.294006574269776  420.58932839211343  80.70616056448004
