-102.38326509588963  419.48889761198245  118.50874166202786
-103.80118259201663  424.4100854474503  121.40740417906876
-105.50664278337281  429.69920313160344  124.33236287458277
-107.39199475834042  435.3041528670275  127.2931040562778
-109.65486059868715  441.2638306171981  129.95252770349146
-111.93310697853832  447.5945462094078  132.44773380943107
-114.61276596386942  454.2702272840859  135.07375157785648
-117.22598888535101  461.2749450136654  137.68965062770496
-119.99316214809829  468.66075024892314  140.16936284684522
-122.57027057181801  476.36867492166004  142.37298144566614
-124.88974869345938  484.4647429597178  144.145381288438
-126.9281639078245  493.00089255350656  146.23256722331382
-128.6945192758189  501.7749757121841  147.87935042899602
-130.49984244962738  510.99330454949893  150.1513097791574
-132.54315248731854  520.2296988370709  151.9283984581964
-134.53989710175605  529.9772643264973  153.7940755847627
-136.51645940279317  539.8741669973447  153.8298111218033
-138.37420821466424  550.6057888028245  154.3644134841145
-140.32553183201992  561.1555404391545  151.64033620975428
-142.237149254819  572.6758324253615  152.21857631045393
-144.16782385075655  582.9988866238978  151.33373319042357
-146.1257584443816  594.4358144110729  153.48850396534996
-148.23452707458017  605.2311703377889  152.59709548290266
-150.35221005706964  617.4129055296594  152.05876506380585
-152.96542358520088  629.1213386659725  151.19073646108967
-155.55460725149862  641.0730894460489  150.9295941251828
-157.78172236409134  653.0200522988177  150.35859243965956
-159.57867082280507  665.3268445347859  151.07334634776413
-160.93096777570818  677.2974038094105  150.5129116302798
-162.3151519827255  689.7049910943795  149.62024316329303
-163.1955013136661  701.9981976479303  146.69326994375643
-164.360067212062  715.2251111731655  146.89617489242212
-165.52681738837086  726.9833435324589  143.94884087218944
-166.2782982090666  739.685830907168  141.9835686877426
-166.67987076323638  751.4259217943877  135.30185319492546
-166.84604686080027  764.5933381318889  132.6213001988795
-166.36627380419202  776.3680556923836  126.88723116826989
-165.30956462820828  788.873311257286  123.89922242150087
-163.88677428318795  800.5134322228893  118.30992003703979
-163.02310129245313  812.6342573873544  116.23869335413944
-162.1369651086052  823.6557743364754  109.54847088575994
-161.09143488958082  835.2390663620486  106.28335128997938
-159.90209752525442  845.5438926957567  98.49312121437274
-158.7740916373852  856.2842153755654  96.64761889307157
-157.42528380665985  865.36883826965  90.40066691487047
-156.0947878709357  874.904073379937  87.6863269423593
-154.319055716227  883.2178732603697  81.93894761563296
-152.7787370695578  891.6125866226598  79.64924998943901
-151.2264182625957  898.8268108635227  77.25995100287199
-150.13297034074702  905.6357227995175  75.83659103737187
-149.0707374075079  911.7070083657508  73.97930768807197
-148.04133234957942  917.1633627389776  71.84622866147978
-147.21881630374847  921.7648739238035  70.33426185730747
-146.61172120802232  925.5279098364466  68.58667249833947
-146.17975282620066  928.572697208062  67.54433938904711
-145.98332376188233  930.76171900913  66.23346840989362
-146.04797455617916  932.0836078395525  65.77765180106488
-146.37499608200412  932.3816259771243  64.65804990648479
-146.74974730428607  931.9880324837893  64.61345126911785
-147.06373369131904  930.5736353147072  64.40325966870809
-147.38343129945883  928.453065078038  64.91318228766167
-147.7147978666559  925.3002083366515  65.15425250188068
-148.1141901554655  921.4681833987888  65.64970582923162
-148.4450300396482  916.6998405764969  65.67211244457499
-149.30257506906844  911.4278665880853  66.70444809150713
-149.9744466475371  905.1993829972575  67.22282183185702
-151.1727455191719  898.55596023716  70.00228880613145
-152.0274887022989  890.7841917247235  71.61787835978778
-153.27304086440307  882.7607677654655  75.3176591839198
-154.26842588937245  873.6927336640864  77.38829503024414
-155.20638345284794  864.5684545485865  81.9127827745394
-155.6803430535118  854.3538134925027  84.38159433085126
-156.16719524530427  844.2902451494206  88.20234111567953
-156.48158356317992  833.3375893275075  91.17407819258786
-157.14537640052703  822.4712920227629  95.2005453098823
-157.50806083942138  810.8873368175974  99.62011021544254
-157.76908926274305  799.354659601224  103.17051239555543
-157.31283503889694  787.6246653648141  106.11738715364345
-157.01704126309605  776.0478928917381  109.08702603338895
-156.28688566308554  764.047718337267  111.65741232598907
-155.51564057090536  752.2485341265799  115.50186148425243
-154.3664524123409  740.0250212902029  118.85555601785367
-153.6439774935406  727.9779040013253  123.47551990814097
-152.85093998787104  715.4946463308893  127.76788634620316
-151.5582260784679  703.3051905107831  131.6888601353049
-149.90963800539075  691.2391120324726  134.5788692364694
-148.3524729972014  679.5550217707091  138.28643114299652
-147.14536807030896  667.5227343307723  142.01000818988936
-145.443680642405  655.7898256219534  145.69884492823292
-143.42098572422177  644.1931105333363  148.07015135254915
-141.16598442994098  633.1583130361555  150.06868105548594
-139.09486023300977  622.1982006616158  152.160167454738
-137.26362738748583  611.2643855229792  154.3475225796432
-135.31718855213293  600.5310794220051  156.30984842133117
-133.4254432908489  590.0124861470115  157.97046948296844
-131.5574292366773  579.7545705987209  159.25643049927083
-129.87319108751933  569.6829277940415  160.42867730474396
-128.18951619433304  559.7864436855948  161.4808632234947
-126.58601854518892  550.0838884559217  162.38599705397615
-124.88273854432093  540.5841020851612  162.90788875805674
-123.29959670100493  531.30094157743  163.1896521049428
-121.6023701340459  522.2374504497686  163.18515730565179
-120.09162126486171  513.3830907817345  163.12310605576528
-118.5681018986778  504.77650916875206  162.8707976597991
-117.29112669286391  496.4165492578558  162.412056485527
-116.1175264614318  488.3054926544426  161.58984620146074
-115.15790018148515  480.4502615390692  160.43835046352547
