-150.64589326840374  402.41065136430205  154.76246081775082
-154.7870015930906  407.6318197038189  146.12145423891732
-158.90265616851158  413.7432387814474  131.04622766293684
-163.34430575427166  421.1096007081568  122.11245318791175
-167.89000258568848  426.66261567103703  114.85999184949962
-172.17082242124576  433.11774077859536  110.22441307900205
-175.79390856535102  440.30381445538194  105.12660818197095
-173.39847443688356  448.1377887993273  106.1951573350089
-164.68624922043006  457.0290825515623  114.3668816533929
-154.3229415286999  466.214817781988  125.44108982876554
-147.47932108407628  475.8604180458569  133.51168750976754
-144.62845841693007  485.20107770426455  137.77017681361323
-141.13269652337746  494.88997311037485  142.7187091425685
-137.66640834668922  504.8406711492558  148.17913686851347
-134.9631244874716  514.9679572239675  153.33563752040354
-132.90574235731808  525.2922871542149  157.87152473185827
-131.30028501647328  535.7951957927597  161.6811275096196
-129.76390084141622  546.5213230538216  165.24802259662042
-128.73023263117105  557.4299042967524  168.4132192783769
-128.06992941673127  568.5058084401895  171.27067645460983
-127.77123878288873  579.7006648422172  173.79841007138563
-127.46285333608506  591.0350870532175  175.97403448882653
-127.34937187603653  602.4837359607747  177.9055116112274
-127.38029575536407  614.0340875741439  179.5058914880533
-127.4742780208882  625.653110483818  180.77432051426283
-127.54451284640781  637.2829857392713  181.66326102171948
-127.66569397934771  648.862938351403  182.4226811405112
-127.86975312225553  660.3732447636764  183.08040447197178
-128.0078262467829  671.8406333640391  183.6420129545648
-127.96002568321026  683.146739087776  183.98896813787874
-127.79069195350051  694.3322426632708  183.41746534083074
-127.4205438731371  705.2863997787707  182.31658650571967
-126.8440963598608  716.1414074571917  180.7589084263707
-125.88567176456145  726.8268777938811  179.20478517067056
-124.82746995428377  737.4093958476113  176.9492416976838
-123.60922673816793  747.8055404425907  174.39059214265944
-122.30448483625138  758.0315526650058  171.46953049288803
-120.88223495664067  768.0850842757851  168.49875974128403
-119.39675228123816  778.0360813781092  165.2421649056482
-118.08242297082273  787.9315443261378  161.76777862252044
-116.8986320978901  797.7417878859535  158.45226448812502
-115.87500026785538  807.5002438163739  154.8747797813082
-115.02877907180587  817.1374552102949  151.50638594236074
-114.39683333620152  826.7231390771086  147.90180046749532
-114.01926346807197  836.2415087894835  144.4356486627262
-113.8188022802281  845.6613668474017  140.83165491775193
-113.79685230302036  854.9175017175828  137.3143324714553
-114.04147505741598  863.9999339552339  133.47866405772368
-114.29410455561724  872.8536562983513  129.75582632214406
-114.5333759580442  881.3929959510068  126.39680830397515
-114.73886001929074  889.5219568461971  123.30396075913127
-114.96470223667356  897.1825555960465  120.29224273930367
-115.22549160338023  904.3446623308545  117.07218564778472
-115.31461585912575  910.921390877807  114.36332372154236
-115.51204586581431  916.9455202002391  111.88562577146713
-115.7176001511606  922.265398231393  109.65769945490364
-116.0185267301443  926.7789159045426  107.21586016687517
-116.32374869807815  930.4897484431044  104.90421897032162
-116.61245841304039  933.3592967071357  102.84836551063876
-117.01064373227972  935.4088224358019  101.2009717342758
-117.33783346558789  936.4234977152472  99.93879754212688
-117.68214512989131  936.480810150729  98.68731745927978
-118.17592367985968  935.6163219315023  97.43573212083035
-118.83978180258238  933.851631117552  96.44817432714393
-119.66574972627512  931.126372918854  96.03385802295709
-120.35519797552453  927.4327167292355  96.14890793404226
-120.96718228926662  922.8910566059842  96.37163785803168
-121.56544068418853  917.583237412891  96.90175590787567
-122.12603780972964  911.5797643480646  97.59627875625632
-122.77956793562305  904.8660810018787  98.74160980989538
-123.47311646179153  897.5692945122566  99.95686753326265
-124.36513627257492  889.6866542351344  101.86856623316521
-125.23619364548846  881.3782039387781  103.7389885300569
-126.08536151565096  872.668299754514  105.98517510782956
-127.0169732288911  863.6498666803202  108.04439465177622
-127.94921014054961  854.3072398901254  110.43516525701132
-128.9230931003944  844.6719580623588  112.8174912224799
-129.5906458288718  834.797321040762  115.18569559614423
-130.2015926642947  824.7091981785102  117.51143397940514
-130.6825129641252  814.3646479815094  120.13641133835209
-131.15649855602948  803.785283144158  122.59072092417408
-131.52307179546443  792.9109885509122  125.08782163256942
-131.7682383510982  781.8491298619815  126.98601043383061
-131.9151136663765  770.5802809646339  129.0847572885414
-131.8939162916367  759.2192288128994  130.92407645218344
-131.78357358257566  747.7721389168231  132.81162209141237
-131.51546296089393  736.3324083884063  134.37960223731716
-131.14876310657263  724.9755983680931  135.77037481291063
-130.7122037010069  713.795819431357  137.0033566102956
-130.26768495533577  702.7276492396974  138.1429421505149
-129.6720322882981  691.7833892930471  139.18231536280632
-129.04067087651342  680.883870590075  140.1074695217306
-128.27434936596586  670.1774033652838  140.95681855728228
-127.57350639839  659.5999664899325  141.65311590032871
-126.68061548556287  649.1721723722546  142.24113112408284
-125.63360555184126  638.7743752638241  142.50292740202883
-124.56583095978417  628.4576360101713  142.72248898505666
-123.36993222019302  618.1597191876833  142.7535677070349
-122.23420007697142  607.9273836654831  142.85232012028524
-121.03419178679411  597.7092358124271  142.8240236946548
-119.85369382444802  587.6242187424486  142.7618317894138
-118.55589985852384  577.6023741772766  142.64811966205568
-117.17150722086629  567.7123789481649  142.27755474668055
-115.85874409595047  557.931461418225  141.63505375163626
-114.66543959832283  548.3612086373178  140.47010920555516
-113.59389807476393  538.9834802404291  138.96442364441768
-112.59443985605343  529.8712004276767  137.50722262629318
-111.66898360574461  521.0484162089767  135.73014299682288
-116.1918837788544  512.5695583665782  134.13485152809065
-118.5589228017174  504.38281423512234  132.27528125014746
-119.99767585839172  496.4425024348479  130.9574565057215
-114.9748312063452  488.64525520915026  129.75518811338443
-112.14434481263167  481.03771830683445  128.94006004927087
-115.74486918224255  473.5127435690667  122.75880130582686
