-131.36036921371647  427.87498510304715  104.24824527328676
-126.72201433592045  433.26646877437827  111.65789691451089
-122.88667709626829  439.10596283276175  118.4798830595195
-120.10409681093343  445.3476854951464  124.59862358822951
-117.88350440461777  451.91922076597234  129.9506767159612
-116.11632523268206  458.95740287141325  135.08851444393846
-114.68268848505275  466.394955092459  140.19264809026993
-113.68270275369429  474.2401033822191  144.96006573723983
-112.95879221087253  482.4629709509013  149.57074732195485
-112.55265163586492  491.1005941328706  153.74778653867054
-112.3719012897708  500.1041408037329  157.7618415165092
-112.4375682969069  509.4216330452728  161.43662865058053
-112.56315827338868  519.0105677893746  164.76717497061935
-112.9220802133505  528.887300840269  167.70869237479178
-113.33149996366024  539.05386707644  170.36551925639642
-114.01472475463466  549.4714886943862  172.73620709611217
-114.82620268774262  560.0145946807179  174.84560841856253
-115.86958698659708  570.7208273851485  176.6309293270603
-117.02484682574814  581.5753473346202  178.0247153403654
-118.32739390229784  592.6257781464142  179.16050282043713
-119.69064439462755  603.7289670301609  180.0671748284422
-121.11387684962666  614.8811893221327  180.72540532623347
-122.46198736986217  626.0743511523095  180.96857095531735
-123.8379249177703  637.2869041232047  180.93796240884944
-125.11195467927305  648.5107987217777  180.61513329240995
-126.47376102639495  659.7367762936982  180.21533085140655
-127.69592435536589  671.1600899516404  179.9591928542771
-128.8223452935833  682.5269025303288  179.0271606702825
-129.71956940904843  694.1678089525813  178.29373469715313
-130.34129965795822  705.5754220562533  176.63478576444112
-130.86053449904387  717.3749999730626  175.01812044844505
-130.96574579249994  729.1509029329833  172.22229383557485
-131.27679577682923  741.2180045556511  170.33695067698707
-131.0501876145787  752.9346798088163  167.92151755282515
-131.07332327894187  764.8216761658459  166.30015134728416
-130.46123230090075  776.4552079295449  162.9892625138895
-130.21413568580084  788.4078839241051  160.0126467564451
-129.45717062729744  799.8638565479954  156.34239993405387
-128.96310808602297  811.2754130470386  152.85701312243725
-128.028626571162  822.1232172018163  149.3617029592637
-127.39265182079376  832.6806348313125  146.0881975357612
-126.49947667983251  842.5915131940335  143.46884066349511
-125.89620676361253  852.1805418527746  140.7329936518764
-125.01129938541496  861.214077515872  137.6205722416042
-124.26362297522047  870.1493855744761  133.97339213150008
-123.46189048941854  878.5606816210586  130.21922327802963
-122.88404880224849  886.751662469777  125.73207124581319
-122.35095705717642  894.4371061292449  121.39600944360295
-121.89114358868486  901.7910516638035  116.40113366756877
-121.50569911409359  908.600773432295  112.21409909581433
-121.21974238145272  914.8713719145226  108.16481709135363
-120.960430117957  920.5575582012053  104.49088669301912
-120.75549465742057  925.600357667634  100.95152012391985
-120.6061393574511  929.8906141099326  97.39737845895947
-120.44096757854687  933.4454094156988  94.54531193288331
-120.38813926160353  936.2787264136241  91.92139322501693
-120.4492613716224  938.4040082260117  89.55264861672482
-120.74950902833056  939.7519519791126  87.83111235718805
-121.11357519969431  940.2112762680473  86.17636132384658
-121.54248967997471  939.9339715378118  85.34014999445746
-121.84508306765318  938.7204293030758  84.14504172090422
-122.0746007309094  936.8098546642574  83.70770382976514
-122.20766440082026  933.9501229690381  82.73415569233266
-122.27365944738149  930.4428693427789  82.8695979021945
-122.30590466584238  926.0025559771202  82.96410605847237
-122.25683653907583  920.9484915320339  83.52549166803674
-122.25507197300368  915.0826868106536  84.38007777470955
-122.29682900326546  908.6534158289531  86.20615551196822
-122.2614342660711  901.5451649364426  88.26946398942266
-122.10403236840732  894.0604143856505  90.17284387532618
-121.81815645622792  886.1164966867168  91.25276885243292
-121.53171550837193  877.943697331052  93.07554225048243
-121.23872595029296  869.2412861461019  94.67238718495405
-120.62690181867139  860.3858324357456  96.46356789407729
-119.92183151274642  850.9819283731583  98.84308175715911
-119.12711015578881  841.5330176215969  101.84359380488823
-118.51651186823393  831.8347577384568  105.64566067394514
-117.91985141321669  822.1266402893823  108.80479360187799
-117.28503834608215  812.1821345572923  111.92603971649348
-116.5523729120085  802.0271348224859  114.8601111942955
-115.75455683691627  791.7125981286517  117.85226487393754
-114.8574876720572  781.2394581920337  120.6675000075687
-113.9296446475351  770.5914457487308  123.67396992427166
-112.8943525518249  759.8605339311493  126.53241446457088
-111.81519932754274  749.0332963528813  129.64274755808054
-110.65343637948453  738.1905165441809  132.37973835355368
-109.40024132230556  727.266193846122  135.27225628850567
-108.13108802858662  716.338410802883  137.7632120736228
-106.72602957621804  705.3856564346521  140.1134848422917
-105.35437920426718  694.5022717475899  142.09012738950682
-103.95709343885774  683.6627686719285  143.68536611843507
-102.5310669462794  672.9621501878969  144.9697683390453
-101.21108264927612  662.3503322306187  145.88503859536272
-99.8726303518623  651.9593474090857  146.42572441058022
-98.62203557381784  641.77395878089  146.62219435661626
-97.23160124501167  631.8807821600525  146.41048647750495
-95.93528797078092  622.2013713460681  146.23857652238866
-94.78649259884361  612.7551239908396  145.8027825453066
-93.80876521753954  603.485372960867  145.30416803904959
-92.97960532574919  594.4054136548397  144.53221099260824
-92.31378891974062  585.4723455140834  143.79401932210726
-91.77494162908172  576.7190159333372  142.93958092768256
-91.25810146136934  568.1127465067459  142.17329397834428
-90.74757956918505  559.7167243212341  141.488531032474
-90.21368636314074  551.4731182412801  140.98832140665206
-89.71346136781469  543.4206938145851  140.59656270840753
-89.22061617382394  535.4485498521478  140.32596938169502
-88.95034111691673  527.5720915919992  140.2062179384466
-88.90973144886014  519.3700972276557  135.11034943345942
-88.89555780881952  510.82124384095846  140.91069473358257
-94.07362417702939  502.4227157909183  138.53709027444887
-102.36942380943121  494.5366935379599  136.73663922020404
-107.67312540450713  487.70559274868634  126.13740695001769
-104.21439362795593  481.4935491432723  126.02981170146406
-97.59272249409288  475.6880681327243  130.36204360996464
-94.29446931412707  470.1720399191951  131.7771967820124
