-47.17528690743962  355.60788878979304  108.10080799356349
-55.21757506506918  358.01515258993993  116.76956703398275
-64.91837596109103  362.19892792375333  128.0489375842713
-76.40111832184019  365.7506205673565  137.02548667306573
-86.00323261211608  369.77990875024557  149.02346061183172
-103.64138110844452  373.657102952636  164.27641498708937
-124.02724038357013  378.6892359729914  180.8700627362801
-139.60907167338274  384.8716995208728  186.15648626156724
-149.47713644991921  395.53767097051275  182.74078812747925
-153.14321512217907  407.9998647709073  180.585035574906
-153.12605926406195  421.87282177349005  188.75054588279022
-148.06268122101415  433.3323741260968  201.39935146350285
-145.67990429444464  445.70574139523495  209.90587466378068
-143.9474889189524  458.38834662953025  215.59674071405735
-143.61360672758153  471.63413108690736  220.91066228737964
-143.09014755325683  484.95266437640737  226.89622062643886
-142.5048023394062  498.382794701772  231.91620496939493
-142.5616312292052  511.97247227373146  235.82165165763143
-142.4752308460503  525.8471386335436  239.01059253186278
-142.6160935869375  539.9108751340452  241.43051775908847
-142.54535256935702  554.1472931399375  243.35707344305206
-142.64010225886952  568.4696592353787  244.30095879512874
-142.54868490505245  582.8035048020796  244.87672177334545
-142.63359481765835  597.292658868123  244.7255792878097
-142.38338691567185  611.8311613974454  244.43296763230305
-142.2541718825449  626.5339096803705  243.55721386645487
-142.08027171856838  641.1910242479246  242.55506516938024
-142.01764411196825  655.8275823744929  241.22386221616168
-141.7964655558015  670.5096920710446  239.04519352151368
-141.33076814806935  685.2197962214098  236.3249153007267
-140.71910517711905  699.9769755744053  232.80020125927965
-140.05553683894084  714.5750338111595  229.58486468338276
-139.37040747898737  729.2135850065639  225.41708587263307
-138.71747414986476  743.6956103355728  221.148515079692
-138.04436772412268  758.0175376186388  216.09585902446426
-137.48663204612936  771.8830927932925  211.72974948993146
-136.90904009225562  785.4103574456534  206.88531426876295
-136.39008409266995  798.5004353999652  202.2533779669355
-135.8451492943803  811.1859666991403  197.11206697872325
-135.40668524994473  823.3616487445863  192.12732096610222
-135.03287947192248  835.0565501353296  186.99425745880694
-134.71739290014662  846.2805323030843  181.92765095491637
-134.482349501133  857.0453291602632  176.69244804068552
-134.4054545521909  867.2648533803005  171.56369429990428
-134.50972395941722  876.8850142154454  166.1123264650519
-134.66601879810128  885.8063098993028  161.1209334024206
-134.72971996387363  894.0325673697995  155.9973853953723
-134.6522783468395  901.4515467531389  151.31431720042931
-134.58501320255283  907.8400677022483  146.5728220953973
-134.54218553384806  913.0895601174919  142.47134306983392
-134.49971260565192  917.3269658552476  138.51529514543168
-134.43097433159573  920.4623290997408  135.12018786330808
-134.323126127561  922.4587586909836  132.07768192180004
-134.1421177251512  923.0760851832141  129.71942813697137
-133.93012079047597  922.5340998683348  127.70324014216814
-133.66872144755447  920.8199673371901  126.01346477620991
-133.4263375527923  918.0423800224328  124.69719785505721
-133.05042420544189  914.1855988877694  123.76757847902584
-132.587912715177  909.4051914123678  123.13863804867907
-131.7689158389302  903.8230421910118  122.74803053764253
-130.96725646998698  897.6592849813466  122.54622121207683
-129.87093709779106  890.9344121868661  122.5648126415602
-128.9654295409159  883.7692662074202  122.79906573987306
-127.85441020785015  876.1451121223765  123.19730602247895
-126.78546739443429  868.2827897111276  123.69364264420393
-125.6770813388723  860.1507456511421  124.6790991575241
-124.58300569748296  851.8823532348665  126.05955202570502
-123.48706302244446  843.4575083658666  127.98655444872313
-122.29393845763552  834.9769386356725  130.0731530373294
-121.17330948885869  826.4245169498345  132.20627391418572
-119.73428225066174  817.8312078546728  134.24974157293343
-118.29545986463542  809.151578130114  136.0014774998596
-116.36544913552947  800.45498124202  137.6501306841289
-114.7174948996651  791.6410778515392  139.00426271355462
-112.41935445491879  782.8305952535226  140.2345864230828
-110.2024917006763  773.9191050414836  141.20827142419492
-107.64863500692815  764.9874921898348  142.07842624935262
-105.35988739971472  755.9718314473  142.7905917180392
-103.09409093273788  746.97582522296  143.44404090977804
-100.91660143687199  738.0060061443876  144.03351459055594
-98.81876430961613  729.0666450057457  144.5867518614901
-96.7549968857336  720.1161500012785  145.123601291152
-94.82163612058429  711.168094727709  145.62594317137692
-93.09811446069298  702.2029651377601  146.28418835304413
-91.55131615168737  693.2224451271102  147.0481686584524
-90.2254021785393  684.1253249999504  147.87270104193945
-89.0619963184047  674.9422974992259  148.5746484394956
-88.09452062248857  665.5906784364694  149.50636933303858
-87.22463499772661  656.1397514000644  150.4988569782463
-86.45446040860581  646.5527121828525  151.72166055639656
-85.78192944072062  636.9300205648203  152.89294579363954
-85.20428684849328  627.2555575104291  154.58058513760207
-84.71201641475436  617.6190650118294  156.21149972486538
-84.24499426378758  608.0278133337494  157.6780603988437
-83.79477979704521  598.5643085754601  158.73314613891839
-83.24583559560014  589.212670624536  159.71185074298364
-82.66142573996008  580.0563268820006  160.68705268977664
-82.09973372639341  571.0952605534469  161.40994929786098
-81.65905676534831  562.4048974961493  161.95933520151667
-81.2556462030434  553.972858016449  162.35177009872578
-80.81528825379317  545.8440516965727  162.5048171171392
-80.4654377735673  537.9849493305773  162.3151405506274
-80.1025854340182  530.4388896366494  161.80960215823376
-79.77424491309631  523.1392932720497  161.18386876578032
-79.3489167440648  516.1427802440372  160.6548979613133
-79.10266846794246  509.3527330224857  160.18513956913677
-78.88880194783613  502.91369318822484  158.99017487563646
-84.36981201649473  496.6559361704308  157.68345291626258
-96.1322439018043  490.0384919871536  150.71828794851618
-109.44019818164281  483.4175293265415  138.22414272135816
-118.91166806446505  477.07807296185456  124.22876556636376
-123.96657613903038  471.51380295427566  114.10929975351715
-129.68438916292965  466.351666675032  108.35425192575222
-135.44312380623404  461.3614704881071  101.95653030193843
-140.44908941928776  456.78530530072635  95.48083272111622
-144.41499957399336  452.5618397974995  89.69516778358599
