-93.63363087515405  321.89848380427577  49.19031042133552
-95.22382069972947  326.01673944096405  53.42558205241813
-97.19321537417298  330.65197684616464  57.82820316159733
-99.14938596521864  335.82258713722604  62.13446414726704
-101.33607716887069  341.4952403307431  66.62727018732518
-98.64010701039322  347.69297844492166  67.18287224624291
-93.26838333979812  355.0558402750024  65.52776878685633
-86.0021010760567  363.1157903792573  62.6282407224111
-82.79019605441717  370.46870457089386  62.44541791751283
-81.02794069837948  376.2321067501023  70.95003988879354
-79.52190785831809  382.80501505252215  79.85113441397708
-86.97894419868368  390.7139446284722  86.80872926306886
-95.99893723573189  400.642645172656  89.24487911165792
-107.01407638069128  409.75423952183087  89.17241592984502
-110.60205392147554  419.548556390698  95.37987425365218
-115.04948619936258  429.21130009577246  99.74249158539232
-120.24655849199311  439.7017982261787  98.28346876863563
-124.97591652865678  452.280592425892  92.69152266273969
-135.2169783152724  464.0207983325465  85.68296759392959
-151.59453230709505  476.142180683886  85.8068316518425
-169.7834683552975  486.6963837205344  84.86941212656748
-183.59574424978933  498.83108167362974  82.58063077233936
-192.13655371951387  511.152717104561  80.95495237436484
-201.09614961837102  523.2132701893947  79.79288882659922
-203.69890540625835  535.2322291715008  79.71749102755793
-201.69171798115377  548.2638852324526  85.71932953545985
-194.00176668438579  561.6971229214423  95.53196362954014
-189.15829636371032  575.4358030774189  107.91109045544025
-185.88713575673486  588.3995388240262  116.62673534057467
-184.33247527403037  601.224997403355  123.1602580923216
-182.8689077575019  614.0447309323368  128.99263275666706
-193.7320589795454  625.3803491448224  121.83936653431797
-206.68024864144036  636.3372649227449  112.63244508491519
-221.77315642615662  646.9362976534106  100.79434991359956
-226.18301525983435  658.0622175070838  98.07748898522769
-230.8527471330598  669.5183075200498  107.75734059684095
-243.30335205500455  678.9429108435139  104.05944410811264
-263.45229118943695  686.8040060558503  86.74861142983698
-285.52721213293654  693.5097049474886  54.19507416045222
-302.000870346284  700.2989464842483  32.234084160058806
-305.54289910709025  707.1163126063939  28.901432181912707
-300.97837497884404  718.469644492187  31.794093880046667
-283.398073469324  730.925776823271  46.23164760153842
-266.14160594180987  746.3489106691986  58.8563046230011
-249.008703917919  757.9424613844124  71.34679093081971
-238.0771662393734  769.4926007469329  77.88533177716482
-227.2994886934088  780.5213367645003  85.61561797657133
-217.70822290772938  791.2912107985394  93.13128880113692
-208.55281096253003  802.4877525454478  100.57014520108673
-200.90316315262007  812.5053452799791  105.80687777334744
-194.7089104007077  822.2583557669249  109.8121948786634
-189.4637390458745  831.337825144424  113.22602917260072
-184.43650440243272  839.8529361919144  116.6022111971044
-179.6982597455206  847.6483018660863  119.39904368410033
-175.37425084339446  854.6286080311661  121.45229208822704
-171.5785193047413  860.6392596250644  123.11082575258698
-168.25320479274546  865.6520194823319  124.59101211182744
-165.1948705111043  869.7424937745702  126.07268747923078
-162.45916877468827  872.8278072224023  126.85294138949658
-160.19292740333424  874.9785360169419  127.70126235267111
-158.26285666082669  875.8203895151638  128.47079988572662
-156.65689367408737  875.7127307514262  129.62256915236907
-155.1871291592551  874.5435571600631  130.44189503243678
-153.41289930277395  872.5293275832497  131.6754872265875
-152.32252327503468  869.4391926283556  132.59095295622387
-151.35789900899724  865.5766997047824  134.93771240666797
-151.05723305251854  860.7076259784847  137.11971928428565
-157.97134922482243  855.3613878818669  133.3468100820252
-162.17564735801838  849.2105229720923  130.81825922884877
-163.3694583649239  842.6868598956978  130.80584666663142
-157.80127337616005  835.2805308041156  137.36141759918237
-155.3923042345554  827.3840659415324  141.42728035762167
-156.64908360106003  819.0212209369131  143.17081424178866
-156.78117727308972  810.441450068794  146.06190226175912
-156.57471007497367  801.3321909558815  151.3101988908729
-155.35035231997986  791.8906073384046  156.3197216689031
-154.59546718795735  782.2811794051908  160.2396259276182
-153.74734193213263  772.5691185881481  162.41598724886774
-153.39734953601666  762.5988432945524  164.7998516872526
-152.97899231888252  752.2382924477722  167.92444614668932
-152.6771582243711  741.5319301342585  170.19985931929136
-152.58154489992003  730.7450204837402  172.57596453340238
-151.93399523891537  719.6833006185589  173.98434273803167
-151.5346028397632  708.7389983723602  175.81653761363026
-150.63668434648153  697.4119552570862  176.96091044915406
-149.9117202249314  686.1820006082503  177.91663578432548
-148.50941703750144  674.7557344174995  178.4667457623766
-147.0604962109491  663.4352111592193  178.7832117509593
-145.66617633245335  652.026087476802  178.9516632950557
-143.9334567690396  640.6188861148571  178.9006215052339
-142.02146957185937  629.2673649720787  178.72477288724386
-140.44496449022535  618.011810517557  178.34081440010866
-139.79880917181583  606.7756200300641  177.43087922982517
-149.86574079192417  594.9321461389198  164.0374615396834
-155.68090759935802  583.0249534716846  149.08899269526185
-156.75513895314785  572.2012118912879  133.04641109401535
-147.86380137580892  562.9255427561891  127.79003586986178
-143.41959473650687  551.5116842860182  129.00478217858094
-143.3565960570932  539.0334048180124  128.04387954717544
-141.52183546523938  526.925318402899  126.19580717311193
-133.94221613597455  518.4534140193009  124.91735610784319
-120.99776828382785  510.29815803530244  122.20622642207167
-107.02107389733024  501.07662869519163  116.53505749109789
-101.11700397993314  491.04275924633833  108.45893053016252
-101.46980553278813  480.6480097998791  106.9975035905359
-104.15459763498173  470.68322122450155  111.91740683021389
-104.04307386923264  460.6461596251516  113.17170563926022
-103.38955571584573  451.3595223238828  112.8793089164088
-103.32434714237893  442.1991215274691  111.78323140707268
-103.54312536580964  433.3365793126105  110.97359829793643
-103.44153925899984  424.84572550170196  109.80241388636149
-102.75173216903335  416.74666353635195  107.85748776837994
-101.81728333150843  409.049614025252  105.6795280345199
-100.89025040846626  401.73883798792315  103.21131392428379
-99.89184994172719  394.8417775454799  100.9958519889352
-98.79895176371687  388.42300232458854  98.70634870031004
-97.5431218268065  382.44707442744954  96.53433692705362
-96.29669440902816  376.9358757888367  94.1447696968878
-94.91580679371813  371.8511085092847  92.04626877968381
-93.63168409187462  367.2414923244549  90.08144126160882
-92.47886336064305  363.0413316718268  88.37711217069301
-91.53057668525882  359.25797284023156  86.73203335449088
-90.63125266756535  355.80061014182934  85.17922065792052
-89.68666632488251  352.6547519359534  83.79875352804962
-88.79503526627805  349.776344864287  82.38114449659534
