-65.46876749963492  334.0901567346924  37.72463854040761
-63.94099331055062  340.07614956494166  39.42673093175489
-63.0924494065166  346.55161287132205  41.30333053929066
-62.37366948748995  353.4732247988877  43.39152461391727
-62.07902952782684  360.80368809230185  45.80251994801601
-61.85366523993987  368.4483540077682  48.755324446673306
-62.01272749654048  376.49775366690267  51.225479809956525
-62.967805644789216  384.9017541796478  53.82003041973173
-64.5631390495733  392.4000905931885  56.85867240478686
-66.26280499483371  398.7264863174761  77.36537312864556
-67.59645080320956  405.02023609562286  100.31481277622426
-68.92668856111828  411.2817026066047  124.6327929424181
-70.8047730691905  420.36658372406754  134.9448867714758
-73.29897962224067  429.34299991712  129.43223228419384
-86.64299488132409  439.7616135826114  127.4228327534947
-101.4589751171354  449.0388669907534  112.56717551128834
-117.87737203137613  461.53499585264467  105.3946426930151
-125.20398309015835  474.97917000839965  88.21721464426159
-126.86993928027933  489.5131057939411  82.26125280707076
-122.09064348753417  503.63519402854376  82.61777508678585
-114.48643887581042  518.4922165842853  86.02088529812498
-110.22808600189481  533.9129352834768  86.94578410058111
-109.31794673258463  548.4577527123308  86.53614312857766
-107.78557275038793  562.9925380503222  88.39884742764255
-116.92036721540148  575.8661670823699  100.83879200521402
-128.0683425720099  588.3977512140982  115.10784649501754
-141.38124284653483  600.5550680428248  129.59208914462914
-145.42892495211484  613.8172721377433  135.35874977513512
-149.5494553545561  626.93263706592  141.0590181059548
-154.45059411757714  639.7874119428695  146.91071694074384
-158.8476174803491  652.3999175504321  151.43081380768507
-162.5888187188915  664.9663008424737  154.7417722217685
-165.1537469529361  677.3553674424297  156.47720260641094
-167.26319220303876  689.5290668555156  157.7926067103204
-169.08021493409908  701.3487205792151  158.0441815358661
-170.35447003616432  712.9124716587582  157.66407461025636
-171.4203578556412  724.1023659222992  156.02079596057777
-172.01349649773493  734.9843740572771  154.0055751779289
-172.33804269083475  745.4748123841332  151.1184617493687
-172.05894025180928  755.7013680752104  147.7287611292497
-171.57900591652307  765.5621115122099  143.9081960784227
-170.84806165156792  775.1139414938912  139.92148501194345
-170.33320150105874  784.3270134403402  135.97057489336416
-169.70092837647422  793.1505558632232  132.26812985779358
-168.97936283717917  801.6322737981095  128.96927087134668
-168.48200066035037  809.7471370134717  125.77043583910881
-167.78554344082877  817.4763027011294  122.74662893419459
-167.4457691332364  824.8823478520343  119.94049692447598
-166.84065907163364  831.799327153496  117.43544511586495
-166.54429240071602  838.3281610647803  114.73256102312386
-166.1295977172519  844.2979344731139  111.91649479209602
-165.94020190991148  849.7929591555693  109.44105278621943
-165.81667524882027  854.7217287123742  107.32693451772255
-165.7339001734245  858.9509138199167  105.53022190437834
-165.63788489122646  862.5149621532191  103.92000494044252
-165.58471874257935  865.3624372892741  102.63754393010736
-165.63150137074524  867.5019376412941  101.64000288485877
-165.75947192834948  868.7768224520098  100.8404928971887
-165.97054526329063  869.2029466694644  100.56347469462196
-166.1033027745239  868.8211507756578  100.60785454340241
-166.3143528224361  867.6862368534626  101.2119037437724
-166.60812583241818  865.7120492989861  102.03089234548052
-166.9116745151273  862.9534382561977  102.97205602805826
-167.1424395259745  859.416865231721  104.32946016941696
-167.17683974630998  855.2292175520032  105.79620960376631
-167.38001733653323  850.4221008990464  107.73326773631179
-167.3603425101704  844.9699714047443  109.91961073537922
-167.18371365738943  838.9981241679642  112.17909303411658
-166.76730995642222  832.5543974069349  114.33185890987386
-166.38737477585315  825.7106639288367  116.17079125243096
-166.03993665454607  818.4142072259409  118.27424270851404
-165.65629344429766  810.7127580168026  120.35236083003932
-165.31441856106358  802.5794938433099  122.75394959187184
-165.07222792402285  794.0601025527282  124.97059416159126
-164.92423204497294  785.0544031959523  127.41342106805592
-164.82300420361287  775.7318331043418  129.67337229500907
-164.89148264724622  766.0491488391419  131.80135849332095
-165.1919144226148  756.1080226919343  133.72427695123113
-166.07813015530868  745.7422262980123  135.25160974615105
-160.72961405921944  735.1179792661727  136.568327944221
-152.05528187350023  725.3654512749504  126.31057255374165
-139.30350308223618  715.6405285462764  113.72474546108323
-130.39588426160992  705.8285385096683  99.1543375820535
-122.74350374148432  694.9528654868851  105.3429589109063
-116.59745965850627  681.0021953854941  124.38903530650072
-111.05435896779213  666.7279224004093  145.85718122678568
-105.89142879207861  651.6864312910916  158.89215418591618
-101.56994347455891  639.4658941341936  163.4885037140203
-103.21587173555254  627.8430823372593  170.29036448051616
-103.22520403168606  617.211246943556  179.77599267671738
-107.77773978927104  606.7929033883137  181.85995484799446
-112.0433531732059  596.2026822618018  175.31428405064554
-120.5454164239718  585.2136636331404  175.40607965873673
-121.07476808171091  575.0451723205089  172.8881824018263
-120.63100634373072  565.7250585684151  184.09685486074005
-115.3859789921113  557.2123600215225  174.6312784306179
-110.16100995496633  548.6133921006735  167.35177090188333
-100.47051970893638  539.6873308305326  146.67213191453806
-92.86631051018196  530.9206267302065  132.92159527463824
-88.75060562624084  522.2605335314188  122.69160079780218
-84.4629455365546  513.8864054017943  114.29640841493496
-80.42286872961  505.64002357432815  106.35580266297458
-81.33397657644048  497.4820650085351  102.034383070611
-85.72411984112848  488.7458442807853  101.6113279963701
-92.6447652731218  480.10973397460765  103.6801968522116
-96.48330798679442  471.5901965300063  103.36827249182528
-99.17198029698065  463.8806954210328  102.40682847018655
-101.67566485227698  456.2330169018709  106.11837380546307
-103.82018931644404  448.7940483885378  107.80739657700707
-105.47901596570225  441.51242390200696  113.1321222120867
-106.1861341772748  434.5597351429318  110.88243072582107
-106.41283870108482  427.62185246954755  114.28129342694555
-106.27866475159786  420.92590960061193  110.92336819497791
-105.85061161401296  414.1253336879545  106.30010127491728
-105.07885565120907  407.5574568503816  97.75407594028107
-104.04365386189744  401.1024609689284  91.14897257036786
-102.90673494747529  394.93590169717805  87.76142067593622
-101.69538085327409  388.91677035063185  83.44487183206004
-100.56016736598362  382.97172794438427  78.85967653669532
-99.24650908497993  377.157139726438  74.15743531941756
-98.03801326420128  371.5653375859451  69.75663949180964
-96.70539706448928  366.2652346630722  65.64244373198986
-95.68008870411602  361.23173878380896  61.21002986399656
-94.82489493547126  356.4806723379561  56.40842961798862
-98.89835944415722  350.5186653871525  41.96271175315027
-105.89220295780439  344.7392435947419  35.66084280736686
-115.00570915387976  339.12773809584144  25.428778159311516
-121.19825565724108  335.1303135249376  22.484838118976725
-126.22465652247547  331.41021036757866  8.925188525849249
-130.89191734389786  327.90377137128155  -1.0193581106681737
