-109.00188688872495  342.4497264962802  78.17882916275819
-109.90532152888389  344.39695435983674  80.56638298170742
-106.09322217737014  346.78008258157524  78.95156213848276
-99.44596111051551  350.25565419282054  75.00265444275871
-89.68073426533307  354.3297666517732  69.65920028645844
-83.83445952760346  358.0289730352858  75.8870030796457
-79.88104920121326  361.1375851026614  92.73704763175662
-77.70533022275443  364.0266764455145  112.50344711926279
-75.38527135342747  368.28887567850694  123.17134969498528
-78.25852613379146  373.0678096142177  123.8952041015136
-87.71289192984875  379.42225248452337  124.80783395339549
-98.97683523012942  385.8898749156781  126.26993375011422
-107.66600748374395  393.5544611423051  127.02240701490892
-113.23635089136764  403.02672172940396  107.38146775186469
-119.86223208361015  413.3505899857661  86.80420801522462
-126.39906595233751  424.38456253220954  64.3626108513135
-133.70046395514856  433.9828387881704  62.53785219949074
-133.67754935827597  443.0478967722319  65.1827288119128
-135.33830799884248  454.82453872597273  69.22982381466329
-135.75593934040182  465.9222783505438  81.15689521157562
-143.15948593500082  478.4449393961411  92.3572322361195
-147.8585937765837  488.3474615041325  108.45080653422025
-151.1107926761381  499.60297684362774  117.00006207606144
-153.65075809087085  511.1380243525523  125.58671873408001
-156.24491997737442  522.7981975558747  134.2337430990071
-159.20402068199596  534.733337456541  141.95104783493605
-161.55548627537038  546.682674714091  149.46364853478812
-163.4685447127187  559.1137263653359  155.6626262848591
-165.1435980922913  571.7137200555493  161.1810268109588
-166.6100246549688  584.636844518424  165.61913469556865
-167.97953727091814  597.8000003887427  169.40351114513885
-169.0648941101584  611.2184582552679  172.65259280891422
-170.0549693473194  624.722793697915  175.16007584317992
-171.00723705555075  638.3052396144874  176.99746328797008
-171.92182736541133  651.8784545593546  178.22819159759646
-172.30973354894317  665.4921183144709  178.47882308534994
-172.7282197560596  679.108958055187  177.91712457787634
-173.0792556729789  692.4498955301768  176.3051560489966
-173.82890969427717  705.5723957592096  173.86347232472372
-174.26160044159843  718.3230402772999  170.4643397043179
-174.225549784862  730.8506134920431  167.20494134265806
-174.062028168722  742.9100503892396  163.2340883123216
-181.0361385953048  753.6141181809961  158.4636087791272
-196.38282146059555  763.0094710123485  139.94637349539354
-213.79135230638536  771.563080418991  119.3149331979773
-226.27422316448371  780.3360041867022  96.42469337218472
-232.70170733693647  788.9677905235347  84.06318643212556
-240.19655785796323  797.4638955403216  71.90276907835106
-246.8145183907955  804.9956052102373  60.08331225325403
-252.73789206957048  812.5283969849733  49.11585916673658
-256.80602203996864  819.0061740557212  39.06622966283149
-260.0852912744043  825.1391327893485  30.316720199162337
-262.90494770408776  830.2060130725752  29.621502795041938
-265.0014226848533  834.5731527641069  27.576521947128303
-266.89682197161056  839.0040524583408  32.97048606511258
-253.57388445936556  843.1285750175115  38.71901417740958
-238.4867291367902  846.8704454502353  50.060302491731846
-221.2214591820884  849.3875907828461  58.53088212205303
-216.3781795230885  850.83819737163  62.965919600429416
-210.54822725286792  851.4513326350705  68.41175099459205
-203.99082822552506  850.9099926571616  74.104810485777
-198.34456979004503  849.5569573621178  79.83088946182292
-193.52442674670186  847.2107088511033  85.0241509580843
-190.41377425477856  844.1285111096354  89.9368783125882
-187.3611415649898  840.0302753268862  94.39948815160805
-184.74117358838004  835.2282306633631  98.74022342123506
-182.1255895712369  829.5773229141382  102.50104878816731
-179.7500328251359  823.3321436081409  106.24430745396035
-177.69634272556516  816.3634979527703  109.84767826594486
-175.7910662844135  808.7315463081624  113.55736701011443
-174.11537937434144  800.4565176808219  117.77781811742776
-172.76537009758664  791.6466160580043  121.44056495445186
-171.49087828838034  782.3372652009875  124.73165572523742
-170.16488397128586  772.6580179000933  127.55289425914705
-175.39320412700096  762.5109203935087  123.99214657079732
-184.29421135732437  750.8274796541771  117.90716517213266
-197.29829285519725  738.9393249008465  108.63762055397078
-199.07980319989858  727.4721697562017  101.16844319141066
-197.44811131383835  717.7566328256034  86.23779734343232
-191.98300473165745  707.3186096912922  68.97323185396797
-190.7657360572395  697.0089896035151  57.10324101436431
-183.55788064472893  687.0358658471823  56.48222399464325
-169.09773086842034  675.0715459654743  69.20021223722732
-152.66677845198558  662.4862554916334  90.72893636795439
-139.810641719254  648.9319083248872  111.49803524601965
-137.66123809270354  637.9776456540865  137.1944139200261
-141.90514922213654  627.077121410408  148.60672037698384
-147.9525064193125  616.2465033558112  158.4478123466514
-150.72938861317402  605.4191355296033  155.15532794626694
-149.9741348833226  594.4804392843496  155.13916829980602
-139.72331315383116  584.8497681542824  151.80681632215428
-128.45786416147212  575.4018459668068  153.21827106773281
-114.72834615388905  566.2835490363567  148.65067988845144
-109.39966068321111  556.2152047464249  152.50754951086395
-103.25222034821574  546.3572071485277  144.59906417128232
-97.19600242195239  536.6257906315498  139.39923888763872
-91.74812146328004  526.9120184412083  127.14632507453521
-86.78372046975603  517.2055087505084  118.08097414179176
-87.84896280611441  507.54087871477736  115.22443020666243
-87.16275140741483  497.13481296082136  110.2119761227388
-91.11020080543972  487.5964761873582  109.96412227292086
-88.15115773618813  477.27931188183425  103.57739421170612
-91.4441000867079  468.6039985619124  103.076289174165
-93.45408832203  458.48190978833793  101.5439767133679
-99.31468565312102  449.198001172533  103.4107774192842
-103.03375887963507  439.32061219899697  103.68829190264145
-105.05360498680989  430.1915042004518  103.11704253995026
-106.95957880622353  421.26417824027897  102.13670392277766
-108.15151385270596  412.29691320007487  100.43540243725268
