-107.25864811666183  370.0318713684084  106.03763945324384
-103.59797516917163  373.9622654404478  103.79800071987512
-97.1275569373266  379.141290186815  99.43273491971108
-87.46873448164727  383.7375935614958  101.9053461500865
-81.26511033740968  388.38500001320193  111.9074222960142
-76.55749663027711  392.1095994462961  128.27181873924135
-76.02169656947905  396.23990920603217  131.16575874374104
-83.68021974451746  402.8006490517302  131.89488666859927
-93.43520309541633  409.0179939098445  128.2140979809603
-103.48748267213745  417.2666939533881  132.10900438169452
-107.68344421397843  424.24813069591136  123.04048366584207
-113.59218078694107  434.64337210211323  107.9098452308859
-119.79106693912385  445.4668674641234  85.62684336990402
-125.16910752594963  456.8938947656726  72.2942951841296
-128.3468768297663  467.7884823726511  62.50542554155702
-130.8569660994699  479.94861842505895  64.43436043653982
-133.56107321015634  491.7796168912024  71.87013040787704
-136.46095179430824  503.6884349898386  86.25885455500094
-138.6404527918313  514.496318430553  97.41035582813804
-140.49145052037903  526.437446388663  107.0220208461391
-142.05631770045562  538.3010293906644  114.45841025921187
-143.6170375099538  550.2489932613652  120.96441586204587
-145.094313164616  562.2376778076356  127.06051404381697
-146.41265771090445  574.1737581598602  131.92577272991898
-147.4966998882886  586.2539381260235  135.6480442176416
-148.4963702780273  598.2838120931937  138.24012963907938
-149.34382770959877  610.3165224310097  139.95332831156284
-150.1301637892419  622.3387010772154  141.08669611775247
-150.72001339857013  634.2927164859128  141.61316762699443
-151.21992075015334  646.1625362766695  141.48172948912884
-151.62440386569892  657.9074485455002  140.61297139806476
-151.60857681415786  669.6244281020386  139.27514286793792
-151.45516232722778  681.3262413109171  137.4315196874848
-151.124765269476  692.9708838401298  135.32062263370136
-150.94332800333925  704.4394297594068  133.2379120095397
-150.4672039099875  715.798453944749  130.30511607459107
-149.93137829052355  727.0206421196551  126.98849415915686
-149.36304347506925  738.0693938718572  122.98806932055923
-148.98687299354947  748.8473879419747  119.49385777469354
-148.61895395905864  759.3734509547054  115.75792366731757
-148.20533095352357  769.7114661041178  111.8565837495398
-147.74526995896557  779.7644926240389  107.74554258390837
-147.09511016752083  789.4563489370869  103.49684688700232
-146.48536662907728  798.6913683202404  99.1170692078077
-145.89707083351823  807.5401783675236  94.42320663694697
-145.50163669282568  815.999706794126  90.44227488315065
-145.25310803523845  824.0797243803769  86.61956502485201
-145.17565279477256  831.7451658499192  83.37693682996995
-145.23075249817902  838.9356554640233  80.1568244478409
-145.23105354431675  845.6268538569961  77.35589172784506
-145.16702513316653  851.7877882931805  74.78493023920731
-145.21135493820915  857.4121109805621  72.5760987837144
-145.2873795510805  862.4453843055852  70.8746771285722
-145.508391176869  866.9003491125434  69.6101999158975
-145.61609140233026  870.6744420686085  68.59545272440455
-145.75369582208194  873.87564059506  67.79747484897449
-145.87486200194635  876.364997132795  67.1482830501954
-146.0782256192885  878.1090266518241  66.84733708350552
-146.31174887781452  879.0173194451039  66.73869432787218
-146.58757171543272  879.0903157366739  66.84811944186902
-146.9515642545705  878.4311499451821  66.99201615655208
-147.3567509336316  876.9694761139474  67.58980606999927
-147.71124955009225  874.7231234865915  68.65658750997476
-148.07507254144272  871.6230980909373  70.01641512578341
-148.39733487439622  867.7654954216664  71.38749960052232
-148.7008027692667  863.1730178822904  73.02345424535399
-148.8690638336037  857.8865013744289  74.65842744395422
-149.0721879461002  851.9222170319894  76.23555986569859
-149.2876202456012  845.2412287251641  77.93034328516407
-149.476183708621  837.8802450544424  80.14259830508664
-149.6084848128991  829.8515012585394  82.44821339315718
-149.68533506835314  821.2413116805706  84.47535716163259
-149.6734289726968  812.0842254688382  86.4138566263424
-149.6121634760214  802.3864390234444  88.63477209642286
-149.56457981732393  792.2299778107292  91.06101007283021
-149.4291741746618  781.6932944052653  93.33226804379817
-149.14715221988214  770.9433185486059  95.52998112512829
-148.56061092632328  760.0314319071102  97.54391037056524
-147.88974632677656  749.0827202118944  99.58676271359309
-147.123291683121  738.1269303604506  101.62577029073937
-146.37203941634561  727.2405244291657  103.600545317978
-145.56075257155607  716.3681281821533  105.40713935225048
-144.6837913655153  705.4838043863467  107.03480413064077
-143.7224726704143  694.5776384462513  108.4498296006502
-142.66017096336904  683.775740725546  109.67342858653235
-141.52703337340006  673.0620420211828  110.89356212350648
-140.29903886803186  662.541269220185  112.23077422419753
-139.1445609050913  652.0496993499389  113.5359479581909
-137.8292033475383  641.6421362203879  114.61603593663469
-136.56641655717883  631.1939859421551  115.19491422863275
-140.60806444390505  620.8852665942312  115.4186343088953
-150.87038832771816  609.5475071658623  105.2938090820689
-156.81943951017897  598.7032806590719  99.93556631430283
-162.19920058581494  588.3080533227136  89.89597292131681
-158.5795969593495  577.6353929605042  84.56742129440207
-159.11388974399583  567.4360000877979  64.44135117762323
-154.0075019690072  556.4421292744937  44.669613848714235
-151.5872175804183  547.0517320380726  37.08216719454488
-144.06213985482322  535.6601134604477  46.617553804575145
-138.75732832594926  524.2748584776646  57.76525866498245
-128.6177042155242  513.1664666673096  70.08352839880499
-120.59878450884027  503.41346248974855  76.89210833270272
-107.7787448888194  494.2801916416554  91.57518297132629
-97.62820845861954  483.8814240921032  101.77535635748644
-88.63102042471908  474.61246917106007  103.1819184461316
-80.9751571870653  466.0544986327345  96.69832749104087
-74.05321230850794  459.3323776284127  82.57298002600785
-72.3651386584664  452.04293577074566  78.47575068688974
-74.44441494217229  444.19593816188205  77.71728718844457
-79.33846184636637  436.4078024206044  80.37686544856433
