-98.99971345777978  378.92367599327935  84.04409928333446
-90.85467174826326  383.28416192880934  77.95345377042261
-85.32323448623904  387.35086342208933  82.9879901462313
-81.25591617036788  390.53672120271665  98.4940955293564
-77.06046336528979  393.1904063105071  116.61653527402385
-74.38612518474247  397.7688848571752  129.56723300042108
-72.97756877561281  402.7567672151622  122.22269015255691
-81.0324302165315  409.20204287595635  117.4293624190737
-92.86482971406805  415.6940028076897  107.27765631255397
-116.91999340703057  424.0795005083113  106.39764677764117
-136.4305909122482  432.6383997830368  100.09675464918709
-144.9386968781864  441.84832664876956  95.18168499590787
-143.6070861410081  453.4943215779705  94.43822342163924
-140.52747788156768  465.2469314157222  102.98712439461617
-146.3914022775051  477.56355999172627  114.30426915487394
-149.88043569881444  488.0929674271531  125.34362832702803
-151.5527512033852  499.90006338266767  130.66629003675814
-152.23702544716005  512.018455474405  137.31325691686442
-153.09587979792906  524.3356847114593  144.5776998537676
-154.51717788122423  536.9021413734264  150.9508955361615
-155.5655025035641  549.5361765461389  156.17063758382244
-156.5367152291578  562.3059151860122  160.72722874092176
-157.3144435448794  575.1966341614302  164.69363795394221
-158.17410783834433  588.2037314973084  168.12444652107695
-159.05850571839622  601.2734623455394  170.95123360449062
-159.99131638554272  614.2675774670536  173.31616648803174
-160.82960233954003  627.1941900821678  175.0748329135579
-161.59509322833782  640.0732619441874  176.42021718513743
-162.28225693877013  652.867365417032  177.3556220890368
-162.89057057632337  665.4724196569974  178.17360278503182
-163.37611743356425  677.8769768209298  178.46552143259947
-163.88432381456695  690.0822892401643  178.32084455067044
-164.1127658739453  702.0788391349138  177.9304685053095
-164.40999651714625  713.9266987837547  176.97502992033097
-164.43057912069327  725.5007029545949  175.79676839924278
-164.46686081373952  736.8787383667948  174.39117910101913
-164.0851446737614  748.0295835600278  172.6694425595716
-163.79563774991072  759.0280453500106  170.16500606068428
-163.5980851719064  769.7351086268977  167.26129575510612
-163.38548422250142  780.1204223572907  164.375500234453
-162.9034417352274  790.1871372826276  161.54061296385427
-161.87821591291342  799.9823371471069  157.92036594670867
-160.91125309905743  809.4193313454917  153.77142387010082
-159.70101251770075  818.4534420949269  149.76035234627787
-158.49112218592504  827.1117337784306  145.41793192017434
-156.990930681353  835.321735206073  141.52267213088948
-155.6527205496187  843.0970724465037  136.94438452676889
-154.50007862920688  850.3806393589282  132.81225059927644
-153.35956932047554  857.2830278606078  128.61780519042338
-152.1055264208224  863.742201081318  124.80548304594156
-150.80170820018458  869.7683219941789  121.48590693666245
-149.5365528900385  875.2101703426922  118.51120878738409
-148.477231932591  880.1027075797157  116.093505694961
-147.51788047051403  884.270422357314  113.77885658192156
-146.6694781142688  887.8326716694023  111.79793563085883
-145.86660520094964  890.6358054929128  110.0841018914735
-145.21545670104524  892.7531971802546  108.93641841707488
-144.74245905242108  894.0032005349499  108.17254074578621
-144.35504556739983  894.4958496543543  107.73823656463937
-144.13703620451057  894.1922280664844  107.72161165622909
-143.69562034079078  893.1692351161196  108.06516365940037
-144.11094285827093  891.3375263190204  108.89291200539124
-144.82071581542414  888.664417461366  109.80755120393079
-145.91259462954955  885.2464445771682  111.06412251119886
-153.41428662169324  881.1402189425198  106.5476345670188
-158.4850221035286  876.3345990520243  104.8303871496175
-161.1635631051208  870.8070070440123  105.99310383589466
-156.58876290160205  864.6349171346363  112.97428462720757
-154.22722867018678  857.965085843795  117.40499596136716
-154.59443105026642  850.6076285021235  118.63710733013824
-154.12715254133806  842.5738796970738  120.56197517552815
-160.65196056481426  833.748164777705  115.70104949126697
-170.17194048165095  822.9734594944167  108.31068441693851
-184.4218654916571  811.8026147893893  97.34739201565489
-193.93867462559083  800.0201934075885  91.15959264744085
-202.71392171313138  789.0166515207716  85.56605440585366
-203.3394247346056  777.2255604987338  80.22945368464435
-199.65523744332947  766.4966724638624  64.36749589631654
-190.70734081353928  755.7793365850432  48.459106581238785
-185.97430585377455  745.7419518094999  29.637160714436774
-182.08802631979754  734.0421841097389  19.607023129061268
-179.24704189563082  722.6147006833598  7.91497196946221
-175.82122529075897  710.9354432064379  -2.954633682435553
-166.51317589668764  700.4949520492601  -7.517618598529564
-159.8761300945812  690.6219539822871  -4.979851246000608
-148.67513253093202  678.3642917538854  13.50797963394472
-145.73500151044883  665.6795302094038  31.30338288455515
-143.32713164980106  651.9296214001592  46.10526543644176
-144.73614303843135  640.7771811743744  64.76668467005143
-144.1162711030243  629.6766223150137  83.11899912549906
-141.6977362290797  619.1141183566045  102.65825548443651
-141.1947154413482  607.6657591819445  105.02989687199798
-135.82138299521057  597.1644753035121  105.41745144855334
-124.08471103838676  587.9660445414311  112.3170278250673
-110.47310853838118  580.2953774623134  114.51085478194427
-100.3544047178008  572.5092093557257  109.01514423899994
-94.84530387264094  564.2322582306158  94.42006264582037
-88.52163055155253  555.9686581116998  85.64007758629816
-81.76008968359528  547.6355309627232  83.65008697851627
-75.50624979549634  539.2731292653848  80.27081074769737
-70.16041432763573  530.8967732407687  76.32821505591652
-71.16412640386511  522.466856226399  72.71307715803108
-75.32168240776812  513.3767934758719  74.42895309705743
-81.84428648354509  504.2260478963934  79.05361741090235
-85.4823961304138  495.0023750131022  85.00827832432559
-88.33396507071599  486.3830432315669  88.95201458390412
-91.10597111281976  477.7684769804166  91.86572093115257
-93.6043615295641  469.30585457466884  94.67335241841776
-95.58668633385109  461.08037471201845  96.60391983358781
-96.88772252217058  453.16266556397164  97.94156826142348
-97.71452457114017  445.5820268828303  98.21315700356071
-98.2563682586932  438.3375623392382  98.2220660560178
-98.62947665192739  431.5358230090909  98.25859894662594
-98.88197604222282  425.2195815633936  98.53202607515196
