-63.2276100749001  381.38729249783023  63.250959209261744
-59.13000309169721  385.04180762825234  79.72098634416804
-55.49665981617601  388.49650012491384  98.41696157590164
-53.341537432068854  392.5815922841744  109.3940749951537
-51.931909318587856  397.17664696489805  117.16021415281958
-50.561353216678754  402.2722674375086  125.37674375341308
-54.96845067190108  409.4537893049684  134.40549619643198
-63.06327296317658  416.48397451455793  133.756354615465
-74.41921252842664  425.9056338132635  132.17929296416042
-82.15587572797136  433.5545140043996  118.50269452278627
-88.38022593539431  443.9811473843372  103.45723303778209
-94.26425160335876  453.8974198776908  93.37584968270322
-99.39410390729097  465.7490736992811  100.7980108059871
-103.96189277530526  476.7923110973715  114.80805936105239
-108.14413968116507  487.833158257885  122.61896717628889
-111.7797386128143  499.1638262895707  125.65375875797673
-114.9893976974918  510.7420861527248  130.25205572300104
-117.50230220925843  522.5615944371041  136.60740647803826
-119.95595199700435  534.500097029332  142.30712843704467
-122.41319814971675  546.609695270827  146.10044082154369
-124.97579920828571  558.8610123974448  149.44547627720056
-127.22902240771964  571.224698160929  152.59618784210352
-129.07909799649812  583.7978121619547  155.46609904449133
-130.69447621990307  596.651576877561  158.02754608404797
-132.1335617477654  609.8306493585895  160.2438860242984
-133.4153003225215  623.3169186195599  162.2729524168302
-134.47002296180096  637.0071068973243  163.93137896553392
-135.20619928106115  650.8598454893737  165.0432769965877
-135.5309588166315  664.7354621553011  165.92198131091226
-135.58246414122254  678.6473478150185  166.28680008927032
-135.27625819040472  692.4923601220722  166.39644684739181
-134.5636891738901  706.3465403098862  165.82758115121203
-133.44066370040125  720.0653694864565  164.93084329942178
-131.89670175281876  733.6238599860917  163.24508158727605
-130.24959586984218  746.7969847149408  161.4858341218215
-128.34592733591964  759.6728393274309  158.44018587589042
-126.08138472910902  772.1867242281007  155.24201700445272
-123.57445167351136  784.3664722178775  151.2218602361078
-120.82753017015011  796.0410975593051  147.65874610319355
-118.18760872231655  807.2484772559568  143.48525041768326
-115.46262107887583  817.9708763235838  139.02045620466598
-112.74001342174535  828.255043448103  133.7216274957629
-109.78150063332491  838.0063708506032  128.51807455717667
-106.6848983783016  847.2771706796941  122.7788232223103
-103.36896165432051  856.0747548197428  117.00143448719989
-100.07928927082101  864.4573020152159  110.74229074588946
-96.90541666981419  872.32870522667  104.96208856354241
-93.85977745082278  879.6172629489906  99.13866982201486
-91.08849155301002  886.2392119612891  93.91729660511963
-88.48020982484857  892.1765296214885  88.0510414029708
-86.22932972116458  897.2210327217067  82.82237039244214
-84.17379127745751  901.446511560018  77.75013409826123
-82.41010122841294  904.6977498516865  73.65678191510108
-80.84461870061169  907.0265919645236  70.13621398923686
-79.65881478156192  908.2208519649278  66.92239675600152
-78.76400440115108  908.3175297578578  64.44218065950534
-78.16908473614939  907.3372293873767  62.443017505388255
-77.85873548098587  905.3412566157966  61.33383146252913
-77.78673057505749  902.3710324613103  60.99526398408264
-77.9528049343632  898.5253500234087  61.45204435843836
-78.54245632846337  893.7762497807188  62.62777455874297
-79.34065438187741  888.2141397835765  64.38656573364767
-80.17940408759343  881.8361785831014  66.08822388718009
-80.93456303841937  874.7951438290144  68.08954031526146
-81.64525147133959  867.1057327499775  70.10549185665882
-83.05161728846164  858.8402805907986  72.69143441893637
-84.41332940846142  850.0602344420586  75.59480727646056
-85.82386703678443  840.8494837743689  78.60704859431216
-87.0583600304333  831.2675594232774  81.74092768270367
-88.41580340443504  821.3559363725601  84.80173985363393
-90.11053252107197  811.1595993253829  88.04281685325584
-91.46182517514828  800.769926667206  91.42342378254577
-92.77895595848413  790.1315506953495  94.68220647080643
-93.8403056674466  779.3165965604719  97.8619512053682
-94.84195398144826  768.2768387026213  100.75571227070128
-96.08294223326241  757.189651493879  103.4467306978347
-97.04638191212997  745.940620514941  105.93987617840706
-97.77740026987767  734.7732947459078  108.3748346028897
-97.88192581661436  723.5597252522276  110.68891936940012
-104.65653771416657  712.4748663386972  106.87458570240412
-108.49046202450637  700.2168447932066  105.28526691261696
-117.96260392028687  689.0416564556225  98.44551283008974
-123.86570263224398  676.7244359482077  94.21324966936258
-134.40268409550853  665.5807035984951  85.30846630657794
-141.2130038334953  653.5199008917787  79.01176803310017
-146.1026033249739  641.8506614609138  58.77565112912468
-151.03097222581357  630.4786729193772  43.91948137103189
-150.3695663890044  619.2462624773466  26.74385412614967
-147.20131654609946  609.357847043489  21.732540683248047
-141.71555669617334  599.0488180991132  7.181114980331813
-139.01704392900808  589.2810952500299  -2.9224471512642394
-125.07281469201236  579.9105869736694  -6.279735436312852
-108.19384028153719  568.766463730456  5.2575680252690535
-89.4758592056038  557.7418638870947  27.362921325158975
-85.91468950679185  544.9391534925454  51.90417978039784
-86.22210390499416  535.4907016667244  65.9885425679061
-88.3534229879299  526.1565618438112  67.75291478280239
-82.56902955538834  518.645946202579  66.82113593519179
-78.09375622985414  510.7509377615944  68.10757823643213
-75.42173705300262  502.4889626209068  71.26684850659129
-77.99528541883754  494.165376261952  72.15405122236547
-78.52063944434727  485.7284730863555  71.95848999167288
-77.62655679453908  477.67346199167355  71.3638591115317
-76.85367265265558  469.7349264653103  70.83087775857419
-76.34850218211709  461.95968755327476  70.41753869884195
-76.15485312406207  454.4483781698208  69.92161022287327
-75.65596971221514  447.2872659083044  69.44319309793674
-75.03335049569863  440.56570251104796  68.88340673621973
-74.40369852084358  434.30454507596977  68.22984106430573
-73.85618925436707  428.5345974023022  67.49308335252218
-73.4370692008983  423.2804111334307  66.71706018423221
-73.13555458550285  418.5136027538819  66.09981724190207
-72.9325943196638  414.23219485957907  65.62899725989774
