-48.64986813920231  352.12289507529607  86.70879508771853
-58.3939019028479  354.4123812203768  87.7478841579216
-69.74370060312978  358.7955000929661  92.2859019285391
-72.89174950807245  365.45661464849  88.07093356611671
-76.713999613936  373.56393929664193  91.67319529131859
-81.58506231464855  380.46782879172133  94.46569750395182
-86.14102252407933  387.1035955062745  95.57074030598098
-89.99309182048327  394.29932229201177  97.92308607448841
-92.85256322265245  402.1389250668924  100.57353909273206
-96.16893743697494  410.1035638691927  104.36025603355898
-99.32831341485482  418.35907944076155  107.21122987633903
-102.29139355238058  426.94992327189163  110.04170142288743
-104.57946118091824  435.97946424259374  113.16388656250074
-106.92491735097262  445.3194069864164  116.68414412350226
-109.22617536701264  454.95972972635707  120.30677100234854
-111.34946760826737  464.9518254585025  123.72519912344725
-113.15071313244393  475.33348121072015  126.87108027933579
-114.83978745495186  485.9952134530737  129.73915576139183
-116.55817573920605  496.8658196043837  132.6249506612532
-118.65468928773522  507.8957086816297  135.61427897847207
-120.90063540282556  519.1688435510387  138.75840685048752
-123.08270137714531  530.6729083126057  141.68521781636755
-125.072216157733  542.3292867003414  144.5037012584965
-126.79440724558063  554.0915208562499  146.9384056956346
-128.84087618387747  565.9013710127332  149.28344194993227
-130.64965454589523  577.9010538041211  151.2691798213648
-132.67795568877895  589.9906425857564  153.37189769272445
-134.30725372773315  602.1693218699004  155.38445955226908
-136.06861092398316  614.337926266095  157.00403621399064
-137.52241263378352  626.7688519423258  157.89500502878514
-138.87617781502175  639.3412370585248  158.47999228864177
-139.95410322366257  652.0142099653252  159.07076322205137
-140.95025729052304  664.5868183877714  160.39348578821728
-141.89730336087175  676.9806179525053  161.3577606302108
-142.58260804048285  689.5923419133067  162.31532352598828
-142.98186309132024  702.1555906596792  162.0193926350137
-143.00802187585757  714.9465973598235  161.85850857674768
-142.83891483238193  727.3805207841358  161.50141065233473
-142.6135982751143  739.9205460836813  161.0123738384744
-142.39497951439463  752.1821496000782  159.92501740356985
-142.1855034486336  764.4485255609247  158.41729038826753
-141.86882599329775  776.2870424235805  157.00998885742428
-141.52578400797776  788.0118605565501  154.33855639250888
-141.01960515492726  799.3462155281019  151.1946883600306
-140.32731351490386  810.3980492086545  147.00174142522513
-139.60743651496753  820.9044741597265  143.97329567793204
-138.90296689825928  830.9758052345768  140.5213800891401
-138.23045701137946  840.5230005859512  137.5070052431046
-137.37245988680468  849.5524930896263  133.68514759942906
-136.50725547828935  857.956765284817  129.73043625435386
-135.70112947371254  865.7262297943372  125.91702560799496
-134.90545734355567  872.9162367486636  122.18470722425283
-134.0989698992177  879.5394656879245  118.80981799114191
-133.33360151019747  885.6250363256711  115.07786983464656
-132.6916442131216  891.0657042301768  111.82334723904876
-132.15473030497566  895.8572340983466  108.65773386213561
-131.63578540888352  899.9217533863479  105.9846867689032
-131.20035829204951  903.3812304660584  103.52145452448451
-130.87592309115348  906.1506635633252  101.50159112240233
-130.660300788773  908.255748218032  99.76737565837182
-130.5578391107294  909.5686787165137  98.39457627328719
-130.5695527114486  910.1761967937847  97.30927016843113
-130.69210612426926  910.0432897197144  96.50949140587211
-130.84142897829673  909.1930096264213  95.94131251604557
-131.03172846418963  907.5504653843082  95.86626506525097
-131.2327187986167  905.1428175300928  95.98021467861086
-131.4334353221026  901.9381348817901  96.78328185427632
-131.59483689843438  897.9933021427908  97.47130644000698
-131.80770199520498  893.1924286956754  98.69538819427383
-132.08997705981852  887.7591685793321  99.97191140405236
-132.33349125927214  881.6621689787102  101.65108219640256
-132.57486937935408  875.1347254097873  103.12811376112651
-132.7426503552605  867.9815992257869  104.4001546244828
-132.94427391236377  860.3742613611615  105.61702939754225
-133.07725071450864  852.2214404443473  107.33807329795083
-133.2086188275949  843.5906369274742  109.72529665968813
-133.34302227363526  834.4541829210698  112.41718846759882
-133.48593263542037  824.9159901099799  114.85601530590786
-133.63454604544037  814.9846514705041  116.94149101608599
-133.77074881207494  804.7777252341718  119.03079496840395
-133.82990419927074  794.2040733329  121.18050205221058
-133.8025823707302  783.4281028835782  123.1950671012759
-133.53160738286707  772.3460303788918  124.87749443048554
-133.1830923512979  761.1043229125057  126.38076244605774
-132.7611668895301  749.6540943427558  127.8083901248042
-132.454642899212  738.0325654813288  129.15503201935425
-132.03764898670465  726.2461519998826  130.28346514024722
-131.51618856370146  714.3420956394206  131.1806120826186
-130.85790746130576  702.4078662969866  131.94924725788525
-130.21090060005673  690.5327842200468  132.6646349687387
-129.4969373138726  678.7036579547082  133.2505233867305
-128.73680911570514  666.8977820138806  133.54783933890252
-127.91095163183022  655.0862107656304  133.70528462935945
-127.06476451534631  643.3392751564065  133.60048619770205
-126.15186664710137  631.647788763834  133.45192856517917
-125.30213365298195  619.9984268318074  132.9897777647342
-124.37636319537063  608.3759479414448  132.16520081198468
-123.70734245532881  596.8354561823903  130.63529224611995
-122.83544880826615  585.3644243594854  128.54272819821497
-122.49151809488112  574.1306055098703  125.52101719827913
-116.29923421335359  562.9106826031248  122.80385952741662
-112.55987225215003  552.5147520745394  109.51660649775191
-109.25449361862246  541.0362650911762  99.33479808347282
-112.55063657653416  528.8866287047746  80.74692806314192
-113.67684457881766  516.9675792479356  81.3031390462578
-113.82046077993473  505.79198221519385  78.54217890225513
-113.58970535075738  495.0990196667025  87.29755919910997
-103.2770139880833  484.0224281157228  92.6448030367797
-92.0397197842659  473.23135474379114  99.50865190594307
