-126.42226285511046  379.4317418282192  138.70010343890638
-123.43056876226213  389.68927946623035  146.30849978376838
-122.85100545587619  398.55697216476074  151.96512667340755
-122.65694942754304  407.5476861608589  155.44519075049067
-122.04469650429157  417.38422106903  158.8570635595412
-121.60854978969793  427.3933625861373  163.25933052576428
-121.40883729714636  437.5831276808771  167.74546266162153
-122.00786605931938  447.823396207708  172.11078052135318
-122.70841613474978  458.4852742130764  175.58718475234636
-123.79600072315064  469.40048521960364  179.61507900257834
-124.72180000050801  480.56695573842535  183.46044718295798
-125.91622252685926  491.91171738246135  187.31799926510718
-126.94718193057338  503.52900359515934  190.87045259054287
-127.98936641448012  515.4468670185908  194.1839828491916
-129.0411664494464  527.6191786192801  197.13098261129727
-130.0493952902334  539.9561152942396  199.54088056238714
-131.00598345144905  552.4395227387164  201.53613160981578
-132.0767923170228  565.0977734082483  203.27274659040435
-133.20214924032896  577.9569196348845  204.87652880913703
-134.4789495935601  590.873538711921  206.1526791635052
-135.73225123657429  603.8067337235012  207.1143365450312
-137.0329157298669  616.6962860271589  207.6667205741117
-138.30183851466913  629.6324689382142  207.62505146027368
-139.4513686643749  642.5403558794599  207.02531956900734
-140.53451484238064  655.5016229100318  205.59593216399114
-141.80539299848323  668.4509834347958  204.0393987890519
-143.22886384372185  681.4900646487076  202.14444406955448
-144.73169235795373  694.5679744764011  200.14552075648484
-145.8902859633643  707.6788751686745  197.6965169185112
-146.80748812573796  720.7159525798263  194.7597578371992
-147.59044041115766  733.5827437885506  191.2925922963502
-148.30460165024195  746.22241383277  187.3893864847625
-149.06781559480694  758.6218824807779  182.9798742866635
-149.8336653744136  770.6624709813249  178.72459597793585
-150.5680099882948  782.3051579579062  174.3074808603639
-151.27313318986435  793.4589211301662  169.6877199882595
-151.7971627559527  804.1152182978683  164.46691719974814
-152.29795125354156  814.2437688560055  159.04398728912136
-152.65988926557088  823.866879652909  153.32715016442856
-153.0117490293093  832.973830736857  147.70849068774015
-153.3122474250611  841.5630148342257  142.0022431661622
-153.4034922122732  849.5447640472331  137.18285606340004
-153.41028614821948  856.9524197659038  132.20686842135655
-153.29994926005423  863.736651129641  127.57466331288596
-153.28225488436465  869.9102975642326  122.9839179564431
-153.2602631162466  875.4194309176545  118.98609174003097
-153.21620757764475  880.1961141780831  115.48489162426456
-153.1777082483162  884.2162173194395  112.33086981937265
-152.9816844483283  887.5703295136313  109.64020061912466
-152.91906556561258  890.2696080616302  107.2940607824045
-152.70911151014354  892.1674749988049  105.26088160439967
-152.62441923906817  893.2529805089487  103.90271813432075
-152.37121653658988  893.4413013003068  103.10097526057778
-152.14243358824905  892.8902867979152  102.74986834697843
-151.67671086355168  891.4117189584507  102.69776220358514
-151.0069464672003  889.1686828205533  102.93896575623273
-150.30729083683238  886.0632962982719  103.78584915021187
-149.2918072865529  882.2170982719373  104.78444008969824
-148.3376973802983  877.5222728933911  106.3570069433383
-147.20791847930445  872.1458836553256  107.83791176788328
-146.34462943127352  866.0045542424349  109.81606921342056
-145.2528654267827  859.3996006701701  111.84411464556904
-143.96822662552648  852.1630762166574  114.96837408248868
-142.5568152928982  844.5419734597474  118.28154333158749
-141.13897440697318  836.322898530542  122.29419788011863
-139.87352577293177  827.666700389944  126.72463989414804
-138.69547406563905  818.4531936583826  131.12189122923897
-137.60490827049608  809.0151052819092  134.91685830219774
-136.4992066011173  799.0299589150657  138.61129882966137
-135.39680051464467  788.8276570969804  143.2350557669206
-134.33830065310357  778.0699644177853  148.36076675277084
-133.3598962631251  767.3133849212654  153.11729511009867
-132.45619778781085  756.3236713291258  157.10230184520614
-131.3365839774752  745.2551920850278  160.6064660380822
-130.18857614951992  733.8165087312731  164.1698881891348
-129.0666181038793  722.2304776855597  168.04415099191158
-128.2575015352263  710.5629918440314  171.7881215218042
-127.36675469423895  699.0497302093772  174.84402107326736
-126.31643055754246  687.4733125694087  177.21040160177503
-125.11791513005087  675.8872151299563  179.4226797972366
-123.91743000261724  664.1980034297917  181.34048312324936
-122.67560648995949  652.5932691478207  183.06465807716657
-121.34382835930113  640.9655663107943  184.35712717783684
-119.9008588174339  629.5070958234714  185.46442208153306
-118.38861234992032  618.0553937302294  186.28495432900283
-116.551599502404  606.7527660552635  186.56471661422358
-114.39867443987734  595.5118363834475  186.25744853497037
-112.02290168361709  584.4324322879008  185.28025234219587
-109.61629634915658  573.4785155350392  184.16436548774072
-107.1555905406219  562.6911929989851  182.52326341351667
-104.56904393945962  552.0282929075795  180.6644607990809
-101.90451886909158  541.552321264119  178.41813507218805
-99.28553629774335  531.2706068742029  175.99008213934027
-96.79818099950913  521.2853036974907  172.78119586398336
-94.59504958080319  511.5304272177972  168.8269709110137
-92.50194283582586  502.0743689951487  163.8970118482008
-96.01395044787162  492.7545285060948  159.11041072934077
-105.74290027021912  482.89615441134174  142.11899768648487
-117.3874772667786  471.2837353534842  142.6487490048779
-125.7075138001873  458.6807705604834  146.77336908498978
-125.14864514011032  447.4240603533192  156.90515976298676
-119.78701080314588  438.6625467730904  155.52791495546
