-116.41249707834208  412.8401604590649  133.48811225949424
-114.80506059884979  419.7295660493605  136.00643172870406
-112.91836927808906  427.2282357544209  140.01241576507695
-111.31299613794391  434.78579731622756  145.99944579640336
-110.49740132789942  442.4301910769867  152.07371761039522
-110.06395305264053  450.31611883200765  157.08574039500922
-109.96703004942783  458.46235112862547  161.2376439119486
-110.0413349807501  466.89709926353356  165.27677793485418
-110.58357194358271  475.47728220217266  169.67286320607633
-111.25534141928757  484.3449053129158  173.6376303822854
-112.19049893071109  493.40425709240697  177.4559082287717
-113.18391091546991  502.69639937495685  180.74398295799202
-114.47343352372516  512.1480304057483  183.73123908874746
-115.75648084159704  521.8183592985251  186.45903548298412
-117.27538570384885  531.6878564355691  188.71013451759757
-118.74505873941901  541.7337253259008  190.55817003451162
-120.26563121550751  551.8617838550874  191.9169240102291
-121.71705500301219  562.1064069151038  192.79009539175874
-123.18103268792308  572.4841414787733  193.18659742963516
-124.63880041871384  583.0034017513043  193.23071017296652
-126.10590225807195  593.5856199157713  193.17446962988765
-127.48994394790357  604.172656739505  192.97316707930966
-128.9828205394531  614.7395908500572  192.65036246294474
-130.46018373150818  625.3499513419265  191.95162584684297
-132.06259761195633  635.9855775748206  191.15343564899393
-133.62051226111163  646.6591495527601  190.17480883349737
-135.1822347614916  657.2932782573837  189.28966123394855
-136.6401986131901  667.9405309471185  187.92199925327841
-138.03127587240724  678.4953484592512  186.62755760207014
-139.55505364001962  689.0564855989168  184.71771407147355
-140.99226064352752  699.6107241019288  182.83108762428353
-142.2357135663295  710.273208420575  180.5220612231318
-143.24855122943424  720.9643621909738  178.4284662217797
-144.30945405646477  731.5824035964556  176.45510959284235
-145.40983632947197  742.1308854886062  174.01334859168887
-146.29177666565352  752.5496979748175  171.01663415671578
-146.99327319966923  762.8247947089285  167.35627497326982
-147.6109550288367  772.7956929949727  163.81746794203704
-148.17338144126202  782.3619968454726  160.72095065706924
-148.77442783311167  791.5426460015998  157.5339057900976
-149.27300552106666  800.2072160657239  154.5512754398987
-149.74395412799328  808.3813808270872  151.03880310029655
-149.96416049403382  815.931429091857  147.83369411617488
-150.12060742718344  822.9170836039675  144.70501863794215
-150.18080130042358  829.2957319487795  142.24649651055125
-150.25863142133758  835.0292551921768  140.21401410060795
-150.30224340887145  840.1119975829836  138.36153330819658
-150.40262706898125  844.4251809274706  136.77748364668412
-150.48106664084966  848.0728624069222  135.45699858799776
-150.60946388630794  850.9749222572915  134.7038829567547
-150.68206788141848  853.2035897958557  134.1526878250301
-150.85610239986607  854.6367441213155  133.7642770405829
-150.99246662920916  855.270324938607  133.60468375713123
-151.146423751972  855.089880439999  133.75102377093708
-151.22386249242481  854.0952451941337  134.2927631688045
-151.3752068689707  852.3234480612389  134.86760194531072
-151.54017651780538  849.6610678444117  135.56091433534579
-151.70779578254778  846.1363333097988  136.29411274719115
-151.82727442671506  841.6646718561977  137.53127887094865
-151.59119263605794  836.3529082832226  138.8155838834501
-151.35835421651208  830.2481536693588  140.1034952227808
-150.94996591620477  823.3003793703737  141.25935875746455
-150.7665593566297  815.612293311119  142.81500556022942
-150.44224199088995  807.101800811284  144.6219559118592
-150.1310415301618  797.9520794306698  146.52017991697304
-149.93633756379978  788.1541133241008  148.24651942116338
-149.52533563846077  777.7749582809433  149.9782968209612
-148.8762574787428  767.0508056447645  151.5191803288983
-147.87280818150688  755.9385321864704  153.2987759249819
-146.84266504908402  744.5856736083684  155.09956905162224
-145.73154798894927  732.9227353805809  157.01394394345337
-144.48332679209298  721.177763137641  158.58483325873962
-143.054046936297  709.4175637447282  160.11167781346194
-141.54341436849126  697.7123085072237  161.5594299990324
-139.90643139186432  686.0399930473178  163.04653300828872
-138.22768218471185  674.4123954771864  164.36321100287202
-136.3777227091822  662.8630029892621  165.29475813529936
-134.62906219881833  651.4890829707147  166.16885249486933
-132.86643348163352  640.311810373963  166.75296995504524
-131.18932962077628  629.3399981073055  167.15221494954682
-129.52029564939028  618.4863862398039  167.2391239422041
-127.96552670747509  607.813460085131  167.3402918096206
-126.34676720726169  597.3356172221149  167.50564226891075
-124.68209470831711  587.1753715035397  167.63549161566593
-129.31765704915256  577.2073166447369  161.0489155732435
-137.0821909464496  566.7349939619158  150.94780302620563
-148.214019733582  556.6117574271798  136.91313516170578
-155.04760979934537  546.7492445949358  137.88419639321646
-161.2157221546058  537.8785667665386  135.42055344000465
-160.38273808539194  529.6110692994134  129.097305918047
-156.13186571492184  522.1802883812479  118.62008271114746
-154.09870287348087  513.3564064336645  120.19874751551518
-160.39772451596824  502.534034434475  134.18132080974132
-169.07833323054606  491.3844581644174  148.13967317430692
-168.6478749275386  483.0819258391523  153.31845689109474
-158.84260328280695  477.2498360316196  153.7971288877257
-148.25428985379259  471.96445605041606  149.50742215979795
-141.92742260133156  466.46233100251004  148.73896274033333
-139.22309423700196  461.32638994851436  147.96289548165734
