-90.37264957556494  418.9327132211207  130.9993574916266
-93.82696882703533  426.77174957216926  134.41798885602074
-96.9990784288295  434.5963451648781  135.80505760531622
-99.1671670508515  443.3137625742461  137.76043971694975
-100.48802107571139  452.29431160853034  140.44595568347822
-102.23294186974908  461.4213977676181  143.90429741917396
-104.35518465652211  470.61343333593027  146.83035491011736
-106.33528288520795  480.0384438064004  149.61479316687942
-108.32335594225525  489.7097936365907  152.66687636207482
-110.21954580368072  499.58626001938376  155.48687344271545
-112.16172514467688  509.60241607074033  158.0551994126201
-114.16737305404286  519.7305558586306  160.0743396618009
-116.18817285373294  530.0502586739682  161.70350025576136
-118.34560409979856  540.5448480324143  162.91381989187158
-120.51081761949149  551.1812673318922  163.72917533309618
-122.65098409646785  561.8562432459557  164.03524181939378
-124.79416896544173  572.6233341428576  163.77252337024046
-126.88142970436657  583.486118928386  163.08041633379543
-128.89483431069579  594.4471264601882  161.8641145935497
-130.6783255870579  605.40531126366  160.36540893125945
-132.40037658300372  616.355654255131  158.47271688102984
-134.0097443938207  627.3080306312778  156.49278876373432
-135.49029757236806  638.2906301923304  154.1973281879211
-136.78610355586827  649.2966816003234  151.62994341968678
-138.17544346151485  660.3075259928403  148.92532577295395
-139.68227444582197  671.3681403339879  146.39023787816575
-141.02426230367425  682.5699635938449  143.82424800280774
-142.1113779799059  693.9200177141659  141.2021366576919
-142.84093412459816  705.3410536543953  138.68297521641327
-143.68166286756437  716.8272001611542  135.9415791910041
-144.32891962925808  728.3391594321936  133.38804836826034
-145.00827244515636  739.9400493194692  130.53781467952217
-145.5587056659666  751.4779600351723  128.29667051411147
-146.10043510328669  762.9544903252979  125.76060724616391
-146.82719696390402  774.2626449091608  123.36663999988274
-147.48970747594646  785.3258505026618  120.99523635099258
-148.17414033178252  796.0951868864702  118.64933484883412
-148.63275131761077  806.4515415823455  116.48110174499811
-149.10808077406628  816.3310892757419  114.29609939885894
-149.53981773291375  825.7178141445474  111.77842804294582
-149.89938407903998  834.5588102989708  109.2876734858287
-150.07736365442665  842.8125177735094  106.82437987768321
-150.1893871947572  850.3478466343893  104.78122100628936
-150.14497042940047  857.1596722658949  102.67585835145076
-149.97918163631726  863.2678201396641  100.37005197052473
-149.6992721242427  868.5347521390536  98.4375642114721
-149.34856187989303  872.943391744064  96.67885930217753
-148.99550165807634  876.5551884903833  95.24478810523931
-148.62357346599123  879.3712249723826  93.76131199260806
-148.31187759556508  881.3414846856933  92.48144532275272
-148.02501521547106  882.353955253947  91.45569474178122
-147.7247871643746  882.5032556433088  90.71755293306985
-147.47912423118476  881.8509261307145  90.1729103244314
-147.21641775594833  880.4200683357558  89.71576419558042
-146.89031922969298  878.2712862561776  89.44138559595196
-146.51275802770897  875.423123952488  89.70618769260186
-146.3352801761137  871.9631575398056  90.14365884270445
-146.1535252400811  867.8616452768676  91.02714614390875
-146.09378895994314  863.2183226701369  91.88510862134343
-145.9100415323175  857.9484044619346  93.6809689245638
-145.89344865608305  852.1974692376541  95.89390240314029
-145.68198590259857  845.9651498982998  98.47387311695759
-145.53930207739356  839.3639364431118  101.24608865123922
-145.2943744115498  832.3575478388921  104.33909021465554
-145.08673683128188  825.0047134849866  107.58212416381956
-144.56041648779305  817.3726146128681  110.73175231872652
-143.9727282138271  809.5288452847699  113.8957835581748
-143.31114600273065  801.4688697080787  117.37951986332696
-142.67335274339783  793.2466113661993  120.85001626483792
-141.8412200348788  784.8187943071129  124.38903827111072
-140.85659543532842  776.2403294098787  127.4143287845221
-139.73751780377037  767.418631259505  130.52451834274655
-138.60634025251326  758.4691670063469  133.26823269081802
-137.37494453373608  749.3332416686303  136.09978679425444
-136.19190350752837  740.1399204564342  138.58777061043148
-134.72095519160956  730.7893612250995  140.88809027784657
-133.3539401611447  721.356465202002  142.97291921451213
-131.6654117058165  711.7758694448141  144.98385932348282
-130.2766318874794  702.1670947496225  147.08235327756594
-128.68656030669732  692.5169888847464  148.88647846297988
-127.28881990659343  682.9199849382854  150.4889672570484
-125.66611299596642  673.2702879024337  151.72261141069865
-123.99956710031911  663.6723907399878  152.98032020084696
-122.30236652463195  654.0340059018844  153.93665519332995
-120.59806960427603  644.4675697959171  154.84727599920672
-118.66332201647337  634.9052674098135  155.5801147244382
-116.72333978020836  625.4575902187546  156.21010296254943
-120.7557862532386  616.1057655082946  156.43289680887455
-131.73460739735353  606.0680373543329  150.97553308604986
-144.94370750644373  595.8999287858891  139.16566382263986
-153.4443847442147  585.5928486596356  126.46276161306899
-156.67689258518237  576.3226588158634  110.24273431789784
-151.25752668580412  567.790529890502  95.7812487216914
-145.13878986487478  559.9406629382779  86.471307265481
-137.36496392331495  550.4637161362709  91.55357231915988
-135.39603972542386  540.4869270550687  100.30928502184989
-132.238057848075  530.4726493544979  106.32160564326
-128.5231972559366  521.6489981718272  106.73910221518028
-125.18660045220315  513.5892317069929  110.37381210499137
-122.1746642756192  504.8726653030822  112.75642181149267
-119.82735744465722  497.4008589489336  117.92361067381552
-117.6475427845614  489.7314129356667  119.21977896820185
-115.68865840162219  482.8882083833129  128.0145156777649
-113.64924835733288  475.70472840974855  131.68716925756064
-111.81794393922411  468.587027997593  136.4298104751181
-104.44628032529975  461.49069833440683  137.35408109481446
-94.15136408694254  454.666384507591  144.8478689184354
