-105.14736341513566  376.2841204929081  113.05346686486169
-103.53897305486241  379.4807130493915  115.00937553908336
-99.12278830617434  383.25042921944305  121.13565352932275
-97.18477369747376  387.5114656820756  124.2152111310304
-95.7599455411103  391.57772533547643  126.74166335521767
-94.17516647938363  395.7906192224118  129.58319442743948
-92.87565455382087  400.4257440635998  133.2527784977617
-92.00316296189379  405.39272294037585  137.1555363675965
-91.70096765421029  410.7284596554923  141.11839922238073
-91.78765414880236  416.45754640216944  145.18901648379952
-92.11464922476387  422.6653490355061  149.26738437487222
-92.63197544293641  429.456365262143  153.11698811830132
-93.29993092907584  436.7862429119608  157.02782307086875
-94.0284669249736  444.68222040840897  161.0031476587778
-94.924065208819  453.13134050252347  164.93344996332746
-95.95127284132109  462.1498022650677  168.66005289826845
-97.05020641839073  471.76205891876293  172.07545396369298
-98.36232529032253  481.98193312584044  175.04810094436692
-99.82257208547837  492.7176069025754  177.5514194285542
-101.48763898054146  503.9245302143462  179.86118527477626
-103.22012820200676  515.4483039283241  181.73416875120736
-105.08414887209247  527.4090166362311  183.31949073282473
-107.06837042880521  539.7124238509147  184.5293972039662
-109.08838982111554  552.4180976915491  185.3112014239161
-111.00205578807018  565.3083215401707  185.92041542333635
-112.92586663901128  578.3691079558987  186.04635669190637
-114.83345769363683  591.5971084593456  185.92408893449374
-116.98331754632989  605.0010699372349  185.21574995970235
-119.06720718602047  618.5276881980249  183.97429030416936
-121.13006185663359  632.0806245113343  182.25689391420104
-122.99543011520402  645.6353998827298  180.20833747555912
-124.6968367997281  659.1537488735837  177.80328257351573
-126.21745293798952  672.6105039253634  175.03496302839346
-127.54590361194695  685.9254956738795  172.04983841197983
-128.80392816518776  699.1224841083614  168.52091817545613
-130.04767520375705  712.1808790579897  164.24643120811305
-130.96433958982618  724.9733264548971  159.9715466746823
-131.67483431358843  737.5333486525615  155.1344584373281
-132.1136644855383  749.6757917434611  151.06732161344493
-132.4153008447372  761.6352037521589  145.76898826362807
-132.3244880546809  773.1752187076335  140.77874702464956
-131.8494896610464  784.3903236638391  134.75873150171662
-131.1525046699489  795.1167233149567  128.9757299800959
-130.45213471449398  805.3645826477562  122.9222812979419
-129.50693099311343  815.0836065107931  116.861141508504
-128.45780851166043  824.1526193556223  110.58637428911352
-127.31145856878288  832.540656936621  104.8328136971715
-126.25393343224995  840.2898110957186  99.03338784660335
-125.34577577753758  847.4331470683139  93.8574844549168
-124.47968653541804  854.0099301208836  88.32446759953865
-123.91794441570612  859.9283205721448  83.62906098591797
-123.53347890371182  865.2540832242103  79.17224563551854
-123.48139957057795  869.8027927601589  75.38776737781191
-123.72592315036894  873.679165468214  72.01980819421298
-124.21284782197286  876.7224177682015  69.08652959912502
-124.85574798279221  879.1325849741161  66.9120719115733
-125.85046467867798  880.8084930243624  65.21419190228022
-127.01214790054873  881.8240192493816  64.04040356062544
-128.20148769179508  882.0755850605344  63.27926802097713
-129.03095075947334  881.5756875095745  62.78713062432264
-129.65330362666091  880.2954837272462  62.83821737747235
-130.1732593321445  878.3290460713873  62.954905748209725
-130.34697991382782  875.7036402022654  63.22899510395091
-130.0871851654877  872.412792821376  63.4947729218666
-129.1661723496993  868.5065437914812  63.749202221977775
-127.77881254847753  864.0313883267195  64.16855210918467
-126.1590411637046  859.0750514016538  64.57641582564871
-124.26078014264962  853.655102067937  65.73133058532858
-122.30047017125236  847.782709801146  67.0544138330008
-119.92172579697292  841.6238744236173  68.56772557189257
-117.54784497788214  835.0867407526341  69.87239274063192
-115.0289590315577  828.2127598058732  71.43903769456283
-112.70336889003936  820.9079733564008  73.3391555531771
-110.41221523346306  813.1993572674589  75.54440642415815
-108.2451248662394  805.0073132007481  77.85316099805281
-106.11702724989772  796.2647305478895  80.29341655132286
-104.12668928389965  786.9838292722964  82.7160955276592
-102.19516269044239  777.2439254555991  85.10874613179628
-100.38363391549277  767.136006967999  87.45742195412367
-98.61328700074648  756.7192631805666  89.65668014536935
-96.95372776755987  745.9600569280437  91.90083628878392
-95.34399920726764  734.9144852255631  93.90550875596657
-93.74789532268865  723.7068297197214  95.91748290950498
-92.21923240171942  712.5346677527367  97.71110500671855
-90.75180358749776  701.471275350829  99.39983413829292
-89.52453978584167  690.5016268721117  100.83091963740836
-88.38168591312689  679.6182231151204  102.04678005598642
-87.3554748763593  668.884927851315  103.0811064684889
-86.35951675806812  658.3475276177641  103.95485191336188
-85.54015270886171  648.0514601008924  104.85748277669231
-84.7974532396572  637.9682831946504  105.61812260649224
-84.24162886669664  628.1793402349678  106.36922610262772
-83.80764870464287  618.6353673749487  100.65908792095786
-88.59354260505332  608.2455348154028  92.1803928837665
-99.08519820311398  598.0670607151078  80.48315213006708
-114.2511247648955  587.2902107918846  69.09622734923892
-125.9251353930503  577.1708892415389  57.41915016083225
-133.6473812088445  567.0006203673603  45.71118916810783
-139.3162396468697  557.3850644914119  37.46800708650157
-139.83018171459673  547.7194182009129  29.83572811184346
-142.32935399728208  538.0609503866385  34.2817181095655
-133.16886554820542  527.8630115859828  51.98985282960632
-127.91089926603729  517.4726643790383  75.65032191320307
-112.91928228490514  507.0575011304981  91.66053038133998
-99.85780066778457  497.34409946038386  98.6310982931948
-83.69358978599554  488.39310961781774  104.79331206586372
