-82.85315443030161  464.24445470505503  141.0031379318797
-83.69572296873653  466.62262934118644  141.62621028937986
-84.73918011024992  469.4817493800506  142.05038369976987
-86.0530282060986  472.9375936796745  142.63315894658518
-87.37312917125735  477.2032174181429  143.2489256105751
-89.1010226108305  482.2587805655137  144.12359705977372
-91.01573225839661  488.09910879807103  144.97372257576046
-93.11049654460413  494.6700187301816  145.93737536155803
-95.28979109889839  502.018902398948  146.94935806928157
-97.58930771049836  510.1144784888572  147.94137920961862
-100.12717002790349  518.8763986226965  148.90681965949904
-102.41368345503761  528.2036758798442  149.75291748446472
-104.58090735461774  538.0491967650659  150.56972372305273
-106.56820745586944  548.3753690194264  151.6424172682396
-108.73131075049082  559.1749898469863  152.61970966810935
-110.81682613048989  570.2991537667524  153.5820522254207
-112.92088314331318  581.6075981597594  154.30648379616088
-114.89187060434764  592.9528134447487  155.08939708512293
-116.79299601056388  604.4375905297093  155.9505175053817
-118.84403207990067  616.0075932184945  156.75938128502446
-120.6830022460769  627.750056139933  157.51755398713885
-122.65146801052528  639.4979064365806  158.2068860823536
-124.3196573689268  651.4074949711833  158.8422385556277
-126.13911946449919  663.4235926619875  159.23321483319077
-127.65442364624111  675.6485179285223  159.35317387416694
-129.15917884203367  687.9758835172757  159.13833576030976
-130.33262529152825  700.3642119394436  158.76028113820612
-131.44920620165362  712.7636751273014  158.21682802018765
-132.38853543074447  725.1228601468163  157.29231295325766
-133.23340555152512  737.3984060824199  155.86354271826602
-134.03979453968566  749.4688671016572  154.1556888237784
-134.78865337689214  761.2996025497049  152.67786045671198
-135.57100938756264  772.8974888759876  150.97052787152523
-136.24082853580126  784.1376280945733  149.3104053529424
-136.80620017393335  794.9934490880429  146.932625652903
-137.14057950173438  805.3771669637457  144.2462397697326
-137.38858137199048  815.2109669465069  141.36632238797688
-137.54659987137777  824.2790374961071  138.96883387938502
-137.28563868185464  832.5017935736221  136.72227588036748
-136.8730574501113  839.8641892585032  134.41714344629563
-136.15053460963358  846.2811630298106  131.78287067046972
-135.64618024812097  851.6405531630688  129.70782703306182
-134.9595863576373  856.062426440139  127.01915511369747
-134.18088716841976  859.3526313081429  124.39232526798651
-132.99978947924035  861.598895399958  122.0505783164389
-131.7202459828815  862.4677586676398  119.7909569252068
-130.62701615453747  862.4207456223685  118.20676420704893
-129.63639439283955  861.045832179781  115.77691185379732
-128.54038289723982  858.7996953972364  114.55973963380983
-127.38587736334235  855.287053408373  113.04116802328774
-126.46795772385511  851.0150481594249  112.49386028351881
-125.88309950397681  845.6452593458979  111.80101497674534
-125.3935261726567  839.453923561339  111.37795697920738
-124.96482639513387  832.1957974840338  111.19255607300863
-124.56318651987061  824.1205977448836  111.331437666971
-124.10961266443664  815.1864907869475  112.0858401224314
-123.62439390700932  805.5036586153877  112.75193635229546
-123.12326445738839  795.070058524074  113.33688027423923
-122.51368299297985  783.9021003944158  113.17563631111823
-121.9023850677106  772.4019007582136  113.24932915338192
-121.2566823861906  760.3695386348799  113.54679058918327
-120.74709610140985  748.0367446158714  113.84469939752726
-119.20316762570992  735.4858678659317  113.95652727818124
-117.65627302175012  722.895431533664  113.34973987242401
-115.7332217753464  710.3968979260701  113.28353867696221
-114.70578323880086  697.7462225720521  112.47274654709723
-113.49929834537714  685.3514205641987  111.97186625668023
-112.06077112587306  673.1458425577396  110.80906347149623
-110.60692093839344  661.3244143942154  110.11773554937155
-109.13620317797387  649.6349622517845  109.39051432539624
-107.91653904080229  638.1421327924988  108.72978593965362
-106.66876598480248  626.7359590700546  107.11518006782472
-105.41175118973064  615.4051888832867  105.6277489817178
-104.75884638521285  603.92978217398  102.9439025767455
-104.27611690981527  592.5076281464505  101.95609490829224
-104.02565303254542  580.8856488832838  99.52559627021674
-103.59657140651332  569.520188394632  97.04879453028713
-108.71132477172719  556.6579545602041  99.11132982246993
-120.02533781322674  541.6377377698188  108.38091770100144
-122.7065789917285  526.8703197192985  119.57398471653345
-110.25189125196765  513.9097561659047  127.97722413006359
-90.20305515439543  502.4214695762322  131.90750136254445
-77.3077082478807  491.44636097393226  137.14549096657657
-71.91068943239988  481.2356742756483  124.66461285958994
-64.97991338479652  472.588303838877  109.67356750441351
-57.33355880893002  463.76994560382434  91.6181491028985
-50.49650450355032  454.68126928356423  86.98986291200288
-50.12308929719469  446.1433692469808  85.36538888693518
-56.05312642835893  437.93544528111187  86.95673950198001
-63.38319236535381  430.2751041567948  90.38958833227876
-67.60776661292348  423.06847919653455  92.05902740451191
-68.48769346342264  416.65622089562333  91.91985875471359
-70.3571108334067  410.8503523471307  92.46746889130242
-72.5317501504332  405.7737814846494  89.16356118872332
-64.17767589069247  401.44007351009157  83.53900717300374
-53.71759268135981  397.72615717925373  75.74672360231311
-41.338796889914356  394.45829817709364  70.56833116414765
-37.38135685572582  391.6185578372774  66.35017125438941
-32.60370137101571  389.2333835235458  62.527531256806526
-31.965400036088525  387.1294962784078  59.04779768133255
-34.74527834801303  385.3051178744473  64.39985099487365
-35.74583111571968  383.7177129613465  67.18030285644372
-36.73521442363285  382.4877460593781  73.22637047423073
-32.531505971964975  381.52486333714063  69.15052076733589
-30.504612504505506  381.0739983138401  67.68921933896456
-24.403824029268566  380.7521173182691  62.64101763991856
-20.25107906003098  380.57710474874676  59.55764801742418
-17.012624232122626  380.24382872217177  57.26231981098424
-13.89619158728541  380.070564055021  55.44533622807843
