-77.9998714244459  1279.8170090786357  117.58629602217842
-78.60513841675612  1279.1091128830785  117.76295514443507
-79.14424651694931  1277.7212477359376  117.78772451721308
-79.71459203052864  1275.754969298863  117.69502494150757
-80.17345773777885  1273.3311602275048  117.64710891453211
-80.65911889080736  1270.3805499030025  117.58794681748326
-81.18936719910253  1266.7027925060484  117.38361254189637
-81.74824142189583  1261.9553399589195  116.99470909157905
-82.53453241001415  1256.0830014867922  116.3800321633748
-83.43327283244984  1248.9992305102835  115.82606619110823
-84.43642621928373  1240.6878392956307  115.34271710068022
-85.46578063534326  1231.2072629697093  114.86717276107984
-86.83588968987335  1220.682534277667  114.25547778847778
-88.15548503587054  1209.3680210675102  113.37306012559011
-89.31400077035258  1197.2702485151  112.24504049586703
-90.16883859071542  1184.3909132657022  110.37278203396188
-91.13529919964441  1170.576672511961  108.26361752562208
-92.10767686393203  1155.8430862047426  106.03060674618986
-92.83813005756437  1140.3100676956271  103.45617699090386
-93.2217353102761  1124.1220485241415  100.34008909906808
-93.34688912776654  1107.497573525272  96.50661679946822
-92.93627081989793  1090.570873557718  92.4328842701565
-92.27084864742962  1073.4476486884375  88.06490911322332
-91.25717887036681  1056.1403652488993  83.2976245341025
-90.13660797196714  1038.6399374430584  78.33773510200233
-88.60155030467851  1021.0338273079233  73.01165835236911
-86.7910085767925  1003.3174552807545  67.62653904648172
-84.71582654640432  985.457836746134  62.22333189352237
-82.40723415877616  967.4140015033461  56.859406241059745
-79.82223544482733  949.2801322851521  51.3661254544294
-76.89124850393486  931.2962478904138  45.803657498482785
-73.7596437788419  913.6523017132251  40.49300927924701
-70.52492980409806  896.4210375172839  35.54965470834267
-67.50589233630978  879.5418851136777  31.0904646101952
-64.6769109835015  863.1022268149692  27.148828018837133
-62.028582550835765  847.3623736311963  23.724506201888097
-59.40938643169837  832.6506268487941  20.868408177313764
-56.87618251330543  819.0299799907402  18.32127290207211
-54.59114160195636  806.4420402999223  16.32054037628829
-52.59885513516217  794.8896684482029  14.743141903299925
-50.813329279119756  784.571122402357  13.577300051357774
-49.152469245155274  775.705359748752  12.486247213791486
-47.643971596837375  768.1846869862468  11.486098002726198
-46.33599473227887  761.791167860685  10.549595027807959
-45.15873899856918  756.3375338057805  9.850359071747919
-44.08697610649506  751.6948938504777  9.293077864678917
-43.115255209916974  747.8207165314927  8.828061966344059
-42.27893270551219  744.5337223793352  8.534751941663131
-41.54765871909653  741.8333793034712  8.36868474653025
-40.91380671744874  739.6566982338196  8.597682411370535
-40.365297807308686  737.8878137873245  6.653439147573361
-37.35636252616039  736.4314200294305  3.440428786060167
-32.87986626881582  735.4650292166726  -0.8005347411628196
