-90.98965766106804  1271.173981646712  117.5470917093181
-90.89664112567607  1271.0435179092929  117.14709769041946
-90.94225965990034  1270.1352734687343  117.03664755255679
-90.95118730197697  1268.377399393018  117.09487497905398
-91.13106185638503  1265.7283575806262  117.23436476593072
-91.23087202875081  1261.9803287497978  117.14822114965989
-91.30710643408615  1257.0774471376835  116.46931920470261
-91.19333616013742  1250.8813257912325  115.64974345648801
-91.14662331641705  1243.389457331545  113.9782191944794
-90.94427527134707  1234.4063020738606  112.48750722140758
-90.90882817477983  1223.9771576355147  109.9991630283422
-90.81168078678344  1212.0464112462296  107.74294826317748
-90.6143103777456  1198.7657067597977  104.86598177048685
-90.40086280338414  1184.0579043808682  101.8469940597367
-90.08532539550501  1167.914622762034  98.30706116789386
-89.94380966102477  1150.3327878480557  94.71527003620464
-89.72909465930537  1131.3500916246232  91.13787366218745
-89.47259392462061  1111.0495491719225  87.02130696206369
-89.18161211797998  1089.465703223438  82.9524243610108
-88.88684065730448  1066.808031828759  79.34008314867008
-88.6433370025294  1043.4512942120998  76.43104339626709
-87.71357879521749  1020.0491775076055  72.61091056627488
-85.9722620622065  996.4085269929781  67.66837880428581
-82.93948132940473  972.35580172061  61.70939884706358
-79.18029185583282  947.6465377827566  55.492336157820176
-74.34250200564887  923.1949260270063  49.139411283963945
-69.2126222560388  899.9393737538696  42.76433453242605
-64.37476550114147  877.8921770346525  37.13149269694494
-60.22874368100834  857.6622657898619  32.262416446027345
-56.27751397495879  838.7060887985183  28.16129593339781
-52.06774430234953  821.6501714254887  23.83528048659501
-47.74174021443712  805.9486183502991  19.59279533692389
-43.926522896736905  791.9726101748527  15.436002649986122
-40.77646516493633  779.5734043173776  12.060042131616273
-38.24843460042733  768.605020383317  9.122585429814889
-35.9266111161109  758.9840268314168  6.577645654367023
-33.83235012408108  750.6962418821579  4.129015937838524
-31.916867987786567  743.6858870111402  1.8065367129528545
-30.269800124167777  737.7582316156761  -0.2654397666763044
-28.727625369071703  732.7513056529634  -2.0891925039628774
-27.364923715152255  728.5967966241693  -3.768207808185098
-26.018183540032425  725.1997115982633  -5.4153482410041125
-24.769161467026343  722.4339853127765  -6.872682325859442
-23.545386276931314  720.1378001004811  -8.05588739321098
-22.47812642102675  718.2522849110817  -8.976156971527814
-21.530984427521137  716.6596410683464  -9.58189234247343
-20.664994891567247  715.3400578738685  -9.931460534259472
-19.803365310509097  714.2539136583193  -9.676311458416393
-18.956179540944444  713.4894309515121  -9.416069674986012
-18.161095198946086  713.0254173078911  -8.776791885207889
