-86.08941478149433  1246.5218919867439  85.9193438317053
-85.8681605697612  1245.1462089573436  85.44190051627376
-85.60209073725088  1243.1447670367163  85.02304363794798
-85.42008006718532  1240.4641933953203  84.5193133079119
-85.26399763900181  1237.0099297819525  83.88428230161534
-85.18550284347732  1232.7672863947596  83.00312076193177
-85.11023816958456  1227.5322481957614  81.98254644071011
-85.07430611956248  1221.2667781005637  80.83554611876465
-85.06984310485143  1213.7393669835446  79.62358980386672
-85.05499629705969  1204.9781261820726  77.91126261586108
-85.04770728556693  1194.8956257320879  75.96311621764178
-85.08430434082813  1183.5279681492539  73.97207089960554
-85.25357779973359  1170.7696456434403  72.38809545696748
-85.49693122850496  1156.6514415862998  70.30744224924283
-85.79487236896165  1141.1394509116444  68.15831430491484
-86.0057271904494  1124.349066502841  65.75915539104655
-86.11766517855972  1106.329169099185  63.564716912722155
-85.92819440827617  1087.1416454679265  60.874385914361724
-85.54683217184397  1066.8605529459871  57.956786346536006
-84.69055491476136  1045.6254243659482  54.64933085869766
-83.08046723298632  1023.528946047736  50.38640930292051
-80.14109336330345  1000.519042240848  44.594349416904755
-76.02081088639642  976.5796351335557  38.23496030492759
-71.46778232116144  952.0150888417594  32.785401078748315
-67.05887471482612  927.454088328731  28.756937332774857
-62.89789881483422  903.6364588240788  25.57081941703451
-58.63835938756521  881.0094341711216  22.833327356298756
-54.47454289059793  859.7018544124057  20.818142961223007
-50.623345141123124  839.671893072262  20.10643494325993
-47.28036624361832  821.1453773510749  20.25666052632388
-44.34114580971736  804.4320697288679  20.96137540051751
-41.79398987157774  789.7330298419665  21.470701523452885
-39.6199701508293  777.0766743008222  21.911454669347155
-37.75021648023323  766.2609305368742  22.26847238286267
-36.078712335122  757.0282952199507  22.586959250313008
-34.51854450280995  749.2168999535602  22.75334921581165
-33.186336792571524  742.6618349816468  22.80152781772342
-32.06157615769575  737.2899818741067  22.865019292007236
-31.245438533554058  732.8462840707673  22.932548244839744
-28.17999816521916  729.0753795125039  22.990681227586883
-23.821447018981306  725.841855049073  20.93029722474612
-21.064325958502724  723.1703144360122  19.99320385086293
-19.008281741744124  721.0706056178079  17.54731424875536
-19.77440213350017  719.4663060857705  18.52293062772388
-17.095535567868435  718.1384625876459  16.960621647771895
-14.335375255699594  717.0913367220387  16.12399810513877
-12.387045854039382  716.3298544311593  15.89224941760973
-14.602982981606464  716.1121631805528  19.12133951626558
