-97.12926573891228  1267.1431286935933  121.48236242830811
-96.01143931087248  1266.2136940974003  121.1926262118922
-94.96101464631542  1264.3342349103266  120.93337499402583
-93.89767748137876  1261.1368596503542  120.71929783800871
-93.10565330709518  1256.5933439753603  119.94283405377718
-92.28761185744676  1250.6753576658796  118.9818956907515
-91.37931946601358  1243.594811287415  117.29838234855694
-90.49327996978123  1235.3578759361667  115.55098311564002
-89.20881663521445  1225.9954560643969  112.85823475584179
-87.8969525294439  1215.2561556161522  109.69972574557093
-86.53307893223749  1203.0591570712513  105.86407245704515
-85.56312781658632  1189.3154944969228  102.06132892783185
-81.05904161040793  1174.1095298981113  98.5043993752412
-77.97957856548625  1157.7888116433542  94.96948153269135
-75.53552468177023  1139.929756090724  91.27996087979756
-76.97781420081103  1120.8941811500454  87.08402877157589
-77.19200123438273  1100.5080604098948  82.46474781089223
-76.30589991160727  1079.3209311490161  77.82158017127479
-75.21966694925719  1057.3102825553792  72.43705252077896
-73.45455312222856  1034.7111364193825  66.92927764428993
-71.93908542728585  1011.9480389604648  61.131292364851475
-69.8283845805952  988.9945836867671  55.562969189010914
-67.30176874887175  965.7375753463763  49.61325148627576
-63.814505728529824  942.1012121210463  43.05903318815088
-59.7829672009389  918.5869020667546  36.43069615907236
-55.6858007107777  895.7163640226761  30.770554254670174
-51.836906996214175  873.7762046554526  26.128713878397512
-48.184981923166546  852.9566110265382  22.300241989570836
-44.495952319953396  833.6904267365585  18.548336796232718
-40.89786426888134  816.3332085634975  14.886788484742953
-37.683082777374146  800.8875706255905  11.860176744201773
-35.018464348198705  787.1644239509546  9.305161489768224
-32.811290235946764  775.2486751128924  7.3533493208770615
-30.916755400044295  765.0994599986866  5.643038356040341
-29.36345184755566  756.5314679064526  4.266724966641294
-28.076264638639948  749.330774074322  3.0736316846910863
-26.98256921504817  743.4435476304135  2.007293952252251
-25.966475073404354  738.8697730903459  0.8843255100627544
-25.087790428086553  735.4052940875275  -0.13558146003903393
-24.382587337841837  732.8524270986327  -0.981269502673956
-23.869465524127605  731.0944157476551  -1.4826265988383622
-23.558364447313565  730.0920422068218  -1.7550712905295431
-23.43868360134674  729.8672627788728  -1.9390987427522675
-23.544024917339538  730.3986189899387  -2.0245386993541454
-23.71302110349616  731.6375171027403  -2.042856691768534
