-60.841310698802616  1261.7222488661957  96.07387809038285
-59.32173033068254  1262.7662174662055  92.92807737420685
-62.26424800526726  1263.4335177939624  95.45583945482304
-68.18672002413089  1263.0028719846848  99.90299903792369
-75.96633270221557  1262.3493714074066  105.6676537460844
-80.91874545451238  1261.4146534398067  109.35227016605262
-84.69262030678858  1260.9365040115083  112.57323595676132
-88.30746055770808  1260.010152329671  116.17280229520566
-91.55720162871631  1258.5229816466344  119.16094827525347
-94.33127100897698  1256.5480453543782  121.73078567991969
-96.32804226216591  1253.8554670977499  123.4891709216491
-98.13686759554449  1250.1931563049927  125.02958976609865
-99.40902631913897  1245.1519128416783  126.38275274226582
-100.59844969556785  1239.000220405679  127.29785217314833
-101.1992607820493  1231.6970127505597  127.6897957853852
-101.82677204274583  1223.5340336750821  126.87856579856839
-102.14638685906831  1213.991416997249  125.83272703318329
-102.48048981388379  1203.034712083781  124.29859669156889
-102.7410898991644  1190.4386869890438  122.95416843523178
-102.93524867461396  1176.4597578119644  120.83919046799221
-102.93985216118453  1161.22831344464  118.25787855331808
-102.88820280098938  1144.7819984158348  115.18670527266177
-102.81943948122952  1127.011146093158  111.9555626775966
-99.28466097089775  1107.7673978443302  108.47966955085005
-91.69946885486439  1087.5517067012408  98.62822819030234
-83.12160506489569  1066.0279190624005  87.86786390559111
-76.15937252160958  1043.3262185146205  75.11301382462523
-71.82127686168712  1018.8245297769688  67.28615851862065
-66.27696728424432  992.8527677374451  58.682782261248676
-63.52504282341263  965.9801877240844  53.131049106298505
-59.36850319448118  939.39560410194  47.01721143642302
-54.34703321067934  914.0305672318824  40.48130154027701
-46.84369117181308  889.8269883215402  32.394350098483486
-40.537424948078815  866.7027643896115  25.871054517841333
-36.02788443105813  845.1433727211323  21.316589374915416
-34.392819519513814  825.8831920957633  19.342084183492535
-32.3498668476429  809.1966980949912  16.891626526876227
-29.656918064763346  794.7820538278797  13.845828900201123
-25.038333801382127  782.4085923286722  8.89624012541583
-21.793608083045036  771.7318858210549  4.886268763862642
-22.2885312895434  762.5973330835451  4.110231999981044
-21.5886432376721  754.6593760195179  2.616748445792109
-22.82502395611325  747.9264248225836  3.2176451700315933
-22.99245171487574  742.2275224469216  3.826168391260402
-23.073391707109316  737.4393505867029  4.144131205740974
-20.799120655390787  733.2831096199089  2.475913839100766
-19.39038194875843  729.8004029369544  0.97027910024073
-21.034043448962585  727.278311301634  3.4923146820468087
-24.789403895607812  725.4347646115152  7.463077558548711
-27.001823110718853  724.0886236320894  10.287081423209749
-28.498683882429802  722.9845977627626  11.761037200393346
-29.476763223309682  722.4379025306196  13.631712370554919
-30.742498757628592  722.5148837298276  13.51476334809419
