-47.62628473285862  918.1563713916114  -29.849262298360276
-48.97261815364404  917.522798531547  -31.29142144854243
-50.172177392778025  916.7491867142571  -33.169415260594754
-51.39243399609027  915.9447797458283  -35.60562359882096
-52.68996684858706  915.1358613742212  -38.23037114942819
-54.02549789049475  914.3259572196831  -40.57780734446832
-55.36290716019926  913.5036241981921  -42.80603760023183
-56.60695241101867  912.6247611565227  -45.295568744193005
-57.79767453829875  911.671692961806  -47.90038980464279
-58.88545448107482  910.6568008638031  -50.66024333037052
-59.92264543513578  909.6349420500009  -53.416997227988304
-60.9320457532159  908.6767701537906  -56.1202857134283
-61.98477870234298  907.8065533982403  -58.651955227577865
-63.00490623875852  907.0176199284551  -61.08364328800097
-64.008240576316  906.2865907992863  -63.48019272342074
-64.91791658822115  905.5815045412218  -65.76871464755203
-65.73518554485682  904.8720086026243  -67.93216744999748
-66.41910189381193  904.1035459087286  -70.14260466706864
-67.00905173024555  903.2984612225396  -72.239098972005
-67.53303785418142  902.5014988843002  -74.44798943250548
-68.04995676391461  901.8248505199268  -76.33947564614108
-68.60872484837628  901.260292517265  -78.31857177096471
-69.27774613631624  900.7887117565951  -79.97587281108562
-69.96455179162926  900.3019331125784  -81.52595226658774
-70.78961967430223  899.7920183488332  -82.76021420966059
-71.63039515181732  899.2395607818999  -83.82890963492997
-72.70783807530516  898.6642983146464  -84.7742114225911
-73.75669347867128  898.0381727893191  -85.59673909779437
-74.90458677146566  897.3691679184096  -86.43104568050798
-75.93193176894522  896.6663685191385  -87.3290270056855
-77.00424040577559  895.9633835404267  -88.30025960518863
-78.02481393752036  895.2699438852425  -89.35660910147094
-79.03750867029727  894.654817706567  -90.32911543633092
-79.98066444425052  894.149314883723  -91.262933728648
-80.99155440334863  893.7586207543872  -92.12190335966551
-81.97823435764904  893.4457816587932  -92.905037966413
-83.08301397663324  893.166812361089  -93.59127301156606
-84.05318660652235  892.9259959205699  -94.17221368782793
-85.02983084855047  892.7126794473204  -94.71856590676506
-85.89507439908796  892.54204626777  -95.2935574915297
-86.72844558605537  892.4319744569428  -95.89576719551272
-87.47714648960617  892.3528510567115  -96.52046334915018
-88.18946980372779  892.3248821436642  -97.11985382884819
-88.87096164087848  892.3334816715512  -97.61308984647572
-89.58620248991947  892.4564281995799  -98.06157833893955
