-82.46615979414183  1198.8656478246255  98.05048810534143
-82.96449434816262  1198.8524649930796  98.0411523438712
-83.54589961443173  1198.5693317028436  98.34343650286387
-84.48423161061919  1197.875044342512  98.64381832687707
-85.33764051117761  1196.823129647604  99.020389116032
-86.23760067231662  1195.2440273138332  99.08203870904117
-86.91551428208847  1193.204024749984  99.12173487483567
-87.62518502382919  1190.4470322195973  99.21731162870623
-88.55698976250387  1186.8996447841914  99.33064917568652
-89.41903465648947  1182.4595948394012  99.3929590317877
-90.50629729965345  1177.1372279883758  99.23972970875715
-91.32267050307055  1170.9571780726938  98.96714517747165
-92.16468746819332  1163.9133847380324  98.26724234030115
-92.79157439873885  1156.0657163028368  97.45640317925051
-93.4222926032682  1147.4818377426675  96.31783030469602
-94.02255015911554  1138.1409431055758  95.25442208880958
-94.35594564154832  1128.0082199952258  93.95966726131613
-94.56304972135803  1117.0931502355422  92.26321277179667
-94.64076750300362  1105.3925584227309  90.47585145073361
-94.3895472660367  1093.0225761877177  88.05888323466901
-94.04963491138277  1079.934455993349  85.66053435091563
-93.37084700541618  1066.2532988543207  82.58040288367889
-92.75889317589966  1051.9567374617077  79.64353371147423
-85.17391423271737  1037.3899908649782  70.71126357893392
-76.88880919893158  1022.2672774202592  61.22204305745896
-67.56822519054344  1006.5411150743267  51.12443004780771
-66.62368341293853  989.747803709449  48.07710507866922
-66.81967205762882  971.69742931634  47.11410914054301
-67.68390833971998  952.5505270481691  46.56994880667661
-66.8505508140328  933.195110321068  45.13785432889444
-65.63434317217043  914.9154081836691  42.776452737823874
-59.14074924799881  898.157432322337  38.5385619490759
-51.921101828943854  882.7287821489479  31.57078637037673
-43.72011705035823  868.4600975030239  23.865286524105947
-40.271126645438024  855.5970313098809  17.748286488784615
-39.33087956498867  844.5389126834823  16.16630225877088
-37.14116362815345  835.113951995959  13.55085263638926
-37.61041980145403  827.1725619551617  13.15347869105343
-34.576560335908425  820.2579044309385  9.601338590513018
-35.48405672179751  814.3533252969278  9.479409466001403
-33.0177735314401  809.3670607953087  6.663568584247249
-33.98293782729536  805.2499143092869  6.90818799797867
-31.621911964712513  801.8960595984529  4.339267042200784
-32.69953891638203  799.1053255538643  4.899625210605922
-34.338520835376784  797.0064931942302  6.07115530569566
-37.95866931029196  795.3617991813929  9.222059481946504
-40.45725279425733  794.1273564796534  11.506058504803441
-41.247396290127575  793.0615480009492  12.368905568156539
-42.34619726830446  792.3459090512613  13.420285508901006
-43.36441343729476  791.951643238436  14.472030796187891
-44.2495208875345  791.8426707439618  15.541572169999423
