-87.57354039628045  1220.612625023964  80.44003992382163
-87.57451677193546  1220.0298867604436  80.68909736747511
-87.62289810402896  1218.9285144782903  80.92206394026276
-87.72282482483334  1217.2423555097926  81.13350938070798
-87.67224926080861  1214.9103920651887  81.2482711404601
-87.54728038848585  1211.8080342297098  81.32037578159097
-87.35385526251153  1208.0130353804282  81.00025613881212
-87.16006226133354  1203.4451164579261  80.47537804772924
-86.87197137474661  1198.1137417053808  79.62877843616253
-86.42107131848577  1191.930314979829  78.57177694309436
-85.86984982569543  1184.8333803441592  77.25918891842366
-85.03640950534661  1176.7558861084656  75.69338968552773
-84.133802535701  1167.7724674494702  73.5098668788672
-83.06032344499692  1157.9660988234132  70.96142885775943
-81.96251420377821  1147.4466184631672  67.89209378545904
-80.60437668943976  1136.1599938985846  64.97011564075464
-79.2514481724078  1124.0761705928876  61.66179485604601
-77.93527363079045  1111.0799686534403  58.45278537736079
-76.77636764267663  1097.2017938039367  54.974977689672485
-75.4667131673866  1082.4368244265022  51.34292604366161
-74.08631016283766  1066.796881421919  47.41082157593694
-72.60104959701239  1050.2608423623358  43.56131806783472
-71.13672602508797  1032.9179163335168  39.986915344308315
-69.50522432437515  1014.9550860435262  36.896856215176754
-67.48259240958747  996.697596323475  34.11375053086479
-64.96074156486259  978.3090215605965  31.41962746676519
-62.0102881151157  959.8309603279312  28.74063220311872
-58.75685080487862  941.4315088236308  26.225640095029224
-55.37722652735245  923.673384134895  23.89223442636934
-52.08472092772461  907.096192646316  21.69496884026841
-48.92322561749175  891.8859196866712  19.74872388519386
-46.0052472490704  877.8900307024305  18.235132949997446
-43.181589265814736  865.1225582492428  17.083077218357285
-40.687997323431745  853.6825194274444  16.171962227523295
-38.47969317294165  843.649863839013  15.441090077667537
-36.599564453593786  835.0238164881002  14.885165544842428
-34.96841818310654  827.657717963279  14.389978627298497
-33.53282267486106  821.390085120885  13.943796274461132
-32.340060913491854  816.1244859798403  13.570174187724113
-31.329600643499365  811.7764661738896  13.311749682749213
-30.48856857731908  808.3138877157493  13.224947570884423
-29.83590253028474  805.5738503692054  13.251762917889671
-29.38745341743201  803.4930119199462  13.321134579213568
-29.14737538525338  801.9649440198289  13.431487742307622
-29.04979181922357  800.8874025248273  13.609628686630563
-29.1802922161891  800.1341270686945  14.123233562115733
-29.41982979604785  799.6512557378128  14.721784936019647
-29.760313579268235  799.3757451588887  15.532102813285892
-30.035097099497772  799.3008130637566  16.175286842544935
-30.400544813778314  799.3622491942475  17.038900105074596
