-90.84230458384758  1193.5213251273556  95.82841062985767
-90.76404851878738  1193.3596709563737  95.49778357873782
-90.69058328143065  1193.0510174672495  95.09380499695519
-90.7562063457079  1192.588986361934  94.60947817879862
-90.91953518588056  1191.7718984726373  94.05385276897
-91.11378711445674  1190.5045997981938  93.5900110191649
-91.2059663682829  1188.6763591320487  93.12177838032834
-91.24538363071984  1186.333032654008  92.76251873052712
-91.340621877506  1183.5281470523528  91.96428957222362
-91.63311913148077  1180.1838421386553  91.09035018390175
-92.02758378093078  1176.1929975969074  90.0798834857682
-92.37962191111504  1171.4143723217464  89.19728566909363
-92.71046291646906  1165.7300239704587  88.32977533018929
-93.02069260843771  1159.0608228850149  87.27602678014708
-93.30075694980417  1151.3789698640978  86.1344920561375
-93.6028210520946  1143.128310829778  84.81192079016695
-93.91715496099008  1133.5780374838869  83.5526049532168
-94.18409838909946  1122.9922706291545  82.17976361373219
-94.30601038567825  1110.9171014614915  80.37962277417508
-94.23480626408333  1097.912261283551  78.08532852342856
-93.94743450649321  1083.4715264609827  75.63917133183995
-93.27990931329305  1067.5200159148833  72.94518714954907
-92.21363635733091  1050.2241419687577  70.0235122990906
-90.66843247835986  1032.1424708862082  66.7502683847604
-88.85110780244506  1014.1350233142981  63.373143898583564
-86.82440724474027  996.4828498181413  59.91862257047794
-84.65288446202113  979.2220514877862  56.626145850307694
-82.33485904311215  962.173945934399  53.70287787540253
-80.0297238788348  945.9436901801042  51.20059644744151
-78.01366042889418  931.006366341841  48.916271955276656
-76.17805063220032  917.4518917202839  46.63953046236328
-74.42926530563282  905.0010457080517  44.56628188634895
-72.71037928608429  893.4734474855849  42.737358984604114
-71.2230555039558  882.9939576794832  41.252120623254314
-70.00912358209592  873.6829298669056  39.808511832730915
-68.92790110124615  865.5446228075386  38.378495848662695
-67.92387222237687  858.4794966934455  37.09586989695012
-67.01688758696989  852.3440243166199  36.083560523275274
-66.30811581208057  847.0655576704992  35.39504384060917
-65.73059194434619  842.5277514193762  35.067646367778515
-65.24549348962746  838.7556053634348  34.95076143465947
-64.86736860067512  835.6816781829219  35.10833638290907
-64.58381380421241  833.3067446191066  35.24737781865393
-61.46172226886772  831.4701221569173  33.20531746807627
-56.552082419716115  830.1309452177196  29.791126452759656
