-72.04915593493703  1203.1759874293634  93.49324671638975
-73.13276335167744  1203.3225774115342  93.89831876087895
-74.39810028752872  1203.230611362332  94.34498049859411
-75.71966633144991  1202.7330263322785  94.99021751779698
-77.07055822520064  1201.7450600733046  95.69203729798676
-78.44934526634921  1200.0707703261014  96.5159417239558
-79.95180255777575  1197.6582556881938  97.22099959990157
-81.31702320853803  1194.3880779727763  97.6374315172794
-82.47473132366419  1190.1335237990816  97.67138964461505
-83.39621569769096  1184.4541484824324  97.44001791046732
-84.26268100675227  1177.206709533573  96.7816302995274
-85.09967728680263  1168.5218519345071  95.81064612147384
-85.81866015918101  1158.8354014652964  94.27164281167036
-86.42203252801137  1148.2894169018614  92.46593397346925
-86.86788911605477  1136.7419910397089  89.94837551457603
-87.03487951210026  1123.9926213593685  86.8382675900896
-86.85300082526875  1110.1285853375928  83.24926550140988
-86.54180164257701  1095.3870770129786  79.73691929890188
-86.44338414050152  1079.9856027064388  76.59233710980584
-86.3259101233128  1063.906075932011  73.8464315018479
-85.96469212422004  1047.2469615435487  70.65880762525688
-85.218902200735  1030.3061015665712  67.1702578171528
-84.39898671641829  1013.2384873451934  63.40302810662067
-83.43146491314845  996.4393423867205  59.967303270085516
-82.27492494722931  979.6083685967556  56.74443107137047
-80.96796705021889  962.8605914298487  53.711183517560784
-79.55935560346875  946.1776039156362  51.09060806659879
-78.10552352881047  930.2414142092692  48.55344162902953
-76.69073225535948  915.4603025672787  46.338077694330636
-75.30679892313586  901.8614125898484  44.20386512236127
-74.05011604512418  889.2928718389851  42.40116912873512
-72.78886404448734  877.7734468901273  40.77707533013192
-71.63688434961468  867.4687910119386  39.334963363073555
-64.8529904522152  858.3880143622722  33.15184974232906
-57.47283147682215  850.4761145866464  26.475596098328865
-49.400014171032936  843.5344848362462  19.321916257824817
-46.127319936771535  837.4947589609037  16.366076255211027
-42.59236617330706  832.2727660947509  13.207287145845918
-38.74046121376862  827.8212739176024  9.82846295619246
-35.311227433962785  824.0499663620186  6.831205339175385
-32.42436755360537  820.8846672089401  4.369937200531202
-30.237250913926925  818.2838903180268  2.5192143089944996
-28.271795036071342  816.2210879876673  0.8306248407174335
-26.51514214391688  814.6118857242818  -0.5406281536736277
-25.029363635185412  813.4021322001167  -1.6046641330318885
-29.616724660338242  812.5989616798792  2.845387407942203
-32.29294042367985  812.1787472387465  5.592854552618578
-37.07783442489897  812.1299531038364  10.216092742446587
