-89.47298547688476  1238.6949166043485  130.13349487174466
-89.19901895513942  1238.3348255629671  129.7196248057194
-89.01238343451146  1237.7493635199628  129.28853230301476
-88.80510736997593  1236.995028154585  128.7006638405241
-88.67565595605055  1236.1041855834567  128.0812179737807
-88.51963594594525  1235.002789928165  127.37543984934797
-88.42844248114032  1233.468249093642  126.78515922154835
-88.34372109767169  1231.4797770349762  126.05863977352699
-88.32795651845734  1229.111053724353  125.31880758234101
-88.22536983096283  1226.516219420574  124.47251555006812
-88.14283571229953  1223.7052861502136  123.47045649710405
-88.0596755170782  1220.6055731779697  122.47973357807356
-88.04386737606262  1217.1639136885108  121.56194787263922
-87.82671321310758  1213.3935557702027  120.43718013502824
-87.58608125306387  1209.259406025934  118.97887920411414
-87.19978303238898  1204.6393668516039  117.29379091086989
-86.9153033731814  1199.4747644392776  115.62865271259062
-86.64318163058493  1193.7509508469411  113.79748635440525
-86.39490905009554  1187.432967991745  112.02397366462603
-86.17636166106668  1180.396019519438  109.96168160582575
-85.8847999835514  1172.5338962061257  107.9775147810397
-85.3754695506889  1163.988387375441  105.34652863981091
-84.79002123449843  1154.7325527424614  103.01395163071344
-83.84739168498761  1144.8438154794014  99.84545841525198
-82.86091563934912  1134.0843839153586  96.72511663408022
-81.30062901163441  1122.6230419648484  92.75638226261202
-79.5589858901448  1110.6277726846888  88.97519057280857
-77.5272158075768  1098.367283348345  84.88649406443328
-75.50226775421157  1085.7528121740802  81.23232724364826
-73.4698066378646  1072.835659260915  77.7801879721978
-71.38509701267901  1059.9242174291098  74.7917430144625
-69.2854891378096  1047.3941531121422  72.0507319209438
-67.09575291876769  1035.2782569155738  69.7974881832107
-65.08806230766656  1023.5303848614776  67.90340232305788
-63.248645501848436  1012.4189564474023  66.18095720798408
-61.56656973484642  1002.4187073457132  64.58766942495737
-59.891709950117345  993.6668710852886  63.08172185126923
-58.30907442665581  985.9762233319318  61.854820405059904
-56.84518649014181  979.1039866339767  60.77371415154106
-55.540794762951236  973.0535143555392  59.843722255101454
-54.33256704558908  967.8704209690561  58.967941073491126
-53.21136133443191  963.4745539219739  58.178037748307844
-52.19507300747123  959.7307399015597  57.455861782312674
-51.30466370507316  956.4429485352632  56.93605710290677
-50.57320416943958  953.565881272924  56.58466025307749
-49.944045595250614  951.0002002625971  56.36583445594948
-49.43446216395831  948.8024817367898  56.20009166781928
-48.99709533014911  946.9203177136417  56.083332532758206
-48.69685662048384  945.4053886901519  56.09099112656391
-48.514501234910185  944.159854959513  56.13776875452105
-48.50613699309401  943.1356204203367  56.38286506720149
-48.59601104282443  942.3108241900543  56.639817018607985
-48.803817777682696  941.6952569967123  56.97765037495658
-49.00599295862439  941.3646981570961  57.22499160523138
-49.21974762589197  941.2265355904641  57.490067040064815
-49.37518204976468  941.252344419333  57.776638638257786
-49.53203818184852  941.3242549192075  58.10978133463982
-49.636855324226524  941.4852300103516  58.4996256241438
