-81.76818929691206  1239.4563919868751  95.17777079178292
-82.98312444552391  1238.616344425836  96.07927991006635
-84.35366297689087  1237.2135064078686  96.92220560959373
-85.71459831001646  1235.0924879234658  97.68536124752
-86.61613578646103  1232.134907489587  97.95970908878857
-87.33025772697553  1228.081567279204  97.94269958096895
-88.05991428073348  1222.6716016907453  97.2891373046172
-88.7826976351347  1215.7183588488588  96.49741447893607
-89.48997409241514  1207.2652029039828  95.61617771260386
-90.26198112771496  1197.181417276547  94.95053114573933
-91.0454031391217  1185.6355809999172  93.67122540285817
-91.85341806564  1172.5648577150062  92.16839475559433
-92.53857222625331  1158.2044647180387  90.11286631196647
-93.18809695639314  1142.5353154516865  88.19593566609525
-93.73864725189038  1125.6301795201496  85.90179528528168
-94.18358389241232  1107.4042185505998  83.42199742772449
-94.25278448657365  1087.731119494435  80.45218618083278
-93.94296453919034  1066.7074609668637  77.01302148398759
-93.22210407830748  1043.5181929979667  73.23007050549022
-85.95235671854678  1018.613662691252  64.3641296104146
-77.58891533937881  992.2681068376396  55.38192043855621
-70.62337452024961  966.3200478735196  48.180439708660174
-70.08330896195912  941.0506839209053  46.7344778465136
-67.22946367105523  916.7143105401605  43.75466960901685
-59.20889162014869  893.3621114829347  37.20393441570768
-50.04253147034893  871.892241331895  30.115675375744317
-43.364743605470196  853.0372593936769  25.06487924133033
-41.831549941122766  836.8081583336966  24.1712337469766
-39.00678980726822  822.8307401352954  21.778042866565723
-38.03262988366985  810.6408694596873  20.807509114774955
-33.67466059629749  800.0775879567814  16.74469231016618
-33.125832070634814  790.7921362848922  16.01943585597282
-29.807114564327264  782.6514440212942  12.986882334805083
-27.24505344750127  775.4877641072437  10.71806729678462
-22.730887098917115  769.3023917912374  6.849275982312469
-22.086310142766386  764.1491006764311  6.443904781629902
-21.421536053296677  759.8161203132624  6.11145737350049
-23.04421936599025  756.1370636293086  7.842361704660259
-24.720792304332885  753.1123324865603  9.687080438874334
-28.321289884254224  750.6176848621001  13.336313425626637
-28.42892723758005  748.5787996209579  14.008079053036452
-25.40607654005676  746.7069519890235  12.000944599462272
-21.458065096214266  745.2072996984937  9.195101133957493
-18.77589661874227  744.0476860821419  7.784362915744648
-16.757147417418444  743.1691052815896  7.010450739415937
-14.583552201251475  742.4542253340258  6.054218033170851
