-105.44268366333002  1240.3693555327263  103.37392043761129
-105.45525919046378  1238.5033960497522  103.36074091941153
-105.46225902080718  1235.7701147551975  103.14628155118494
-105.46534394174111  1231.967923574093  102.70140281430926
-105.41280911028306  1226.9640090876785  101.90876422068058
-105.23819178770316  1221.1315998749308  100.80538555539971
-104.98577600637479  1213.4029054177063  99.29492057012325
-104.69473185836365  1204.1349440887006  97.4012456514622
-104.00552633805822  1192.7990602553887  94.75092022649687
-103.18775788759785  1180.4078148405506  91.85776827802033
-101.74510085976222  1166.7253905596597  87.9939935351878
-100.15517324376961  1151.6438768952507  83.83976403266131
-98.22794789844394  1135.2023608299437  78.99272334047856
-96.40422552845396  1117.3673254225994  74.0964999266056
-94.43075155225345  1098.5194223185006  68.9195677641192
-91.5261371353354  1078.8058932532442  63.13590494988155
-88.66941854478205  1058.1715723399423  57.63768162671827
-85.3756208324086  1036.4621417705287  52.0951035759754
-82.91139894915418  1013.7047506381019  47.4295066054125
-79.6687357517417  990.0945862900397  42.71832662776336
-76.24334615167774  966.1377330364821  38.75689270446888
-72.13038315372053  941.9084930093868  35.0331047987923
-67.93775160483784  918.1726830930675  31.785150507801557
-63.558527576391505  895.3476332583849  28.78102690552982
-59.22742027979616  873.9222085859202  26.387755693044486
-55.10275797080297  853.7989501229052  24.715651576204632
-51.40502782319362  835.029138508708  23.7898340601716
-47.86024740687776  818.0542441961232  23.212836967844012
-44.69015488213275  803.4089099590053  22.721110962849316
-41.97958917035041  791.0025979840829  22.227340063764252
-39.748663281669685  780.5706827526033  21.669792860104224
-37.746019945528026  771.5645712063152  21.002120083091672
-35.933634835819824  763.9274981060163  20.250415742206684
-34.30322476443759  757.5151862510029  19.42643971400202
-32.80506162472569  752.2312207875025  18.656461432896105
-31.3487821815226  747.89483113793  17.944238729037586
-30.000120919004218  744.3771396860958  17.323357962654256
-28.826976790688736  741.4654807460684  16.86894432259958
-27.887331472547352  738.9517485760749  16.742192270148696
-27.123472061061072  736.7424376167089  17.073423464667027
-26.498773240603  734.8563122203597  17.806909468638395
-25.96560893548805  733.3516048556633  18.739891061088496
-25.46419331254853  732.2443692518593  19.550149573392776
-24.961280002781  731.4886678150832  20.356691729741925
-24.49680631906021  731.0636414699593  21.079740787191078
-24.091053726310097  730.9279969516157  21.961472452506584
-23.733967287023486  731.1501362930226  23.070798700490105
