-75.24591229632581  1177.055164939639  57.51179373226722
-74.31325923377096  1176.7332931334058  55.39349838268636
-73.30242102879204  1176.3068279454897  53.58499083116091
-72.11202364547015  1175.7986826257468  51.53146398428953
-70.86291787119164  1175.0631759012183  49.778806818591136
-69.54579900944383  1174.1220430681874  47.7604342186244
-68.23532422358358  1172.9538153342558  46.05800065441904
-67.01945397231016  1171.698330609362  43.86330831338562
-65.52031184024992  1170.3877934423463  41.49902574866372
-63.81421373959739  1169.0480572944211  38.59877021921049
-61.79160359814811  1167.6180924685716  35.740708269287914
-59.85325267173614  1166.1785236436197  32.67516790062085
-58.12598422775521  1164.79834968229  29.669945306396077
-56.48314488468584  1163.560964566406  26.651841355522382
-54.901593515240336  1162.3810484569137  23.735278681379715
-53.14500923719571  1161.2537598522251  20.497879860400865
-51.13136419207666  1160.1919682751818  17.026029021789984
-48.90312600711922  1159.205011354127  12.97019553693613
-46.68275872953972  1158.1945690631069  9.172748819503635
-44.60785689764646  1157.0936571251943  5.600646052501292
-42.65515982044722  1155.9174082087295  2.6605993488914894
-40.90537726835366  1154.8602330032925  -0.297050965047184
-39.276844715388286  1153.9608285943061  -3.1291145259018296
-37.83183530392191  1153.2219682493287  -5.794303408756575
-36.41849112571969  1152.4096868976064  -7.951771437289101
-34.99722327922885  1151.4510281191579  -9.9163640610129
-33.68627821157655  1150.3112306079615  -11.695570612250949
-32.518571079479415  1149.087967808545  -13.27758688065142
-31.620356312490806  1147.909947710325  -14.608127612495117
-30.847574813561916  1146.8246576429494  -15.501207012962436
-30.37010389954219  1145.8469664861175  -16.067024647421604
-30.01922228958136  1144.9753087819875  -16.155157345722692
-29.97733079933196  1144.2174060537404  -16.106690312406663
-29.95371026431353  1143.57827333439  -15.945285116376063
-30.06566175829137  1142.9679640373981  -15.823196429361182
-30.155207876382548  1142.3400398367041  -15.609861481411027
-30.398390623487593  1141.6332865055276  -15.388792148159705
-30.691449665225875  1140.99086497097  -15.05203727971433
-31.299311148462614  1140.5132004606237  -14.590159275627789
-32.306845133981255  1140.251603851403  -13.694089545534252
-33.827602555942484  1140.2617400781535  -11.827887232555888
-35.63795939088748  1140.5464119833348  -9.566642176448996
-37.527745486812464  1141.1227776680605  -7.1526117987351565
-39.33288308951078  1141.7515417551967  -5.565052350487761
-40.842640332141805  1142.2957594170184  -4.2379624598452565
-42.078198856911875  1142.7022163627205  -3.7397305391341322
-43.299979644533046  1143.0375883982913  -3.6588487868314123
-44.54263905123875  1143.3255479501609  -4.646662450629215
-45.78709237179203  1143.5143817354235  -5.804694260865972
-46.88810253207718  1143.532086732952  -7.686576099663249
-48.098721557069105  1143.3207776474435  -9.326122767140497
-49.392293019588756  1142.906522808034  -11.234306420641293
-50.88991794147072  1142.2650646092518  -13.05149699986753
-52.19540336524972  1141.356191691638  -15.023837443522318
-53.37090586443194  1140.191617936165  -17.01475884135436
-54.50758978097629  1138.8498843365664  -18.712124121565747
-55.960775246464685  1137.4070101727068  -20.192738290868906
-57.60258339982416  1135.8818335932908  -21.439376774647357
-59.40241645711835  1134.245917216296  -22.658145183994836
-61.12626859360193  1132.5490579068783  -24.1948996515539
-63.06255455974818  1130.8320004032173  -25.65864387782884
-64.97975665709467  1129.1406149115487  -27.305883847361727
-67.02767370842341  1127.4677655039038  -28.62785741692333
-69.04698299699831  1125.7471444927307  -30.42967337220783
-71.1283265644833  1123.999010402285  -32.31193214573445
-73.16037868584348  1122.2248169642107  -34.35448139500702
-75.2434207016054  1120.4524690343349  -36.154936584654294
-77.37766920716923  1118.6155132996832  -37.91078655181586
-79.55746976951247  1116.7059442741556  -39.73763275617743
-81.72836099107673  1114.7237442468336  -41.55511874167363
-83.84431641940091  1112.7455859774022  -43.33525744116603
-85.8398917610956  1110.772282104051  -44.95581600943591
-87.85605076853187  1108.7558212377658  -46.4563593750336
-89.6360983387022  1106.632622230026  -48.21081335293583
-91.45826103485092  1104.4167819745098  -49.945683615030624
-93.0296672903227  1102.2131116904693  -52.29056247420024
-94.72527114918792  1100.1308024046027  -54.39587785332952
-96.31871357269945  1098.1799424421718  -56.796773458816226
-97.8524464232204  1096.2882325927224  -58.81363171928905
-99.21894118378518  1094.2807338880596  -61.157687015083205
-100.48587245240195  1092.134715377253  -63.27512544008978
-101.70943559766187  1089.9795533381011  -65.40419593582598
-102.89806240372111  1088.0243472047885  -67.28525082113804
-103.98041975759882  1086.3670478001156  -69.38519724142826
-105.00095642439611  1084.9546997010398  -71.49753893169566
-105.93577582947248  1083.6940204276623  -73.80478867127222
-106.91249375160629  1082.5875335589635  -76.10589720017002
-107.80657477084935  1081.6318685865713  -78.35675585821303
-108.60800881674038  1080.9160962592941  -80.38436973784741
