-102.8107799420781  1279.1337092489007  119.87899340739327
-103.08238809050124  1277.9315585065747  119.8653556553688
-103.34853601394026  1276.19803554469  119.95097412971977
-103.82584491404472  1273.7887416986302  120.02417848909803
-104.29346442030408  1270.6622034663221  120.02476019348995
-104.94658511010854  1266.7113310581396  119.71625273438374
-105.59970325611236  1261.7878087842946  119.25796765025754
-106.49935702681375  1255.8706400690096  118.58510789961863
-107.29718871592294  1249.1057156345496  117.72728087085598
-107.95407544115771  1241.7265373765395  116.30928741857574
-108.5116068187644  1233.5957416153167  114.38867457171145
-109.15451265734639  1224.3670304349637  112.21887105137742
-109.74963195750064  1213.9063831412975  109.7804941015174
-110.2010550738365  1202.3583010253335  106.96713037675475
-110.38291461857571  1189.8318241991815  103.66420756499211
-110.31881889075295  1176.2167225520116  99.95812283329415
-110.10771164975152  1161.4050701690985  95.702402990992
-109.75942152380216  1145.3891126358653  90.98618435844381
-109.18967396958986  1128.2199663226863  85.75500976555959
-107.48639470655903  1109.8647244848555  79.85973818916021
-98.82756859255694  1090.2694832705647  68.02214105468121
-92.43412568028243  1069.0925933603837  58.6949541636046
-87.51742687159879  1046.5554600092944  51.12630366330619
-89.38900644632338  1023.5868809309732  50.15235465297648
-85.50082652154006  1001.325629007009  44.793744052184834
-77.1498824359127  980.2367695722781  37.32062961670354
-70.99800763508217  959.9583916099923  31.91947191527664
-66.25059361380713  940.4325601411936  27.997921373395805
-62.898604956583185  922.1109239076808  24.24180927739138
-55.83286727036566  905.3860280297691  18.12777901306043
-49.91551061396886  890.1861291576142  13.306225524478476
-45.83687838622588  876.1437903557812  10.412380356700343
-42.284537855118835  863.2549801990049  7.876112683753304
-38.782994510282805  851.6976727062313  5.5644577834854925
-35.335705079495256  841.5142538060501  3.2754534779972557
-32.320822305636455  832.5646745280851  1.4302425329893587
-29.837967892094902  824.753891449394  -0.11010889250928058
-27.501696580328527  818.0329709610957  -1.5484568986604839
-25.42021267097974  812.293409806357  -2.9111191152122076
-23.47687581606686  807.4195394438726  -4.25528811192442
-21.81330190813831  803.2672532736004  -5.44339268566463
-20.33443042095104  799.77910811679  -6.571129400496377
-19.037403487058057  796.8580714502144  -7.554113588994765
-17.90903978789925  794.4239315113543  -8.46663598778655
-16.951733615014188  792.418842974479  -9.246917378108343
-16.165987714882608  790.7606496658047  -9.880739286381335
-15.58035225322564  789.3614454648301  -10.34993379897092
-15.107068482259965  788.1161945083353  -10.604927380030238
-14.767742981660204  787.0159770781005  -10.520591228909673
-14.290033693380325  786.0852619926939  -10.297147946550064
-13.724945203176095  785.3354462449706  -9.987797392605279
-15.664241826712779  784.9931648798664  -9.691910143383272
-16.38502322964867  785.2624443379959  -9.264214380184816
-15.720931048072257  785.9681405667035  -8.715009155204138
