-69.41015571843177  1266.7810817216496  122.13568564222265
-69.76188878922078  1265.8947239824142  122.40262027645458
-70.19011680790963  1264.3558258728813  122.2537444572581
-70.68694421896652  1262.1673361712399  122.01654764297973
-71.16859904100707  1259.0054673535628  121.55663675690926
-71.54461550944197  1254.7837293877187  120.66825833135304
-71.88824820206824  1249.2246603459769  119.17425218311934
-72.27298537867416  1242.3168648914225  117.46630492145245
-72.64829638751975  1234.13569476874  115.85074622947673
-73.0919458773389  1224.9680270934275  113.86622605278885
-73.43892688813038  1214.9505595609107  111.28845108977379
-73.77210743546644  1204.0300633325596  107.8697533095764
-73.97156596464121  1191.9755012058827  103.83271732538354
-74.19089500663708  1178.67618074519  99.47910250087492
-74.48022058402675  1164.1291039922462  95.6622617847997
-74.53107904736275  1148.6404511045987  91.84823187630106
-74.52714091101679  1132.5232875475597  87.56003597461694
-74.41681772046059  1115.9204780744346  82.91773043274702
-74.41357762743799  1098.7557951830036  78.61263257116747
-74.2918813612881  1081.0242532377301  74.58510970495402
-73.88277495844576  1062.8874406434159  70.34241731997331
-73.23573007233114  1044.301313085768  66.00029912543235
-72.41096521749543  1025.218367528044  61.85919439428427
-71.4406002796248  1005.3952374597452  58.101822389476425
-70.26262998614816  984.8970389943378  54.89656980426505
-68.81784493925566  963.9042334639139  52.30005716042892
-66.98670868685691  942.5797925664762  48.14190199361088
-59.60108601367263  921.1728937515647  43.4704056536957
-51.54062805069477  900.1268332795048  38.65446827440337
-45.54257749082852  880.0427802569745  35.74015278189423
-43.07304801328856  861.2875129148042  34.04990404003539
-39.054709660042676  844.0714290961656  33.02034484295495
-32.03980372669089  828.6035486623767  32.573769949122955
-26.49374641894318  815.1131430262282  31.967652423551364
-22.70614218997423  803.6041023695686  31.20010456719486
-22.003510138617447  793.8026616961429  32.682692727857436
-22.911839666783553  785.4283052938101  36.8758366263352
-25.182595780126164  778.2314816935159  41.87405647425773
-26.72166526180557  772.0626205099084  45.37675541489958
-28.034635542163365  766.8862751953682  47.216936163818104
-29.64837092368701  762.5438755485932  49.39035036339601
-30.973861896820708  758.9849522801494  51.67179238033833
-32.36514767557535  755.9599831534418  53.93028559958872
-33.5199891625065  753.3595645859326  56.136300365255096
-31.976356443844118  751.1023175954357  56.10982773404953
-28.66855876217921  749.3974428954441  54.67048236782846
-24.009830845990734  748.2273938138004  51.98787433713252
-20.984610884136988  747.6762177555067  50.571046003606796
