-112.19192385870551  1269.662249410313  108.5614643344768
-112.21860879807973  1268.1085174103548  107.6710777176768
-112.33223180285479  1265.4253168418115  106.8066624484492
-112.52909558618886  1261.48552021343  105.88198868342046
-112.85196637989358  1256.1890489946127  104.9329111508544
-113.1084220532153  1249.5575691088152  103.82513104185969
-113.28787057752905  1241.748446571128  102.32858875528257
-113.4147707999602  1232.8749252162247  99.73574463498329
-113.53839567459836  1222.8569887630263  96.76082365830007
-113.52697318564957  1211.4916223317257  93.50899653016
-113.43587778636908  1199.0955689988648  90.35887195257321
-113.26803100301329  1184.9475314851213  86.48849144141238
-112.88811480619881  1169.6686420993703  82.12458440217863
-112.17068405697863  1153.2812567097635  77.77253062307805
-111.07395885477618  1136.0534152031057  73.4815713686753
-109.930124563417  1117.8088143120283  69.0353343484897
-105.10332178554799  1098.4753274761738  57.864041772979256
-96.14277338336481  1078.7547482250552  46.223537064425116
-86.15446908051057  1058.494022740766  33.653665647205926
-78.70991358345208  1037.5033384946412  27.274124025221905
-74.13683454953656  1015.984625156083  20.679848232290233
-68.79248379780151  994.0814427615899  14.381259592765307
-63.023311174333195  971.8961121722668  8.657617820238562
-60.20724133570424  949.7089576656683  6.336827789715244
-59.86626639885345  928.2034620312811  7.8297829325289054
-61.258253016403614  907.812661223361  10.585904295942282
-58.3709412700745  888.7140494817709  9.997927053898788
-55.99769073926487  870.7549540717936  9.106249736540473
-51.57453332745946  854.4434205592343  7.018225913578212
-47.46938194361636  839.87934717093  5.418348179061083
-41.44283994530548  827.2469915633862  1.9874596473776052
-36.58791390321508  816.2977309808895  -0.673537402442979
-33.55849510735766  806.9850171057792  -2.0503942094856997
-30.491173028369257  799.0474762350274  -3.526479640238972
-27.55273105348298  792.3358275695016  -4.9567276782161205
-24.758198117216306  786.729087931823  -6.33384784787577
-22.47149995120516  782.1192137278776  -7.4323886597824425
-20.597505757203923  778.2949390712512  -8.213869691949876
-21.689457219684705  775.085803066935  -8.840388564757898
-26.062889681099133  772.4837814209235  -4.432578805322763
-31.36009658455115  770.2857806523513  0.8450021787889064
-34.921036930468006  768.4740797424173  7.0940639321219905
-36.47943922475086  766.8850204942348  9.539635381110045
-38.426026869131725  765.6194506721076  12.467404640242535
-40.49025955578136  764.6008366227543  15.980719915867589
-42.26241661824163  763.7730422729832  19.52124725601638
-43.73781247401544  763.0858662255622  23.191568390669822
-44.954410467740125  762.6905982859553  26.276500072988295
-46.08585899811378  762.6998642599203  29.51614140947308
-47.01123526423653  763.231644708397  32.2290463806269
