-92.52009473939088  1278.3647280295247  106.98021670966504
-95.67849626504986  1278.9016225413493  110.30542173680956
-98.58877326158324  1278.8845679515277  113.23309962886665
-101.80296278800802  1278.2190519563076  115.76080627040733
-104.42076441965622  1276.8389611703478  117.65453520629487
-106.88476518421103  1274.8045664561323  118.72582869400546
-108.93290523981355  1272.042283759458  119.130295192048
-110.973858861659  1268.5315164117217  119.2739287489528
-112.88662331166847  1264.0332849692459  119.32652613896356
-110.28659525212603  1258.6029765958633  118.77435362253308
-104.95019366868476  1252.9971535240527  109.83173754956286
-97.56226857299397  1246.8174019075427  98.98717990650752
-97.42246466151653  1240.0226791760533  91.02012599581498
-103.02738082399873  1231.0956120215947  91.70286871417275
-105.95428341929001  1221.187265403138  89.9730608173239
-107.4209346433105  1210.9426015040474  86.00993673229775
-102.48521639013872  1199.715295001547  78.00756563795211
-100.5772274297818  1188.0344066382972  70.41923269813267
-99.53794280706498  1174.5992475710782  64.1243767702974
-103.85949392994826  1160.3693020147634  61.38907501950049
-106.03402361878052  1144.6959565912166  58.79015801664755
-103.3983326157143  1128.7375384771128  50.668714058441275
-97.07738865953624  1112.5574939115586  40.811096786002416
-92.97925975075553  1095.6174710707162  33.502298137611135
-90.28768883746686  1077.450851508171  28.652871339775363
-87.52286912278169  1058.5762426948468  23.864637973559716
-84.94402218578183  1039.2055797078008  18.85261025879874
-82.17105250704027  1019.4749073616367  14.525494246343417
-79.54422605047827  999.6058352928965  11.210472141386045
-76.78562008794361  979.762503320669  8.606956376232912
-73.8496209942532  960.1576597972312  6.551478368290105
-70.80897785318714  940.9282631850293  5.183008248881405
-67.76047931161281  922.4835173696829  4.5562464026417375
-64.76343978718437  905.2800823706885  4.552358809679027
-61.929219629272644  889.6025945054126  4.712608293215648
-59.251655946938776  875.4616384035056  5.0260819653384905
-56.819809816024474  862.8475944792898  5.366523564969539
-54.46064468637913  851.9363390160723  5.669032735730555
-52.18927610822492  842.645255159371  5.890223049241657
-50.05198527335499  834.7620066017064  6.089893916686986
-48.247747353865286  827.9112237387432  6.408208263370904
-46.7533588422311  822.0647597181479  6.839321328749955
-45.44673809550693  817.2018730292551  7.348634311722507
-44.3163526466479  813.2675210309029  7.946747208721501
-43.33628227645077  810.0926292648445  8.643050378656483
-42.50855665183774  807.4832008477367  9.62787356140267
-41.81142306408431  805.3194404863609  10.86285597365664
-41.21347234181596  803.5187918323874  12.307901429269974
-40.74928174760459  802.009790432779  13.899643318963408
-40.438827885224164  800.7284466080135  15.636294707743646
-40.30769496132084  799.6106831509096  17.41975312387954
-40.32762687500624  798.6426109388062  19.274611319189148
-40.51282122637147  797.8143597453619  21.086807987380716
