-114.5530529053027  1263.0261201920139  175.5776506800184
-114.7381929429279  1262.1745074908422  174.4532124855046
-114.94192224129041  1259.9189439392544  172.91684522386566
-115.21271285847459  1256.3166740908457  171.26038729880506
-115.41729996888856  1251.1015575930442  169.04817045540432
-115.63101870836053  1245.7384504132501  166.40136701794978
-115.60570888686775  1239.2631416909048  162.98860281019117
-115.65931373142274  1231.4908959659122  159.054945350777
-111.54293621847054  1222.3443274692445  154.9831741166409
-105.03646997636065  1212.6957966415446  143.3952798438704
-96.69968883373997  1201.799601522607  131.06671651742866
-91.06787902763504  1189.6244454112766  117.2252495798635
-86.64120700934228  1175.3812458763232  109.21959355107255
-82.59759302613789  1159.9972021151245  100.7109719511095
-78.73237086812414  1143.6105864458596  91.80408480541806
-75.53563122510849  1126.097572671399  83.16703792561152
-73.05528152178653  1107.4078990649978  75.5379771016344
-71.22396458227372  1087.760372021713  68.90836216685575
-69.46553290324928  1067.6041865398865  62.81303674382865
-67.88366213756777  1047.114335842982  56.62856646791855
-66.38170929624822  1026.0750995176222  50.93690005073111
-64.93555968014068  1004.1454241234002  45.86799519137106
-63.126498574934956  981.1763597557004  41.592837390088135
-60.94909232401761  957.4108982224488  38.055301636742186
-58.33498500161365  933.4527621827692  35.183465873356376
-55.508848984619384  909.9641842252427  33.21165648653611
-52.49595932066578  887.5741210636953  31.86250557226173
-49.25704277573142  866.7941569312321  31.119389994873067
-46.23366242583098  848.0761440781735  30.593139195471185
-43.49970793855765  831.6479535601392  30.11883420281231
-41.26479980567565  817.6658218573103  29.6363659939943
-39.28065240830769  805.8084890613189  28.956634932426574
-37.486413794262916  795.9574588110218  28.094096914947183
-35.936544484079356  787.6459221709955  27.093295029956447
-34.60261133511041  780.7511781825982  26.1700090092671
-33.5036512596795  774.9015437604055  25.49439473507395
-32.66275187892999  769.9773627482925  24.988147702708904
-32.04533934400777  765.9059607091642  24.5572769239942
-31.696937162725877  762.6337759464319  24.200556175125072
-31.49289937255669  760.0456926683615  24.005034568271153
-31.351245252237476  758.0687582290819  23.88415101314666
-31.209074876307227  756.6378875376665  23.83297192290575
-31.03982056347938  755.7967418863383  23.745677575430356
-30.923293184663333  755.5329970334851  23.717379031859878
