-83.48680602324328  1281.9322751534967  116.05520191905909
-83.63040112963338  1280.8989100402548  115.5400768241096
-84.08085359927613  1279.318197649486  114.98248469674887
-84.69599872746683  1277.0121725119645  114.62230859355047
-85.17364273229708  1273.9998153565355  113.8446526784712
-85.64996940148959  1270.3032838389672  112.6480230889924
-86.29368944877038  1265.889834924651  111.39405698523407
-87.13459236366249  1260.6968755352004  110.33932200537464
-83.5920322092108  1254.580822770915  109.21012666895285
-81.82983595692879  1247.8330415532837  107.96816392837815
-82.19103048500776  1239.4489823278773  106.73650533461654
-87.09541937044753  1229.7266571389907  105.72935486531952
-89.90634254815717  1218.2007849157835  104.21729760033021
-90.70672763371903  1205.6052610883564  101.95606404969965
-91.84075540553255  1191.2482408780363  99.662273472293
-93.57887446160801  1174.9472532936306  97.16311429028238
-91.25936708368303  1156.7230121643497  94.6885817847406
-86.29317967283747  1137.1034315425195  88.53695614966823
-78.6111604384225  1115.8581973708615  78.95095371833548
-73.65810728901046  1093.4446881561746  68.21434030191496
-69.37458205569519  1070.1233003159418  59.57620440561771
-65.37249425495608  1046.6945386937307  53.15076463253462
-60.839008213865206  1023.0879382599035  46.318710226008875
-58.99497765649368  999.1988340995765  42.21017454180146
-59.31249030875258  975.3283161906659  40.322205460359704
-58.06645431122034  952.1096284449773  38.21905023172779
-52.02129159316099  929.7521907111067  33.6177292007728
-44.351036135436594  908.2715209632786  27.841162945943196
-38.52007897563302  887.7431675512006  24.05806524006781
-34.51798187802544  868.7091017326536  21.01591558944485
-30.21296526168455  851.5649599254021  18.25512635787737
-25.877685296742573  836.3832213604551  15.593190746294502
-22.10205486094027  823.0405201916237  13.354736182484714
-19.04009967537823  811.5741482201669  11.524820819177407
-16.44711046097138  801.8571848662878  9.914962396972355
-14.063464087589626  793.711714007992  8.378814820788293
-11.96128775707776  786.9638451433157  6.9344700857146595
-10.158252204619659  781.4521415536733  5.581046844392179
-8.621793836329584  777.1057917239295  4.342306027130611
-9.965996182073502  773.6732634118998  5.619191396874762
-13.145859881898765  771.1475232301013  9.698649109362563
-17.68320054446866  769.258528132865  14.804819420434347
-17.934883737033147  767.8938397565586  16.26826406227431
-18.598049725655144  766.7318695319192  17.151288570759576
-19.586072610355995  766.105425507918  19.499876388713197
-23.25967305065889  765.9280670199203  24.263067050193
