-91.26221486981169  1241.837268124224  105.56740101346494
-91.46909245084157  1241.162981415203  105.23768636844234
-91.64833063175811  1240.169947271352  104.82849139266825
-91.79198036165845  1238.8815119745536  104.20525383942201
-92.05954453231604  1237.0743280140396  103.55105753557295
-92.49715282454822  1234.4791045999216  102.83986439369632
-93.20150338139031  1230.7931466593839  102.33769419122522
-93.8332608414589  1226.0082673149063  101.3231060440731
-94.38680599267148  1220.0544823203506  100.00731925049871
-94.84070038404812  1212.9524661135752  97.8801950518833
-95.30750274051462  1204.4968458760172  95.5601163664221
-95.89296748001044  1194.6564885355292  92.61060898801281
-96.41854142983794  1183.3801312700475  89.83082458761126
-96.88581237838532  1170.85215176444  86.37887053055351
-96.93785948909955  1157.241835444951  82.28491544056037
-96.70566262723098  1142.713406611373  77.86165823914502
-96.18482923807052  1127.4182642032927  73.22046172323536
-95.69324877032804  1111.397873661763  69.12181931513818
-95.2420641878893  1094.7546014607274  64.95157115607905
-94.02127016407728  1077.5887014227635  60.632034359269745
-92.1244764984495  1059.9834921699899  55.87954147410842
-89.63978460735183  1041.898757864817  50.90938937847885
-87.19622202851198  1023.2456358225077  46.37102058538429
-84.67851306078498  1004.0699823426006  41.88241324416506
-81.71444229489695  984.5509724528348  37.4482246301758
-78.39667006124941  964.9292563315938  33.403611995289054
-74.57279550659939  945.2147518517943  29.886450847936633
-70.56266599400534  925.5944098501665  26.924753969118854
-66.18665711469201  906.3722216036239  24.310687354585674
-61.61407324643039  888.1704552612516  22.315009852763254
-57.16683174037207  871.2318668623037  20.820121818086683
-53.316016950262394  855.6884719286426  19.943641877186387
-50.18759825572027  841.7608569382485  19.540052733967606
-47.51566691343463  829.8686803242588  19.2843645795737
-45.409554013277464  819.8583964143381  19.117416232697206
-43.722813359133355  811.4564715584739  18.85175034268895
-42.471525561478515  804.2589483954952  18.713178314514234
-41.41027701288053  798.2523279538518  18.608313619180215
-37.857916388775564  793.1077474558023  16.241978104831787
-35.56285271381818  788.8875849097452  14.857624420489048
-34.641176551385776  785.461805971671  14.56690781896303
-36.46779379416732  782.9123833983207  16.549984815997288
-34.59729337012842  780.809066211174  15.24108259743267
-29.928028802284402  779.0587547433391  11.417630344714228
-24.516418441473007  777.7102094042813  6.8768315621995315
-23.853946576179865  776.8359837160982  6.464529798663342
