-106.97285552631902  1271.9334371933312  111.69199276036512
-107.19068949999276  1270.9332127536604  111.56239071050351
-107.37321847759232  1269.4769229466892  111.33537112214333
-107.59716860529183  1267.5626663604064  110.85576829009841
-107.7480028907263  1265.080433971779  110.10280938839882
-107.93503499999028  1261.9934091532334  109.00134778393864
-108.08773837169917  1258.2170681482212  107.84078966188535
-108.21635823066248  1253.778225072541  106.19367465580808
-108.28288444979626  1249.1314128382728  104.34312591001617
-108.3733095553593  1243.2641311480058  102.1007696125059
-108.49976038843842  1236.3794432950342  99.85545514051927
-104.70560681199444  1227.8048225627595  97.10218699759186
-102.55941074203136  1218.6846168645766  93.96615116455517
-101.09301202470246  1207.5858033385812  90.57133035314855
-103.82169145594074  1194.7514771511196  87.43900409604011
-104.91687968570092  1179.630307901509  84.46966703148188
-105.22597421895249  1163.1352534773182  80.3173262678522
-101.60894220536912  1144.677769841638  75.69436973913474
-99.48817966855978  1124.4897889637707  70.70499493595717
-94.26419882667868  1102.0677296669196  66.70248400880827
-90.67618528683926  1078.4643924813945  59.94355731040428
-83.28334990202062  1053.7656380538801  49.948110720269575
-76.88764031992366  1028.8470011259503  39.58732252682175
-73.90744875050275  1003.4922950364894  34.12520475028263
-70.26689451074563  978.0990857955792  30.64130100832331
-65.91467084625398  953.2715315616617  26.880356786387694
-58.63554791618084  929.3449489466951  20.95545963494812
-52.80019479295086  906.847716558297  16.579272893032936
-48.545260977079266  885.9471647373402  13.521424141934336
-44.224103380401324  866.8741209499467  11.0431746268283
-39.94417786410828  849.6870703442426  8.926792266641423
-36.037602491340074  834.4377601920653  6.90371424542314
-32.88888606323498  821.1631853477364  5.225094940482516
-30.433959222020484  809.7390426964164  3.8336557245387137
-28.39518237763814  799.8767611913011  2.6698625223642614
-26.643352627292742  791.3284387214703  1.7007846405562572
-25.2091843476908  783.9552453936237  0.878428821670611
-26.530541454734642  777.6269585438184  4.787649393701544
-29.659116253672103  772.2324589433288  9.378427412853924
-34.73408725762855  767.7097153491927  14.762813661393324
-35.46027405512736  763.9893021189292  14.148455547521959
-33.99107370235668  760.9671887936115  12.68344043276767
-30.688025168564913  758.4986604686101  10.737350113842302
-29.200295843731197  756.508788209209  10.242802662453649
-28.272416960457342  754.951814367444  10.185397047950488
-27.055400251435938  753.7703279947254  9.940318854082633
-25.804548252537007  752.9322324792  10.046292315058967
-24.6620529345908  752.3687579398986  10.456860799173505
-23.804882030344036  751.9685101238097  11.308072209839906
-22.87317992867064  751.6716366131348  12.332188278263189
-21.778466174697304  751.490615643846  13.548076682052276
