-95.07283342492612  1274.7378957073302  108.51520033513609
-94.63409797606327  1275.730304209053  107.31955482133138
-94.39838650171346  1276.2368651891102  106.28840743877734
-94.31954059481008  1276.4282709177633  105.3032961581083
-94.30124068516619  1276.1791615082398  104.35919591088414
-94.49957814783488  1275.668837191437  103.24645320802966
-94.91165136319849  1274.7714673769503  102.18758219214135
-95.42874091159038  1273.4268502729376  101.14422111349259
-95.91765308782499  1271.5711359084157  100.240456322832
-96.32010814945187  1269.3156190322475  99.16931684342246
-96.74082826998757  1266.7515012227486  97.87252395998976
-97.13867603525667  1263.8210842266624  96.32676317898476
-97.60286436926393  1260.3746988328767  94.4196591773402
-98.20988536397311  1256.217767402869  92.50237018532114
-98.97901839849165  1251.2362338396756  90.6405059181323
-99.87279717962161  1245.372835690604  88.85519423997103
-101.22991204332587  1238.4128774990859  86.86600114996868
-102.69950966933452  1230.374976658139  83.92464014634167
-104.27326720684334  1221.1665238862968  80.78719532996685
-105.54004993720213  1211.0213309467251  76.62633747304757
-107.12894012954094  1199.6075555851062  72.82400629241197
-108.85156862328085  1186.836895571919  68.9330428614671
-110.61336444577522  1172.5161978310232  65.7719452004044
-108.63500416783032  1157.1546379776337  61.61470908216223
-102.66309078795368  1141.218002239051  50.71144636368666
-99.64007689429764  1124.6363986505917  41.91582966251654
-97.31073067739221  1106.8843465337773  31.62944574002962
-96.86593902790614  1088.4310654040098  25.051664849849928
-91.18647172567248  1069.468972600633  14.824244368530625
-86.71053448290277  1050.4833869285078  5.361631998076676
-83.21301022602141  1030.73090001469  -1.915276422624574
-80.38641264248687  1010.3780039352021  -8.674597933267215
-77.58815201312372  989.6965598603803  -14.491536017429318
-74.18544613627591  969.1882604174267  -19.984809188339227
-71.03384606260134  949.1628388945259  -24.58233016419796
-68.04486188506365  929.7230853902781  -28.126649809482288
-65.23850296744394  911.1092298122267  -30.9656100453395
-62.40869825806357  893.7546892968546  -33.40416027809854
-59.739901413681054  877.959264226414  -35.382555060682186
-57.38232407335669  863.7233772025374  -36.89642329472506
-55.32011757470111  851.0000282410389  -37.98423749854095
-53.4005152859058  839.7240160973839  -38.851883209673275
-51.64507420071353  829.8952968830285  -39.424466105215004
-50.07816456854478  821.3955178313003  -39.70525552110456
-48.75545183790275  814.1034107819111  -39.767362328657356
-47.620096308471  807.8402274793328  -39.72146683289889
-46.65044933769223  802.4946236341194  -39.56663849969364
-45.83951971916554  797.9237983262115  -39.17598303594619
-45.181550283972044  794.0778397566094  -38.678735777287585
-44.64197731090045  790.8646012472731  -38.00133593431046
-44.21589424502516  788.2212225554432  -37.1982652600171
-43.89914436209444  786.074238189957  -36.191903938406874
-43.66454467764471  784.3931000094367  -34.96715899324603
-43.49170579745461  783.1902489698399  -33.72545961290851
-43.51667273663992  782.4974613714937  -32.24780534236112
