-79.03986066802092  1276.886620667807  97.96124883392821
-78.87844684464363  1277.1763482822357  97.70409638608905
-78.70901590909999  1276.9719621576833  97.37184465183456
-78.67603633756096  1276.4375400642605  97.05865870591916
-78.56561521271581  1275.4606707270211  96.66517327554327
-78.49609962150515  1274.091055237376  96.19220305978929
-78.6337432406907  1272.1672470585722  95.53576069739691
-78.79632179019659  1269.7778594056142  94.3907228613104
-79.09266346283366  1266.8124840616056  93.20156532499487
-79.35885672849274  1263.2283395612737  91.49356790237935
-79.82647154296487  1258.8602981655554  89.57126435573385
-80.36501397064733  1253.6854785315777  87.07852626772691
-81.0513395618919  1247.8140824657034  84.54780033901817
-81.7822806583538  1241.3794103482144  81.74534827373165
-82.70006949529383  1234.2846011340405  78.78839076732375
-83.73794609114395  1226.3600713306364  75.3130147504418
-85.15040190966636  1217.4418429762716  71.43207967478028
-86.44167146454373  1207.6019260318585  66.83556997566195
-87.99780895237521  1196.8198064776275  62.17521018024243
-85.54501848912788  1185.0213059938042  57.301898418556284
-84.97167386335715  1172.098706601275  52.45064056246034
-81.24356033488381  1157.8511360101047  47.248032663962675
-83.36513820053597  1142.4861851393337  41.87201503136047
-81.065725136285  1126.062480027768  36.34569983832277
-83.57069976864872  1109.0014017215358  30.889296026832813
-82.19520548327634  1091.045819937502  25.591020584117384
-81.24964471701624  1072.2304928545304  15.000436349324515
-77.93547334290778  1052.3957512100837  3.810890016244744
-75.56398858726676  1031.9192444689274  -8.030812460644722
-74.88922437801449  1010.9053275240724  -15.105979998015659
-73.79270239168521  989.6148282493896  -21.766677751121716
-72.82239578648631  968.3191430383754  -27.980863043026606
-71.67009456079506  947.5488193113562  -33.05448884207049
-70.60912571303098  927.5795765740152  -37.3729532618599
-69.5386079162515  908.5598605871511  -40.64336236201179
-68.43192848353114  890.6802059700359  -43.09515428251132
-67.35757737001187  874.2914294351167  -44.930960848935015
-66.30932738045257  859.5711877347093  -46.376065199673576
-65.29993098290976  846.4796812876284  -47.86553461937396
-64.1976487666446  834.9011381268301  -49.20141603906321
-63.05655562294374  824.79663031929  -50.366029873694636
-61.92059401537031  816.1334396129467  -51.39616282259256
-60.917436721040126  808.7306933851755  -52.32655069429974
-60.03612370111356  802.4861603414838  -53.11632731862802
-59.276935384639046  797.2246264732157  -53.67121065603477
-58.68446919626335  792.916226266514  -53.93259673315622
-58.22540645542829  789.4103982599171  -53.691014403088914
-57.981186416685546  786.6127468407883  -52.98718410065096
-57.95276951926622  784.45793227274  -51.724236151444856
-58.03867899653531  782.9106212641469  -50.390433630546966
-58.18378757302234  782.0253231130132  -48.81213062736099
-58.34660424511722  781.8086689688256  -47.14399773913659
