-75.59794577746466  1277.6364278365375  93.4212103688582
-76.06157634968146  1277.1524194401802  93.22414559621495
-76.73305348104576  1276.373191457013  93.06737612455937
-77.44766196179937  1275.4004303873598  92.79723601495328
-78.24820206563058  1274.0578043207727  92.33062465277493
-78.94985451695274  1272.4733216802329  91.68590446967008
-79.68500098438874  1270.5563084106948  91.01991804477156
-80.33355212622715  1268.4468320320093  90.03898072584113
-80.95025314437481  1266.0320246038837  89.07697186350137
-81.56646604219677  1263.3424363809493  87.84027346956988
-82.17397628926754  1260.3144403884712  86.69636644666924
-82.89257257330688  1257.0058677270008  85.14538144379415
-83.54552814692164  1253.3875876415393  83.68685136867198
-84.34894239950845  1249.5078445927304  82.14027982402582
-84.98827880640016  1245.4230345913365  80.31295931909139
-85.82925102692558  1241.1372468676348  78.45975273778159
-86.65767730663285  1236.6022351775302  76.70657252417062
-87.40269767954858  1231.8009936088463  74.86961190921768
-88.01877013675195  1226.7414943547599  72.36549003928589
-88.57517504140739  1221.3542880750135  69.53966131619339
-89.20210785203331  1215.481194760473  66.90748044083115
-89.72676481454675  1209.066663247078  64.28617402871234
-90.21791756553598  1202.1079542557713  61.514529341780054
-90.75732473878442  1194.7889868366372  58.65091195835035
-91.11718375153848  1187.1221233968715  56.04556269823341
-91.36016243405487  1179.1788653121039  52.78137474598842
-91.46283475680757  1170.7463491310577  49.463700596633075
-91.60018368709017  1161.8615223665552  45.81077566762316
-91.65291735853444  1152.5799183804033  42.62763620835355
-91.63878840475319  1143.097109823374  39.29822573960395
-91.65551659578003  1133.4531456266868  36.20311061977528
-91.69174280349567  1123.5518306660094  33.17213422899863
-91.82041396558168  1113.2240158578786  30.248721933044322
-92.00286139101813  1102.362765044294  27.379337216221966
-92.2435045200786  1091.0236333772805  24.813787429705517
-92.47789147199427  1079.3372613215188  22.263981740968216
-92.73385483152104  1067.3830845333728  19.855460506117332
-92.97533577252423  1055.057198766793  17.44501050325717
-93.18171981089205  1042.2329766304074  15.369327749533776
-93.40686373837627  1028.8497255786715  13.53531135994775
-93.6006105781635  1015.0736608538455  11.96174573872803
-93.75981771643464  1001.1650357953863  10.574115844698007
-93.66503945204883  987.278984703138  9.304811293270593
-93.32890891198942  973.3444254451811  7.993521004522269
-92.72564417462658  959.2838277970278  6.602436930145832
-89.16282810415788  944.8601918243223  2.8959415014205927
-82.32629604490717  930.186000695632  -3.272605203242837
-74.41843696096623  915.2074863081627  -9.891328796735444
-67.99377077458091  900.0631302587908  -14.5781724767362
-63.628896632404846  884.703064610492  -17.086403036893508
-58.79183368962713  869.2249354621749  -19.269569095273425
-53.94942638781079  853.8777846669066  -21.106256201110178
-51.98352493067374  838.9721726633159  -21.979433825843593
-49.62712805188718  824.96954720771  -22.329553641982113
-46.63755858655046  811.9466293263249  -22.457429631387853
-41.23198158081866  800.305001165804  -23.02027487757465
-37.14401256721761  790.2785906287577  -23.7029544128623
-34.53421921464346  781.935925123989  -24.897899845581314
-31.971630625139667  775.1253604315732  -26.50402305117353
-29.46822832179623  769.464490834556  -28.669706602322456
-29.76852122620195  764.946159773085  -28.33688521118928
-29.535977400624862  761.3395039739951  -28.698352121641108
-29.286207364175773  758.5268381421497  -29.79431096023846
-26.572552000054813  756.4659522694199  -33.001065299570605
-25.097755230512952  755.0535681241506  -35.16291536812024
-24.37626943589942  754.24177153535  -35.99500304196996
-23.758367782424102  753.9245192556331  -36.99084593488004
