-56.01552997776785  1256.6989195990216  67.64976284978141
-56.49720871822498  1255.3880857872289  67.18762522094374
-56.946236762947315  1253.3663813903318  66.16361029070845
-57.55229664058222  1250.3301628663226  65.08358509766884
-58.45082376126302  1246.0696061889985  63.99255234058092
-59.54260310759817  1240.505644478988  63.216763412460416
-60.83540799882696  1233.7458350889838  62.274948357795296
-62.228054033902204  1226.076391251703  60.81972787490173
-63.66711500527157  1217.5299049843745  59.3451233854259
-65.01414583210773  1208.2042852491309  57.82460254639553
-66.22108434096333  1198.1105951316476  56.48504632212236
-63.227346463883976  1187.2469014632302  55.1228938108301
-61.6640263813911  1175.6267597600106  53.278557242459456
-61.69744617482721  1163.2237558235495  51.07210278840418
-65.66752316477167  1150.125687178446  48.68081696377646
-67.83191069072966  1136.4555874196103  46.22649889094907
-67.98240910945046  1122.1607864556058  44.16486708705241
-68.31899856514626  1107.1393345796528  41.921856371580205
-68.74714996311566  1091.2380651821081  39.988975262720295
-69.0869391866517  1074.531012601928  37.799055697009805
-69.02607500188671  1056.9347882798634  35.82027916366397
-68.90149269703134  1038.329220887395  34.18587251025333
-68.94874052047895  1018.6832526913685  32.79395784440345
-67.98544107739555  998.2327387053328  31.621813731631356
-66.26055831043053  977.186976645736  30.474746102745243
-63.75401582590288  955.639878401212  29.91110812221217
-61.511302053904906  933.8155159163806  30.228921038905696
-59.2674792235141  912.2638890450037  31.403207354987238
-56.970210061393495  891.5687298392081  33.24178654381021
-54.777780434393236  872.2302199809425  32.93904295783257
-52.753313137388574  854.4847153978433  33.588336658468485
-50.982154551324285  838.6949200224223  34.40986095987553
-49.314116363501704  825.1127249106775  37.19179256718425
-47.61260031850016  813.6386828313866  38.57803490230263
-45.9273429756385  803.8853194554091  39.143631462739194
-44.286896168294156  795.5551137647174  39.38164184616501
-42.771238047157354  788.5196013730766  39.60623684228332
-41.43553260913648  782.7686952919082  39.7538842025843
-40.32772976484083  778.0341428395622  39.784002282009304
-39.46756619563342  774.2623278405842  39.62815564197264
-38.77215422313278  771.2495788887311  39.40600591437682
-38.27738310498761  768.9796832792329  39.2679253604033
-37.95206398721639  767.2586935175021  39.055350831418295
