-68.05813235327732  1217.3385538889738  78.90839037396478
-68.20607283706076  1217.5228053175413  78.95211384279472
-68.37604741082858  1217.0844503671801  78.9920627783813
-68.65008032387519  1216.0607531090209  79.0303100032524
-68.9837572578112  1214.4233781525177  78.83910643781812
-69.74107527285663  1212.0191801044043  78.64575830452642
-70.91481451280404  1208.6671333813329  78.4613139208466
-72.67426434727196  1204.2758493893068  78.55817274310311
-74.60731933932738  1199.007599267073  78.61961683244331
-76.75742559125891  1192.8556050368293  78.6414320610922
-78.67743575793988  1185.6578458973681  78.27256282650146
-80.45862525607528  1177.1516541214887  77.70591079799834
-81.93430413023418  1167.4465817140083  76.5054611576423
-83.30635880622945  1156.780773254596  75.13179820945969
-84.49250842709222  1145.3022825030362  73.34239275658676
-81.63933362532137  1132.838929686312  71.67859671852358
-76.28797871811906  1119.4959026599302  62.99558779252634
-69.10328974462455  1105.1149587272353  53.43866672934234
-63.77782869642333  1089.9116033538887  42.69450622580484
-62.76260437019757  1073.8035521163004  40.56578341534799
-60.548960769335736  1056.9929645679583  36.92570764144314
-61.56419184983753  1039.7827226781642  35.23030355993308
-61.06813314755233  1022.0921826804436  32.57262730742142
-63.57332908854331  1004.1938569245943  32.82945113671256
-64.7800203328708  986.0512923709325  32.95797339745102
-65.25550029695496  968.0348199027615  32.583190031151396
-65.36601809728236  950.277621819612  32.33616986658368
-64.84495987040047  932.882360462293  32.01330002991501
-63.95935333575649  916.1196076850242  31.947989432726708
-62.58536874165814  900.351777780078  31.808120469728475
-61.31408404275655  885.9232684562212  31.535289603763157
-60.04801219848175  872.8112432754035  31.311210925339626
-58.86730021113167  861.1936822073776  28.688863938934126
-57.70406175372308  850.9822805505132  27.067625055686513
-56.650711993468896  842.161564658699  23.446923903868992
-55.82631946244525  834.5107823935267  23.382631149542803
-55.091503421156325  827.91978007319  23.68786008964026
-54.498440527115655  822.3564696729134  25.93298971486534
-54.009894754113645  817.6401937311052  27.35201536420049
-53.634644972912476  813.6786250661794  27.745901777764736
-50.476441579717914  810.4371588671144  26.249045974501705
-48.421539188127  807.7989634263128  25.79954324637157
-44.04267022462333  805.9335200954531  23.35354736283798
-43.8276329696243  804.6793476482706  24.27050059227206
