-68.23684601054376  1178.8760305074277  70.25258939472378
-68.32229073066121  1179.490354057969  70.01517535445329
-68.42401696475301  1179.8137058834004  69.65109094943762
-68.56977909548986  1179.8359319554968  69.23631968217383
-68.68810160743715  1179.540452059348  68.73204732597863
-68.84911217611062  1178.943359307955  68.12833033834589
-69.25619519680649  1178.0122004080213  67.62080670629865
-69.85188138007464  1176.6208437017776  67.10787225027933
-70.52764018198985  1174.763448429075  66.76979535038454
-71.16809094280235  1172.383412988272  66.34348390266088
-72.08972885972298  1169.4276581043875  65.98688509974616
-73.26098032017454  1165.8122454539418  65.6028117574212
-74.60843846059555  1161.5922385846818  65.18934692006152
-75.79066847066066  1156.6816754450447  64.74349300378428
-76.97282100674451  1150.9967538220408  63.92573408545927
-78.47324588973727  1144.2605839262621  63.07545385830906
-79.91442039348907  1136.4650496539964  62.065326640629415
-81.44225827765338  1127.514050179003  61.16778775103044
-82.4766742547856  1117.5468516282933  59.73728935490156
-83.62319160280123  1106.4804236511995  57.81949808629122
-84.45522280230833  1094.2846823798443  55.784513336395214
-85.2736579163797  1081.034269686542  53.66792989615598
-85.75069541924103  1066.9033746906102  51.8112433030968
-86.08891581193949  1052.155382754561  49.7825122471051
-86.04951263158374  1036.8042391453448  47.83717498363055
-85.71356444768155  1020.7848773321127  45.96140947079796
-84.7606516533532  1004.2584279511464  44.08223417509831
-83.35958024547489  987.6473977342218  42.31082383496609
-81.2258493487541  971.4371631146735  40.08673302644975
-78.67267216585591  955.6504794096875  38.00739524886782
-76.03526935763996  940.2172881927302  36.16570825077249
-73.48488334638475  925.2698970503073  34.83753377014431
-71.2106818080137  911.2685119377024  33.61713328202506
-68.85542300333105  898.4161387131376  32.50983824415743
-66.74763996015318  886.6105194129457  31.632700849495894
-64.81212793444034  875.6990819133529  31.0982401745744
-63.170480506540386  865.7447048784308  30.702963040049635
-61.70459340155984  856.8508258569464  30.5165724487878
-60.384250475753106  849.0522188468517  30.320996094633145
-59.20500178480586  842.214637613566  30.28075113844261
-58.09035388788744  836.3028348886435  30.26999017456095
-57.12042931956833  831.1635802605548  30.48809004955927
-56.27052338994682  826.7357921833203  30.775645363247968
-55.605347763495196  822.925986724117  31.30485935255549
-55.04812811196295  819.6706352087751  31.806273509795787
-54.57361712160759  816.9906649081763  32.50339368121494
-54.18407827582261  814.8672786606178  33.047868244546684
-53.9143607703544  813.2974197106257  33.64792076892011
-53.70603238040534  812.216665651539  34.17229406962912
-53.74254470751911  811.5521017674668  35.04446578426333
