-62.518492841329554  1142.813260936914  70.5551833751235
-63.19669307971951  1142.2495085684493  70.38681246084326
-63.81396579814525  1141.4205208448432  70.16868900974708
-64.52330177893676  1140.2821823266902  69.91408167315588
-65.3387391093595  1138.8158588220867  69.65099431893927
-66.12887470093631  1136.9915789373729  69.26365060472612
-66.87254268338717  1134.6653561874302  68.82472463342644
-67.58092250884562  1131.8220496398028  68.24895846749935
-68.20312359768317  1128.4109532391728  67.63674589971839
-68.74636732502647  1124.5448121032332  66.7339635530387
-69.19384810198486  1120.1316187633768  65.71370814480113
-69.6688219021159  1115.1209487416268  64.6230353373105
-70.241478679457  1109.4510103109014  63.47583042529601
-70.79268557578342  1103.0649428947888  62.20547767002059
-71.40656357304596  1095.8900916017408  60.71498476630836
-72.2183574790484  1087.7658515390544  59.40893329296708
-73.24284527618133  1078.722718136014  58.20171106148783
-74.34917907293952  1068.9235393103127  57.05982027700999
-75.32570087212483  1058.4835266852388  55.77733513347423
-76.3165515341675  1047.324107159045  54.273140816405935
-77.08170315430769  1035.1822941037083  52.736056947668125
-77.60703936371509  1021.9471494242897  50.96300627950576
-77.83782674965684  1007.8711695853243  49.31386911925801
-77.96100108424649  993.2814408697009  47.701552974539005
-71.4705622357617  978.4778563927584  40.8840190171721
-63.956882073460974  963.2981425469727  33.49343006726787
-55.09042031335514  947.7691711023806  25.606146425967843
-51.64286580706015  932.1274975621421  22.571775356775603
-47.66015656423556  916.7895685592443  19.4511897489653
-43.30851374923419  902.0071682704373  16.161919414518586
-41.88930100091825  887.8148835051472  13.425229926686903
-42.65901877310041  874.4327198749189  13.68609099036428
-45.41166347119356  861.9897434714862  17.304493023413833
-46.45990868702275  850.5686329601542  21.59167691924361
-47.0175093312774  840.1270760102681  24.3972808467784
-47.70548934348592  830.7291544777469  25.55719290081088
-48.41974285603345  822.3533845993219  27.226833085076372
-49.015534831243826  815.0246276898722  29.092636034415392
-49.28154554617199  808.7104644671704  30.711514348290585
-49.51469992602658  803.3395284055474  31.948939339421457
-49.77222150037022  798.8497799549573  32.96113677600184
-50.008652769980756  795.1424506396087  33.9386291354007
-50.23730594672417  792.2184463946445  34.81336226669125
-47.59648969865921  789.9967187327411  33.16285055822573
-45.95852414897011  788.4000930159375  32.30578796571762
-41.86495932371305  787.5647060922362  29.336920790879642
-37.88132617663091  787.3644618593959  27.34294360992687
