-71.74918263162053  1154.6488456780564  68.00457312802028
-72.32358177543077  1148.9437508368721  67.23248115163346
-72.8718947030147  1142.3896715951264  66.18600012318818
-73.3969200396678  1135.1585148234653  64.60116616108186
-73.83254201620655  1127.2524183671512  63.130454141663144
-74.24774058324255  1118.654225162584  61.34138758819837
-74.6434503271953  1109.16991009815  59.73949077072063
-75.10599689616585  1098.8782175058095  57.84641434810653
-75.46455967030975  1087.863548244645  56.08718962622132
-75.70905162414  1076.2217024222923  53.87161243436375
-75.74871295013168  1063.831015429185  51.670694158451326
-75.67821493349281  1050.5111554625103  49.38711410473295
-75.43719219678002  1036.3486573830553  47.20307814648449
-75.05919173435679  1021.5038061177108  45.176306058781734
-74.39219986736265  1006.1143858518442  43.28234098785178
-73.3347960852655  990.0453887805382  41.641041307037796
-71.52182316465722  973.1159191994573  39.8961403881111
-69.02049431855276  955.6806796665758  38.07240417353336
-65.83770345877437  937.9747674520158  36.50003542691447
-62.44429748682657  920.325611368804  35.23839466043106
-58.797506189259565  902.8351645584239  34.62185336950348
-55.131555452258816  886.0245340306595  34.15805837731168
-51.32973736320901  870.2995133845599  34.082225625961755
-47.709561118791044  855.7996800993078  34.05926968251531
-44.270059951293135  842.4711254302194  34.28726871446541
-41.157798759351444  830.4619221878963  34.5555785962197
-38.36303614311293  819.8410293915804  34.757038687059236
-35.8765757294697  810.5630025616954  34.963540132027674
-33.709344650252284  802.4294774588374  35.07982483591091
-31.768706654184935  795.3961908787786  35.20087191758537
-30.064297117046408  789.3965553098485  35.23142191172536
-28.537938661758282  784.3215419500925  35.14604706053857
-27.152365101588952  780.0972647699066  34.91716823222348
-25.901854523103857  776.517968170933  34.52657536974796
-24.890421944710308  773.5212120099449  34.1002714364776
-24.135736606025976  771.4861059013407  33.65464200133912
-23.55681429214842  770.2290241002772  33.24376376254084
-23.104373183447187  769.7869818690504  32.66057560029113
-22.723445693679466  769.6343877564433  32.00562139629959
