-71.17268178211495  1197.4984998071723  77.5611726639163
-71.73257691178951  1195.7589593355647  77.21723502455522
-72.30134779932945  1192.6517023881643  76.49225130414108
-72.87903492719296  1188.084737315488  75.30918945244406
-73.43231505565377  1181.9521375992865  73.8073710624213
-73.95254380951008  1174.2349420557096  71.99912068843474
-74.61817831293448  1164.9750098367765  69.76725431649955
-75.24251598807759  1154.148616149428  67.74351685299258
-76.03166913667111  1141.849480369586  65.03113617159903
-76.55159472535588  1128.0646732513485  62.8274351364934
-76.99494118406865  1113.1288402078562  59.89558877075241
-76.77354623088846  1097.2517524768746  57.18692053104212
-76.28038153313271  1080.6170615568867  53.89410780785994
-75.4148914762646  1063.190210982819  50.75209142721836
-74.42883939371379  1045.084204809473  47.56286570917078
-73.05661760225853  1026.6131825042387  44.65226753075545
-71.28308452953226  1008.0573615412865  41.664427875755834
-69.20488056686273  989.493543924338  38.80916291884505
-66.85677457107899  970.8907079702695  36.08999487021819
-64.66768970793079  952.2512138437007  33.795983550593164
-61.7881053722079  933.7973424729792  31.317464405770963
-58.660387718451574  915.5914812190716  28.9106473276479
-54.9903322420665  897.6725111787947  26.61858988413441
-51.65164557646697  880.237037085602  25.015369004795577
-48.24278182714047  863.7795269750185  23.543414084117753
-44.954906217041675  848.6794598664333  22.192048244558325
-41.9523895726459  835.011489540615  20.999408599406745
-39.36964530442019  822.8587005808079  19.8051685708766
-37.1324279372144  812.4166148810596  18.47363506296937
-35.15614160730783  803.6639892929917  16.955813145241102
-33.42594245482875  796.2944820827385  15.330655840381521
-31.887491984552135  790.1551654847766  13.625781727359417
-30.517639911040412  785.1232790402968  11.6837189821035
-29.390424799367942  781.0858625977329  9.935967285119363
-28.483076282137134  777.8065710623171  8.236584000388113
-27.760996366490794  775.1772850334827  6.896780368531489
-27.197624105448554  773.2071654023257  5.694650421687735
-26.78882937056061  771.7356178920194  4.683760721603774
