-42.5005758196957  1260.7055453054472  -35.29375877917776
-43.30041870337892  1262.5381003472799  -33.15095885657955
-44.63370996042752  1264.820959367939  -29.74935705065469
-46.29051121063103  1267.4621577982787  -25.66413395516825
-48.844857641969725  1270.340914617459  -20.30847367478204
-51.92194079201286  1273.2793221795505  -14.151984839545287
-55.62029253855251  1276.0715317888132  -7.332087422091228
-59.79590476794921  1278.368966969005  0.6751585072198116
-64.61329861888942  1280.1841554191383  9.863215451954126
-70.16608004492171  1281.2823051217456  20.044709627844423
-76.18344859529071  1281.6118726847815  31.13342466567273
-82.59225307070045  1280.7800664979354  42.74657510382498
-89.28123063721895  1278.5413208365758  55.16258529456451
-96.10857762087767  1274.704927570022  67.53077126798259
-102.66754312112619  1268.9674240888826  80.29665074498615
-108.82633350565175  1261.5493764597745  92.08967088462887
-109.96531511944686  1252.4880394316488  98.7614897869984
-107.97888975054018  1243.430086048363  101.22463255989506
-102.44135988970532  1233.2151691998363  100.12338096806138
-98.16042692330878  1222.289036903563  98.96963968057123
-93.82586152358161  1209.543876005398  96.33842848501938
-92.87714121332283  1196.5991009486008  94.66756712256819
-93.65065244380735  1183.06017113822  93.0550488207644
-94.83189432734073  1170.0952317744523  91.50355360337306
-93.51956156954517  1158.1057270962795  86.35555662028703
-90.66237280657472  1148.449319620369  79.4952292065015
-87.20610242007386  1140.4051250722403  70.80866317168677
-83.09756982091773  1134.3359030876952  62.1957461778266
-79.50099568055653  1129.8989633313795  54.55837996620937
-76.7362065684585  1127.3241422759954  48.492965383438914
-74.77393719332267  1126.1369691734599  44.0071538538329
-73.49335442916616  1126.0579503675963  40.734706565999325
-72.99853221155269  1126.7672410295158  39.06843986841339
-73.57950963538205  1127.9519457722433  39.37162720473673
-75.12880437973524  1129.3378560773513  41.69083710955266
-77.60062173114486  1130.779907802521  45.577697700316875
-80.80880967337264  1131.9797876311536  51.378726056127384
-84.67806307889845  1132.940004789098  58.52008174239337
-89.12226468731666  1133.259612759046  67.33481385164089
-94.02185044380848  1132.8024461323962  77.3782449325039
-95.20962938931763  1131.078094889277  85.3834242853728
-94.06092062783922  1129.3047307751212  92.34348198350479
-91.32244213777255  1126.3767236681174  97.77645647442698
-91.15957559044432  1122.3062885279946  106.05743706593117
-91.78436754708528  1115.7237604991133  115.46323559271747
-92.51849541936987  1107.562612294953  125.68388942524416
-92.9791485403139  1097.7842519706626  135.4332988177281
-93.52536521687323  1086.232704620105  144.737134672006
-94.10341747676082  1073.0781534891037  153.28589444670337
-94.5384115250504  1058.3169753592422  160.6688853692999
-94.61284608479602  1042.4085122167583  166.1347584663727
-93.7479261679743  1025.6359147069838  170.08368584651373
-91.79676793393185  1008.4605337990242  171.34020797511198
-88.61058002356417  991.209556196389  169.5731977630002
-83.87544959191459  974.1007565347996  164.2678006775373
-78.4216258502726  957.3655316817444  156.89023884106697
-71.7879609459572  941.2656466148676  148.16975563790376
-65.26427891820505  926.0729731033532  139.12845073682752
-58.2198612912392  912.0894655163943  129.600627332042
-54.54682782469857  899.405190431395  122.82350296567219
-52.79536997879658  887.8233559184694  117.65115328293908
-52.824660307362066  877.6036626980599  114.07754854129806
-51.36896132128767  868.6584309584591  109.51639321672234
-49.649478746673  861.0987006903472  104.8208886204592
-48.08599274110223  854.5655732120913  100.60631232838635
-46.57066026190269  848.9528135596782  96.50037962372562
-44.93786342229095  844.3103045148295  92.65070916632394
-43.280933311657066  840.4985878669256  88.80539799445218
-41.799815060453234  837.4672337304839  85.2609348416684
-40.503861599675766  835.0213716105011  82.08536336931957
-39.327367706997464  833.0639676603023  79.24976724943622
-38.2583808876343  831.5286606728802  76.78992345265003
-37.297988070802226  830.3454876926367  74.5989577384408
-36.47618122819538  829.4499789208506  72.75100658143938
-35.76039809291314  828.7780058196464  71.16054367391075
-35.15506251394281  828.2904575957895  69.81121614948465
-34.607841606998484  827.9615600877253  68.6117239182407
-34.101592978169  827.7832337645809  67.53382735143954
-33.644975732214846  827.7190370235742  66.58400611556436
-33.22908799052979  827.7660030364146  65.73390277608
-32.85500979023187  827.8908676885106  64.99412241385116
-32.486804199767995  828.1119252001007  64.27981332189698
-32.12810677386419  828.4231520891476  63.58359462235401
-31.76574268582609  828.8025231297185  62.854753156218315
-31.360519555027494  829.2319313929864  62.11957191130005
-30.99030962558971  829.6713549375579  61.39820217820256
-30.64083860500944  830.1133333436889  60.723483773746494
