-24.031591863506737  1271.3167833178425  -50.36069287141094
-24.124591921322423  1271.0220614388543  -50.56943969106899
-24.221413331626557  1270.6525774937136  -50.726121752361536
-24.280414616127008  1270.2438030852106  -50.74077236961986
-24.383174120792972  1269.82411157685  -50.60033809867957
-24.535216294171963  1269.4305796140588  -50.38708478539262
-24.760297660505117  1269.106541651086  -50.05687658714032
-25.03066994040295  1268.841714177615  -49.61293213664925
-25.349966329  1268.6582437631025  -49.052143872185205
-25.700249105609124  1268.555661347839  -48.42402712250587
-26.065689228711143  1268.5866550692128  -47.739204562984156
-26.44357153302854  1268.7771645011069  -46.99508897268311
-26.81576576709397  1269.1402048573598  -46.19299414587594
-27.18780412043035  1269.7118161923277  -45.34023658452928
-27.626544719359142  1270.5659752459808  -44.3592082985723
-28.233245171077893  1271.8346769832485  -43.248185445580596
-28.944559288873737  1273.624867222503  -41.50395405590515
-29.901703508354387  1276.0387925626774  -38.873829816307904
-31.14058710101194  1279.1062660258422  -35.4398072751119
-32.76479722358464  1282.7080222550314  -31.387720786434727
-34.931472036612824  1286.5979656311629  -26.818313736167532
-37.62684364480469  1290.413826712152  -21.6024312724909
-41.05391268929606  1293.868234148358  -15.021218749564119
-45.005876086913766  1296.6715205965684  -7.639384977471146
-49.54344208515149  1298.8978024179091  1.161999184733947
-54.401299442847346  1300.3747999382688  9.886683931130031
-59.82520861862667  1300.949247976657  19.705903764542228
-60.79345555285442  1300.38296313472  25.63242201917137
-59.30392294204921  1299.1481667580156  29.673740302763306
-55.76744662706615  1297.0185350281963  31.836440119042607
-55.50246042136798  1293.8162516044822  36.23690036083119
-56.38834126243305  1288.9479705627587  42.03581847704384
-58.16079113978385  1282.5761608860214  48.87657278485654
-59.63262879908753  1274.8760606049343  56.29393263056719
-70.78572703121732  1264.6949598357992  71.25111117154268
-78.7306477067362  1253.2052129367494  82.83679830310518
-83.83083399240724  1241.5556831032832  91.43188542088943
-79.15989383365402  1230.0989471708483  91.36807378887013
-77.4562872953878  1217.8343079564515  93.27795891437182
-78.77312323242532  1203.7193513753912  96.9443784498474
-79.34087363257632  1189.0623628178403  99.2838706096355
-77.94145862330633  1174.4440065529768  98.6379446479518
-75.68140420216872  1160.0543594841886  95.9129259263346
-76.26551656073306  1146.243723523356  94.09316694351764
-78.74211056265122  1132.489187969219  92.85183719716086
-81.45462440080446  1119.9351300434475  91.52779466557504
-81.58682918433298  1108.6206634466485  86.5350955475675
-80.0518302857113  1099.2118205583577  79.69232878501947
-77.80908612427912  1091.0582781926287  71.42315151735507
-74.8040611947224  1084.0235100262878  63.35781221408474
-72.02652864873129  1078.2171002834214  55.83259134120023
-69.36704930472213  1073.4600965634181  48.69682036315337
-67.09039050727078  1069.7536507030143  42.41811439010161
-65.16716619121571  1066.9187044710964  36.98976850323688
-63.65225182458279  1064.9805827559048  32.529872463972104
-62.53803834081533  1064.0027418471068  28.976928845208025
-61.96819227107584  1063.9769845425676  26.172603995709
-62.10846626687006  1064.8664955399613  24.646139049778455
-62.75970336181997  1066.6254511445798  24.073397607238057
-63.9786662581455  1069.161931978765  24.611542995238203
-65.56839406234084  1072.3616881316225  25.959261311646465
-67.92305290253152  1076.039981417187  28.566792619951272
-70.45557135646348  1080.0276685265146  32.19028807298156
-73.51350586766267  1084.1167026498338  36.919043075881945
-76.812410555893  1088.0461840879905  42.75808713446243
-76.46337834311144  1091.6705531016435  46.08472883936546
-77.85508494070777  1094.651329972896  51.447554561580326
-75.9561961017298  1097.3264204173597  54.46196906990897
-76.21953883551309  1099.3985503412152  59.71631301483739
-73.31383821430688  1101.132362552638  62.10132797595682
-72.30725623801487  1101.6702379857188  66.82244819051863
-72.2589639592528  1101.1037251587284  72.88391847660027
-72.42661139125843  1099.1773370569576  79.99313234097775
-73.12690545479326  1096.154726636907  87.00535374986136
-73.76990603220327  1091.8769861738688  93.86757134173935
-75.06368363444032  1086.2137391265228  101.13776926246217
-76.0543078714935  1079.177101769123  108.54997064645511
-77.10842307927359  1071.0165738454223  115.23636216768696
-77.46611489965049  1061.8550159439806  120.71874277102562
-77.51756489275766  1051.9558521073648  124.96831139867115
-76.90319628157695  1041.2716853490517  128.3797626557876
-76.10398187809402  1029.9584648768678  131.16612245495332
-74.5161212539191  1018.0881890153358  132.5160876810156
-72.73390465074978  1005.735582161575  132.71060962018166
-70.34727624463719  993.0161154387742  131.50680922632617
-67.10036291362212  980.0920546052007  128.69991145478303
-62.75530649262778  967.2075907622192  124.20672867965746
-57.569029569444496  954.678467747888  117.9013357077455
-51.95519285888517  942.6465575894572  110.16939783608673
-48.800021697402094  931.3929707679425  103.57276780057487
-46.7616483477477  921.0405914340885  97.32039902860595
-46.038092511388406  911.9622010376994  92.12257160033381
-43.71871645123348  904.0862335721345  84.95163665291835
-40.819872717707106  897.3256180501653  77.27297323981496
-37.77685496568485  891.3168306077538  69.35503229028099
-34.35435449922019  886.1020755877303  61.762499726494255
-30.98830651815425  881.6814942319355  54.437187451230294
-27.55246921899998  877.9782683812148  47.12388650759235
-24.296930789970794  874.9159827323499  40.1644699644266
-21.108157636503755  872.4294289426231  33.42526441750306
-18.14286207660612  870.5044599844817  27.24133873340582
-15.342824998779363  869.0280980340756  21.453590384269766
-12.892437821357502  867.9131785093432  16.294133125899705
-10.63845357790219  867.0959910253592  11.516014328188117
-8.668373051393615  866.5529670619856  7.253304248658309
-6.806731940754849  866.2603630769057  3.3052359775527154
