-53.48689671188387  1299.0132095614463  25.730059158238028
-55.15353641432091  1301.2349844373311  29.280773323512676
-57.6804805852927  1303.064525222826  34.102495576464726
-60.83149436162829  1304.4914320676387  39.82886356382037
-64.92693966699134  1305.0920838339798  47.26994558769417
-69.73279096751466  1304.5747418904027  56.166281651216245
-75.19071899946849  1302.3218584315225  66.22001633783853
-80.90210644761194  1298.1723551807963  76.59087158962924
-86.65157130540183  1292.1536964255424  87.07582234127483
-92.21157342337354  1284.4085419702806  97.08463343845662
-96.92641639292131  1274.869499237318  105.25477816980192
-100.66350582109715  1263.9469939056826  111.15850648462515
-102.73456292380072  1251.7806358399525  114.16048275297348
-103.60288623332431  1239.134520922347  114.7543103983915
-102.41411309931462  1226.4386739844476  112.28940890553108
-100.09248155880726  1214.4259779862186  108.09774996391539
-96.86254370454301  1204.014006579831  102.90201431317958
-93.50797506497375  1195.3081925390995  98.05753610424888
-90.28416745762036  1188.208924626493  93.76056661690829
-87.77507136065738  1181.801681339511  91.1757688160979
-86.25142939332522  1175.960910383894  90.03726361741876
-86.04228199763998  1170.2846144336033  91.40571298035668
-86.9195052842771  1164.5698654153252  95.08657351687881
-84.87685974919  1158.2486870248533  97.89617106845756
-81.08123706688622  1151.8601948246485  100.1192827499012
-75.87932823328981  1144.3549465102906  101.10702449162662
-73.49588625234787  1135.38803852609  105.0833873509026
-72.04941450293637  1123.961254037651  109.79285239722084
-70.08308657714379  1110.6836151154416  114.0263297572636
-67.53079820407551  1095.9973936267654  116.70284834336437
-64.16188547122417  1080.1480359770298  117.27653654254726
-60.68012687596596  1063.4482384103721  116.60210804891234
-56.228758328918225  1046.1349396459077  113.74869176116357
-51.49940430716596  1028.9707253469398  109.72666268165639
-49.47926114841873  1012.741092875877  106.8754716722055
-49.226629953961634  997.3392752820159  104.36727496331065
-49.79570679555382  983.1809251951393  102.28124439090605
-48.311777785502294  970.249027293235  97.35804793365527
-46.196362530075305  959.1268732491508  91.64817533021674
-44.37830977668898  949.2911654869272  85.87765453628678
-42.70303823022276  940.5378395633084  81.30068414429694
-41.2881151397554  932.95173697347  77.41314916692022
-39.79413680778059  926.5091546957614  73.486455888922
-38.33680456056538  921.3524743710773  69.63398700833034
-37.045277189376634  917.184490136318  65.96185284309453
-35.6952236159626  914.0016132174918  62.66000500644551
-34.34395128918007  911.6364099242647  59.56352036421407
-32.87138518285816  910.0307827931142  56.6951290138758
-31.432414854742852  909.1236363052833  54.140130279495025
-29.928458641515036  908.829034047059  51.815527938390616
-28.39536257303234  909.1049657859016  49.83230407530262
-26.744068317666056  909.9253723569528  47.92137183390977
-25.044632446226803  911.2683864110388  46.17210451762173
-23.044071604147884  913.0955168632794  44.252983705589976
-20.861584297823512  915.3355531830288  42.28793800885184
-18.281306392362076  917.9358955750251  40.00806164265949
-15.42347249477829  920.8212155486657  37.6019538385791
-12.150024266917319  923.9746171976296  34.797108214162776
-8.527228482003634  927.3521985459537  31.7457970512304
-4.588578591735603  930.9237525062879  28.33979434443545
-0.5087797784746155  934.6191536716952  24.873218411383405
3.6191529232613164  938.3686809337789  21.410858358723896
7.720149100516268  942.1369016069181  18.201796661241993
11.782580521445468  945.9141296580792  15.053255392126893
15.771094396876604  949.7169947970949  12.229339233488954
19.713849020453132  953.5643025834459  9.44923608212064
23.5960829953191  957.4502661974147  7.082113453462794
27.46713850432632  961.3563406053692  4.77024420280516
31.280793804802578  965.2340767301756  2.733004445500555
35.11067434022222  969.0480051141875  0.6626779646722629
38.89782158314042  972.7987814038241  -1.1889659564298238
42.73813790347633  976.5086787563714  -3.1405972362486314
46.481340141995986  980.2071990762411  -5.13138419746256
50.2327617217047  983.8095676351  -7.433014247496025
53.75287583631745  987.2085539982156  -10.004069459120597
57.23472952332936  990.2131601087191  -12.465086637094704
60.30456089085298  992.7918449468309  -14.575846284677814
62.93358032677506  994.9639407206383  -16.105332571981464
64.97334384987244  996.8722334261881  -17.389196243796324
66.58586186589342  998.5942666500739  -18.457101555833862
67.7380343070904  1000.1880932315562  -19.25207378667302
68.47689840506054  1001.6474098719109  -19.71683255537031
