-62.636145412909556  1296.9159650032154  10.981629263337394
-63.31830357795473  1297.0880297822594  11.52605266649014
-64.31350962749141  1297.4568261649963  12.615048408293253
-65.68921191854403  1298.001002212689  14.162483528589588
-67.92598054763694  1298.6654394241004  17.017602859457533
-71.23793038556708  1299.2617328234076  21.73278646577099
-75.96224188214929  1299.4911475509314  28.92959299107519
-81.5808477951736  1299.2949372720154  38.29207253164832
-88.62864781613388  1297.7524386603932  49.83098167206771
-91.1266421783326  1294.3786369663558  58.18811781500247
-90.91632044466954  1289.2917616591378  64.35249343444559
-87.76001554580735  1281.7531027636041  67.65133930552992
-91.39722680063963  1271.6774221651883  72.35203059483676
-93.33599857476037  1257.082107776835  75.0107506027353
-97.46116168130743  1241.6871164163902  77.77175809406876
-98.54689875003866  1224.3876638476445  79.43477125395205
-101.7360049786395  1207.8383766212078  81.81343685639035
-102.57068430227477  1190.8068483534084  78.98483480024791
-100.99474243724478  1175.756151626936  73.4817435759243
-99.04562989368816  1163.2276571081984  65.75149782257292
-96.68112604523573  1152.6842621946744  59.54920753863595
-95.21143345713537  1144.6385619880532  54.713355199221425
-94.02826151694735  1137.7553851589087  50.79888961707531
-93.7236724187814  1131.8838085095963  49.27512296917874
-94.5649477914735  1126.3003406199286  50.33905301833555
-92.82404065369667  1120.5711760588952  51.39685291780587
-89.70422541725429  1114.9740340419228  52.817736965202116
-85.22640056851915  1108.1603180486566  53.6540696859497
-83.49280677809062  1099.9805971598748  58.212355194558995
-82.72285838550428  1089.4954082411598  64.72384622273152
-81.94102455350813  1077.0040916938135  72.16336949828103
-80.70478971285957  1062.2757723981783  77.95188719584041
-79.12971724981023  1045.2423321927104  81.94375222467022
-77.26031158497162  1026.0396152107173  83.91903516701028
-74.06103393583174  1005.3662274670723  83.7700271635667
-69.37255650462266  984.2043473703114  80.87394878117108
-63.303316248511976  963.6078418298738  76.15086181653234
-60.20815644046853  944.0852805088357  73.54433645661882
-59.03491477680082  925.5259790483515  72.6090181418624
-59.44156283202946  908.2362220280557  72.94773665434393
-58.11237470967917  892.4463438481785  71.80684940319107
-56.355436047811246  878.5352771579119  70.09177469969356
-54.761596491473654  866.2159190739167  68.48599366946372
-53.257314732224295  855.3414763945518  66.68988482106934
-51.57149860165223  845.8102673128269  64.8111911559702
-49.831439572855075  837.5154479734232  62.7923054686735
-48.25718418075206  830.3785128640789  61.04439922685879
-46.97531794736967  824.2580551398497  59.50444716775445
-45.84726262935667  819.0280658980913  58.17494885504078
-44.83853774149821  814.6070327110336  56.871371796787216
-43.97790319647896  810.8740293233095  55.73612900188934
-43.235411274431954  807.7633832420454  54.65690769354133
-42.56677734864193  805.1353032892913  53.680910564376646
-41.96684711755096  802.9518880579714  52.82757123895441
-41.424982178575256  801.1454695779563  52.13379716194362
-41.02854717070988  799.6678141863217  51.581819832588174
