-66.73344610968633  1285.91622495518  -12.692874220923157
-66.35092560721507  1290.8027426567594  -14.133213531624827
-66.79272490455358  1296.4981808401405  -13.305417168077303
-68.52128633553184  1302.245709583631  -9.79618941285857
-72.17520930106087  1306.8426362874322  -3.020020897169312
-77.68802790725596  1310.234043040393  6.533871721168354
-80.01467681945216  1311.2304828010447  13.861028713929793
-78.2398725959818  1310.3447565690801  19.225989932124122
-79.60210586991033  1306.1700785351977  25.774965100899298
-85.09314528045765  1298.3415246541435  34.35718018074403
-93.59915729350723  1287.9396231999826  42.4359391357957
-96.35733472460113  1275.972783219931  45.38884903137412
-96.87066893149476  1264.2444457722918  44.32248243042966
-95.65359858280888  1252.2000069226933  41.03613035990536
-93.61318297660871  1240.5121479711304  35.89840176728111
-90.70923518862759  1229.5288758857537  31.891559440598243
-88.46702136301764  1219.397557471475  29.50628890369856
-87.0817681928197  1210.0294667529179  28.79190888773912
-83.07143735048531  1201.1218693754963  26.948213426152797
-77.66488563394486  1192.4140646820965  25.45395042505872
-71.8880620911119  1183.4681667709672  24.584221007280924
-69.09355607892242  1173.790728131619  28.695796371866265
-68.01117666841053  1162.7791869641371  35.13783126476223
-66.96301772785938  1149.8091269905394  42.810934686890114
-66.05197877503113  1134.64835919242  48.88098853198228
-64.78612279266693  1117.2509960062102  53.09397826409773
-62.6473861303613  1098.1405271606159  56.32154129619984
-59.275365761791164  1077.7119745392404  57.362945974241526
-54.72978339846373  1056.5869967361282  56.826806969176445
-52.98353285728928  1035.414204204327  56.902195941962226
-52.82503936757155  1014.6818335808154  57.53393083695972
-53.372946564434635  995.263287027641  58.80720503356747
-51.9080368686938  977.512092011019  57.09706706323842
-49.76058188205663  961.7399741949913  54.49867523061303
-47.712990067505736  947.6455663773493  51.035334138292605
-45.510023343782784  935.120090398977  48.13732728783391
-43.22622259080919  924.1459312512472  45.01123646919318
-40.84146784410601  914.487959279198  41.877631023646394
-38.41376021603255  905.9407639377204  38.71316189369739
-35.96572525777953  898.2727764055616  35.947459601582935
-33.414083031563756  891.4790764090881  33.46898659699422
-31.010335992536383  885.493450910352  31.451561416889266
-28.84954979275228  880.2529583677399  29.709547535351273
-26.937174286333065  875.6534895038077  28.307033286814384
-25.21120267012063  871.6940389495686  27.15039955470401
-23.586542971663267  868.3121905175695  26.172811111344146
-22.082299714175704  865.4399735311297  25.335108800637883
-20.63964505438062  862.9737651087269  24.601689036106457
-19.336809962084164  860.8998809513503  23.99888516120086
-18.160500046553047  859.1981723822933  23.45355833299917
-17.1240382186071  857.8478578113838  22.962160399036065
-16.201938374475077  856.8006987231104  22.509051809997555
-15.375891832012503  856.051318122108  22.013337623667514
-14.666018804216487  855.5897659987808  21.532935790862645
-13.998713696983028  855.4171041297096  20.849274119570367
-13.411983315786774  855.4945693481367  20.200642842891767
-12.905971721684235  855.8225820402307  19.46301177337373
-12.510527977585378  856.3682037048708  18.82462901879575
-12.18934420828199  857.1714531527163  18.167900505686784
-11.952063240040175  858.202409046958  17.5094639700398
-11.82171268292232  859.527133411614  16.92688463884848
-11.865851603814262  861.1241889195487  16.40493305084307
-11.980801464080514  863.0708060294635  15.977360148026735
-12.223839274892406  865.3828525700376  15.591185976680608
-12.495695658218708  868.1508887472028  15.272819723054836
-12.930463710491027  871.3831687097332  14.986344973431715
