-38.235119719088445  1271.4216779048324  18.92619821876066
-39.10380909630708  1273.6577594892753  20.368149525921613
-40.30518415182131  1276.333426645759  22.11442554272067
-42.2161564436456  1279.2443032057529  25.141512491360455
-44.614141564037865  1282.2719251589488  28.981180288152338
-47.61281412186254  1285.299511550571  33.94260413336446
-51.0645661722093  1288.2576157562885  39.55221687268994
-54.88331818169708  1291.0486602896651  45.909060166035985
-58.97618343543155  1293.4100207451531  52.99639074395039
-63.44614193440479  1295.3326229375782  60.929767150524135
-68.13785923070066  1296.6743476599067  69.14723138332062
-72.99294686930541  1297.408858423574  77.95495078956513
-77.57308520644243  1297.4096387569846  86.56532127917453
-82.3180495845356  1296.6172110653995  95.64296141831684
-82.3054362281736  1295.5217473554303  100.39885837761265
-84.09374782739471  1294.199512907662  106.66327259349872
-87.59832390198146  1291.1716085636313  114.40124649477097
-95.55902640606598  1286.8773648311385  125.83178908292172
-101.3036217435189  1281.2173055904077  135.11251224589012
-104.59256576339183  1275.7260299060338  141.96245109933676
-107.94998070529411  1269.5490277248591  148.38684268955228
-111.32843106503154  1262.5356670770088  154.764742701559
-114.45794071041279  1254.882786891181  160.5030309774075
-116.90007499845613  1246.4525771486863  165.2850805892182
-114.7133183428233  1237.7371485934711  169.01112663213422
-113.86954825900224  1229.7357134294007  172.1705998237339
-109.37204700009076  1220.2939866424686  174.88259884050663
-104.96936580447317  1211.470289088151  170.34878460787505
-96.87195422248072  1201.173351862772  164.2684294366835
-90.54327332860878  1191.7361987020327  156.56774554261665
-86.70025382683197  1180.919667465603  153.54426415642698
-82.75579402281068  1169.6161367201285  149.39684282301363
-78.41320752565066  1158.0983554798358  143.73298707082697
-74.07612749079784  1146.2099387787964  138.11885612869597
-69.76403502433749  1134.2740621432995  131.9386050901975
-69.28210967380357  1122.2440950734579  128.84665972114513
-70.53647468592503  1109.6841235244397  126.5651465104849
-73.51825784693932  1097.3323093749786  125.3048043932938
-74.0251641761629  1085.2671411118718  122.16812062110215
-73.62660623058353  1074.315491403506  117.69972708890293
-72.5893261782393  1063.9001575610316  112.40442441686612
-71.03714026473125  1054.0330366219787  106.27095387883125
-68.75922171208204  1044.836793259171  99.69904154987452
-65.97019594522489  1036.332221244695  92.98361794444712
-63.00910279135762  1028.6723675112978  85.97764723486524
-59.976103736454384  1021.7875457747718  79.25464987811053
-57.07363443123127  1015.7097680514894  72.72855006076608
-54.23680357704377  1010.4655176051781  66.65946408350793
-51.61124131016399  1006.062694085929  61.03108452521212
-49.348159168281384  1002.3962656910833  56.092507722807746
-47.44306937164686  999.5295448385566  51.774227658800555
-45.94490459167091  997.5015262840296  48.0885008188868
-44.791959299225866  996.4500173130971  45.08509163240189
-43.99347673324863  996.253306026587  42.738976201013635
-43.74290339550921  996.9106287691692  41.05195922298883
-44.05545829891268  998.34703665393  40.26153456676146
-45.06182541482091  1000.5858018808517  40.34883293025658
-46.37406626771465  1003.6061613304545  41.534688569177796
-48.22305363877576  1007.4505793326241  43.4446426862748
-50.54053950196665  1012.0317759958788  46.309168871932435
-49.64150289027383  1017.2013318992175  46.76852120305039
-50.50784396419398  1023.0385063048784  49.3529277825865
-48.478900407865616  1028.8466568578817  50.05368163912774
-52.16932611288448  1035.18488129881  56.15753221037148
-51.21325057839807  1040.7673940445834  58.77600986963357
-51.383404978577  1047.0711338006715  62.80659004122121
-48.52174943492739  1052.7657965383532  64.23166820849256
-47.76803127892532  1058.5708328175376  67.87923379298081
-48.09313337218278  1063.2329860624945  73.11827264033745
-48.74411064678257  1067.1196210329551  79.3725411940832
-49.91291071392438  1070.3841369065017  86.12661823463941
-51.2040378058428  1072.8020560447303  92.83767175881668
-53.01155235220723  1074.3333916080273  99.7668359526072
-54.83764598636748  1074.7031239568387  106.92244497256048
-56.75047243814056  1074.1952286936316  113.64545276408838
-58.389601849560314  1072.7065921512162  120.50229796033902
-59.9766729915148  1070.3544865568056  126.31646917605147
-61.5018802022238  1066.955127870815  131.77756385320583
-62.88503049597586  1062.7510324036634  136.22573234078064
-64.14442562217693  1057.6857209595166  140.43210201180815
-65.28379223893145  1051.982969992752  144.15543879277314
-66.14456761572785  1045.5666797229442  147.1450598343274
-66.66005388125448  1038.5440213687114  149.55257491661192
-66.92280768488332  1030.9244955559486  151.29228567453765
-66.96478275537176  1022.8585696999843  152.59636890375728
-66.6227792720211  1014.4975907925427  153.08750976525093
-66.14480665115731  1005.8899658925164  153.08860113681064
-65.285151155586  997.095641663713  152.34134129962104
-64.47426431487743  988.0197154505881  151.24058084749717
-63.2776178936267  978.731662937418  149.64383524411713
-61.80248741090857  969.3424295920972  147.5165672866621
-60.097668303269494  959.9286281920416  145.0798569768385
-58.11744125978351  950.6043209794822  141.967796456842
-56.11175452280821  941.3086171439534  138.51772460149462
-53.78290829879956  932.1499836056241  134.2604888207443
-51.05206134944617  923.1496061891498  129.4382705178227
-48.288655841763365  914.4047195137814  124.19218879671776
-45.0519996590751  906.0044096789989  118.34178564920268
-41.83532683398656  898.0639395164386  111.83707904824776
-38.04004962288385  890.675644812999  104.34202747909191
-34.17654266339438  883.9309162139209  96.13622956138535
-29.907888477637904  877.7911724670172  87.58391669183068
-28.741963132122223  872.2614153361718  81.58764617871981
-29.383351228753114  867.3852572933183  77.16524949490945
-31.446128459348927  863.2829188904284  73.78224855074215
-31.58065452953207  859.9097394001071  68.92262680969843
-31.188751475299277  857.3444485483803  63.18621196573757
-30.794241893756954  855.3751299335507  57.448816249975934
-30.21932557333629  853.9411367582231  51.67381213388295
-29.26989649140919  852.8124379413363  46.475804838754634
-27.862862870416723  852.0084653226997  41.450430999756186
-26.338934788027306  851.5189873130238  36.617809823513404
-24.76377970211831  851.2868109086043  32.181407305735384
