-43.966278069212045  1281.8492566840443  12.12087915342872
-45.55850491585849  1286.1723348567732  14.750662403049153
-48.44760213315789  1289.6919091762325  19.48096914249824
-52.38001916813876  1292.367869249708  25.80081998305192
-57.15043168192463  1293.861052152604  34.01471939454372
-57.85730212103647  1294.2125027649204  39.239443447071466
-60.854863377514526  1293.3428335250298  46.856771202526815
-60.46086762272153  1289.9699708585617  51.73217559933652
-66.80392234016699  1285.261166068853  62.3599606798788
-73.78879973667053  1277.0034656712462  73.43712142323217
-83.74267193101376  1267.2368173610764  86.16398825494322
-90.85226125101092  1254.8330066855958  95.72046214498968
-94.47569598519797  1241.7245158306666  101.41116851279754
-97.68402953050752  1227.67735895218  105.63130762698017
-99.79887480430008  1212.9891705625957  108.04359224536785
-100.45807793775377  1198.2732836740142  107.75090484813481
-99.26927393859629  1183.8288169631317  105.29853167228376
-96.74697777454445  1170.2978682478233  100.55699423819551
-93.15825612321277  1158.027962299968  94.22818845387026
-88.86591494730092  1147.2453752184415  86.64188055723153
-84.06264784017603  1137.7736508004223  78.61104359621447
-79.91439282797882  1129.3189091912232  71.91023918972445
-76.81445362665163  1121.7333582197348  66.64772475440454
-74.91818573316503  1115.065244466224  63.63473344393066
-74.13776093440906  1109.1774672370057  62.51437619268821
-74.70553249529758  1103.7786412393261  63.937523897120286
-76.69693307718778  1098.4461525441893  67.84735643473351
-79.7444899833389  1092.8988579633099  73.60434846535965
-79.4182570279248  1086.7544579312569  77.87635811672904
-77.17370912726977  1080.6300721143862  81.35635423207884
-73.22290487012735  1073.5088352240587  83.94748773700266
-71.80962065135608  1065.41157197215  89.16593690448796
-71.20239291062711  1055.3251744006452  95.68758818195727
-70.32654268278813  1044.113522705312  102.52326564653197
-68.99535440527106  1031.762758302069  108.18953533775733
-67.22307194002121  1018.2594090755294  112.31867547596714
-64.91503719875796  1003.6505883069631  115.2779989433377
-62.24345201718317  988.1735228488149  117.58756794819391
-58.73545165550269  972.4181576548361  118.4742379189735
-55.30447390209201  956.7047770235267  118.31999195302869
-54.187697651694634  941.2823881137089  119.21541090493761
-51.81529689690381  925.6216617434812  118.26739764605894
-51.42915231229704  911.206498423046  118.38690926514909
-46.55740203199877  897.2421541198249  114.26710463289348
-41.15342733531078  885.2907849279484  109.30140303463348
-36.37136876758812  873.7255809160013  104.65675132608406
-34.63742057738732  863.3853775162877  102.37155164435238
-35.84214883276026  853.8548844878886  102.38164269101406
-34.829778107974406  845.528181495994  100.57650293174719
-33.28473482684636  838.578837418015  97.88774350035389
-31.68284780547581  832.4963539792733  95.21112801169394
-30.314381893805518  827.2380849871822  92.50429109739518
-28.928226808357795  822.6807034210442  90.17402977902555
-27.22650893030749  818.8392532876886  87.57884466502698
-25.617715783099126  815.6003391366504  85.09278975668694
-24.049749152630717  812.8881331014799  82.66233891372858
-22.700729696025082  810.6172642417556  80.47789740148292
-21.39638792130253  808.7540066485773  78.37802243949386
-20.197935560420618  807.232870802019  76.4180590220524
-19.091669889184757  806.0033242413102  74.56534669168057
-18.122567902445464  804.9922261293927  72.86230630855479
-17.293022433672306  804.1635640078817  71.36312598290807
-16.59827849462821  803.4956377286475  69.96810480558621
-15.99878144129392  802.9736241136563  68.74946985134775
-15.51637236390308  802.585852027611  67.56203495500968
-15.131693454492874  802.2964042508986  66.52772523792581
-14.8415910234988  802.1003002660868  65.5747493540972
-14.603076597227112  801.9818510483625  64.65868852549583
-14.422991860051974  801.9474927133269  63.830912615484536
-14.294959162396733  801.9954487882857  63.030580086001635
-14.202674012208437  802.1218021333701  62.35733872737562
-14.138763081922882  802.343179368679  61.56599841355685
-14.079727214225892  802.6389642565031  60.8270626709893
