-32.40776945370705  1258.0891544911187  19.274659407353752
-32.565378294264605  1259.3638989680421  19.091412450377405
-33.02006074508464  1260.8533478207366  19.24650764705668
-33.833406558413614  1262.5941707847273  19.892719356755375
-35.03473369287231  1264.5383058587606  21.279803563178948
-36.568459718042774  1266.6938972404232  23.28716567809027
-38.465189626084744  1268.9363275840863  26.348395336932334
-40.81392029256226  1271.1876686610917  30.113362572751697
-43.66763436099696  1273.354858766136  34.811182438463575
-46.97414196131988  1275.2918510138122  40.43768219867711
-50.73830549487583  1276.8685097831935  47.00204252811437
-54.973367841979965  1278.0726613510399  54.73420088436738
-59.754121243966864  1278.7249968219091  63.251195702796764
-64.93615136289245  1278.6224222170113  72.6620893440524
-70.38545998812938  1277.4334426483706  82.71028133225101
-75.99687511648057  1275.0552541026905  93.41405497394774
-81.61419944418115  1271.3818096426276  104.53406152967693
-87.31771464445629  1266.272490679076  115.87641286034062
-92.75409881951748  1259.6040274112222  127.49149250503359
-93.65150793909561  1251.5544780604985  134.73250665015624
-89.29783780796639  1243.4486949870143  137.1409035648944
-82.9581697694021  1234.3846625975548  136.74393838876273
-78.70333087255474  1224.2166942169208  137.78057549614846
-77.17500321356704  1211.8349821591512  140.11212332562442
-74.42742591907324  1198.4496140026424  141.28968967819827
-70.88813854157044  1184.5538184954103  139.88605380670353
-66.56040244577096  1170.1961339339598  136.90562508692966
-66.12952493656705  1155.6241428510107  135.15678342420054
-67.9030905383186  1140.273398930272  134.82744504020707
-70.75198968828755  1125.5004510266617  135.5003002545299
-71.15537072193933  1111.8064431546643  132.2251265765713
-70.14779440073544  1100.041108737071  126.8151314228048
-68.690095285731  1089.53453058746  119.5605005897892
-66.50734032937648  1080.454710304516  112.23221448548777
-64.07519105325872  1072.8230367262968  104.72337629114787
-61.73329834888012  1066.7051224387512  96.9065720457251
-59.818471114747716  1061.7769885992618  90.24093072936932
-58.396245703999256  1057.919173582036  85.19043133018991
-57.732480131282784  1054.8989539563577  81.80717742274001
-57.87798316902107  1052.633871912838  79.93475128989652
-59.04298743349137  1050.9792263111556  79.88725647724011
-57.196451819067775  1049.7389267952062  78.79635703117948
-57.46966121960778  1048.5314753196992  80.73612738140577
-55.28390937780885  1047.518434911907  81.54941066905772
-55.2285102054996  1046.4640059688509  85.13056346547245
-52.37641017099692  1045.5272664758525  86.77109842491943
-50.95478341943511  1043.9854871214393  90.87069513712936
-51.07272007260603  1041.7591462247185  96.5961518847481
-51.463794530793315  1038.5116175878459  103.69105744766588
-52.40904229991638  1034.3271779223383  111.16041954499191
-52.84755868671847  1029.1716769165243  118.22318905493184
-54.14184062618366  1022.8653119716082  125.92147413368339
-55.540742839527226  1015.5857363278793  133.22813400825262
-56.64959965414238  1007.3717475907745  139.8939386486907
-56.89309779456101  998.5839863411405  144.89805504881878
-56.987686668891584  989.0864886434907  148.81015448679716
-56.34440532291323  979.0270888593616  151.37437079078032
-55.306268660004434  968.3484534703308  152.45584037291744
-53.27175563756408  957.3129206131372  151.83297491850055
-51.06969263549179  946.0660484909325  149.85674070222677
-48.27285774060814  934.7894837596566  146.41779390890278
-44.75886887457271  923.6197781491773  141.36220383666597
-43.72993644353014  912.5942193104044  137.66092796740168
-40.898970391470854  901.3881487904135  131.73879379171223
-40.370516098209194  891.143814812573  127.13821083836368
-35.28305471854887  881.378978102778  118.24238119913079
-33.71340020954147  873.1230711456683  112.19238859478429
-31.604507998287566  865.2005327702296  105.66880893173658
-32.05130918481974  858.3547757027078  101.71735370852845
-31.367051905082104  852.2186328167446  96.58256396375548
-29.955330646566217  846.873002567266  90.75175854974195
-28.381510957880884  842.180680625327  84.61859596856834
-26.560535836579565  837.9848080602844  78.76753014029136
-24.58425931636606  834.3651562215412  73.20020941636069
-22.604932707809347  831.2648819113955  67.95659450483973
-20.624916183150255  828.6195327357267  62.997415822475254
-18.849233437723264  826.3372557255343  58.65271035656693
-17.09226648520356  824.3511359724353  54.764351030066756
-15.60083660378156  822.6408185239542  51.427849391288674
-14.120045439708498  821.1442008430057  48.461324450654665
-12.884750881195892  819.801264225082  45.873528193881526
-11.646180143451595  818.5837819112515  43.70909049030732
-10.620736469167637  817.4780026844662  41.85002956952487
-9.710121579663147  816.51010352347  40.28298938695714
