-68.48632063975532  1281.9085142354916  16.66876234809247
-68.67205804588963  1287.617359997383  16.052682136664288
-69.49974352639184  1293.869087416196  17.141518755464126
-70.78345912973352  1300.5108531121903  19.517785004385477
-73.01224606821674  1307.3032937466692  23.520963767794658
-75.54593692624839  1314.0826885634913  27.903669626550126
-78.88866371206001  1320.462210354491  33.716946036357335
-82.78580079533131  1326.1918541491298  40.924283398818964
-87.25775845394875  1330.9568312407464  49.428234979238326
-92.25407699447565  1334.8747410068158  58.795417226094926
-92.57082304775801  1338.1195156643344  64.48736509588245
-95.1395149066967  1340.9529878019398  72.414359060799
-93.8052969779013  1342.5537787328708  77.38540039197922
-94.69820396166006  1342.8185130558384  84.37838355518674
-91.79020419309272  1341.3397357827248  88.17452952171155
-90.72370979604486  1338.3597788797138  93.33362760553862
-90.89731624114322  1333.572111781636  99.21225306768315
-90.91456308373029  1326.723964779098  105.49275426776241
-91.24376909695889  1318.2067630348763  111.1733972522353
-91.30839505137125  1307.9727942822562  115.98513146436638
-91.52535084615606  1296.7873515946976  119.55310920719822
-91.31880191491996  1284.5185731840706  122.07229565740568
-90.70004593664206  1271.8460933593747  123.44265473112101
-89.34645816825602  1258.6654594319093  122.95407228904084
-87.32442611466817  1245.5027589815386  120.74843666864152
-84.32946337258028  1232.3278545689486  116.7263371941759
-80.59500418838331  1219.4633174407302  110.87072619254812
-80.13948128506624  1207.0233354728127  107.15990213444093
-77.71369004736925  1194.6478532369924  101.0948613098559
-78.29003345413341  1183.523889962628  97.4482013124578
-77.07815870750406  1172.889543835264  92.20925464293484
-79.29275897983828  1163.7597674935535  89.9653487615297
-80.07211800650454  1155.1283987501563  86.77551995765239
-80.18565832324681  1148.0703754098242  83.10547943555383
-80.56875572101276  1142.1526656814283  80.08086332626607
-81.05202015476331  1137.4161251462783  77.4800520779921
-77.93009096067073  1133.8630040601552  72.72465025737425
-76.53849258327476  1131.8029836309802  70.06674031935484
-77.27292153037105  1130.6439192410833  69.88674911456764
-82.18323230626157  1130.4144747199907  74.39748694944436
-86.04058794191766  1130.739013349811  78.86928208984165
-88.59378691531198  1131.9784868752527  83.42825834132285
-92.16894140964213  1133.7511097271397  89.29257960181641
-96.30382251293804  1135.6914254891597  96.7868607621241
-96.38130344825893  1137.6186637701692  101.71201409306867
-93.7909620597586  1139.6855499014416  105.22740217352171
-89.0689366838637  1141.6525294703954  107.36437390273171
-87.13451208462018  1143.1805222947883  111.84885522290783
-86.1900029463362  1143.8978363657443  117.59474998804426
-85.30318989113596  1143.4850502253175  123.79924692253427
-84.54885745430809  1141.933436032211  130.38067852621748
-84.05843175753301  1138.840321798557  136.89546807030445
-84.13205339174168  1134.3869208395772  143.63000609125103
-84.19213186763186  1128.6209081576758  149.97641119979394
-84.39950863904383  1121.6095296316673  155.47828260126266
-84.1080222481573  1113.238739557461  159.7107095611037
-83.77682148020097  1103.7271524981172  163.30913906546448
-83.10199703928444  1092.9334063355623  166.5192591898595
-81.8019413546023  1081.3800045225605  168.51665082718552
-79.65404097016112  1068.978981568171  168.98067140560948
-76.89620338655075  1056.109234310234  168.03786125615284
-73.96129115384994  1042.9286586543308  165.975428968034
-70.11848211305607  1029.7754619238574  161.97453520585518
-65.17356137227753  1016.8656538723941  155.91996970785462
-59.586489624486916  1004.3668025411234  148.16585831793827
-53.70104558127765  992.3758551627425  139.55748755697937
-50.951001855618514  981.1859977693059  133.00747065708268
-49.830248318339585  970.5988714086781  127.54943771196376
-50.31265915650003  961.1976588442805  123.63264102522733
-48.77063722327784  952.9248069657663  117.73552500239893
-46.81006792312671  946.1387175188468  111.3529539942065
-44.68365665335784  940.2409578133596  104.43613554885988
-42.353709659325254  935.2938440688663  97.61668166033205
-39.81202207694846  931.1919194013899  90.87134065387808
-37.22127269200451  927.8430369710286  84.41190823245942
-34.94790700059534  925.0552707216864  78.602548511217
-32.80443738527893  922.7103198720413  73.3730470758433
-30.836514351769065  920.8160301293766  68.56778751671624
-28.92425381332454  919.3341471369405  64.06374774876426
-27.24810815537155  918.1813993538842  59.96977063562503
-25.79716340079243  917.2771946517411  56.36899668602072
-24.564990450817067  916.559992642998  53.278894707871196
-23.466541021509332  916.0108367393676  50.54391928687468
-22.469064417726862  915.5765263156165  48.16620788314448
-21.612001055777156  915.233429962951  46.024823649942014
-20.862675012077858  914.9185225390844  44.22002152673163
-20.221835354113537  914.6357585250023  42.64841225682051
-19.641919779525594  914.3062717602527  41.38551382543916
-19.10168559302763  913.9309173878634  40.33022414275972
-18.625266974315224  913.4758450218942  39.52275767521163
-18.176251964132483  912.9877994042622  38.82574967837033
-17.785166208139305  912.4821402624092  38.241517134825166
-17.33542768989253  911.9857979795851  37.69608649457575
-16.918291928688397  911.5097075070017  37.21422220321782
-16.44555897064599  911.0528875218941  36.814051148275084
-16.060402970187337  910.644072834394  36.44997276990802
-15.668696595944196  910.3206038881606  36.15424368760023
