-78.39582668751144  1318.8490538154415  52.6620625849926
-77.91229042720536  1322.6539562290434  53.315399960600935
-77.66972056528937  1327.0942731745695  54.82388097371401
-78.01333338722114  1332.0186464845158  57.24610658719099
-78.89180257676894  1337.2723345074712  60.57473342818015
-80.71402633049954  1342.6048080263802  65.11556806683484
-82.85674353587305  1347.8561148027475  70.62682675206511
-85.9752390494565  1352.7411971244605  77.56896535099813
-89.6099837349774  1356.940018868197  85.59063127315864
-88.95907384094694  1360.4444154161572  90.2144649839046
-90.55081246771918  1362.7550067797429  97.04445361587017
-88.41217553174663  1364.4454534989131  100.97521290324958
-88.75077092966833  1365.4483833359338  107.19177796902264
-85.16940798891355  1365.3278128623679  110.2645698197132
-83.73764493276495  1363.2725214866396  114.84051104428252
-83.6283488583047  1358.99669724545  120.26989937995477
-83.65529167665915  1351.2832460536629  125.60456201452781
-83.92744248578884  1343.7671576230068  131.19506190343762
-84.0865831803039  1332.9503919088909  136.0696848952395
-84.63407176672769  1324.0855267897061  140.32794052968026
-84.62347168347303  1312.1382899525895  142.691491402855
-84.45618656786908  1300.940626540982  143.55216540571755
-83.1173706323953  1287.206261601897  143.80812520461626
-81.15621158822113  1272.8482995992586  141.89663967976358
-78.36398373296079  1257.9288005605542  138.95968027782908
-75.04876315061492  1242.7788597819101  133.34733524634765
-75.36306327150766  1227.5877935105752  130.85603760178427
-73.14160870321247  1211.9503893817744  125.45402356379262
-73.8099201964396  1197.6713928542592  121.81580807743964
-72.17167351465443  1183.9361795111342  115.80996086152415
-73.58325954595989  1172.1597268799567  112.55504899698605
-73.412959861003  1161.0995227672126  107.57258212206582
-72.25914675500243  1152.0932451742922  101.93356807772604
-71.45637823413242  1144.555314648357  96.62860632946771
-70.79076192634402  1138.5848173726192  92.58734201722122
-70.80517497780522  1134.0844533553047  89.78398578668336
-71.38459703178589  1131.0193066647232  88.1483824478955
-72.68233786563374  1129.2240671519119  87.91419033237422
-70.69462106696265  1128.5129198991144  86.02858242670527
-70.58366570231644  1129.3227205554592  86.79269315760996
-72.578527174313  1130.4636084533142  90.22452342515854
-74.62400069887647  1132.2115153405653  94.51437900496792
-72.61936478226278  1134.6020539250455  96.07534419960199
-71.20727159996642  1137.0731585216872  98.89615047988046
-77.32240485409189  1139.038525849509  108.63919742402737
-81.8338103418138  1140.1585765112652  117.62490073857953
-81.34502865962641  1141.3522225185088  122.77382866838218
-76.09771634222014  1142.5527859157519  124.19371003255894
-74.19324488096483  1142.4280774145902  128.14425513667857
-73.75910321296465  1140.984248526203  133.70370790627834
-73.16517282032373  1137.94208886079  139.1376103103097
-72.08803278638747  1133.7124029044803  144.17779025677595
-70.93910869285762  1128.1412254527268  148.3546435803252
-70.44166320543728  1121.2226928948487  152.40209777379596
-70.01959904287135  1112.805269829881  156.16107372843564
-69.56210320910968  1103.1629099928407  158.70494164370533
-67.36814703895793  1092.489225134347  159.89750681037978
-65.05593402365423  1080.9291904130805  160.31573075458022
-62.34110244000381  1068.7067672831247  160.22854508886212
-60.29276496932462  1055.985396581659  159.0709772532454
-57.16563733513129  1043.2053336756317  156.17328394384663
-52.79361797588398  1030.6171691359805  151.19901923136428
-47.67284071799975  1018.3200458861845  144.72365703398737
-42.34432192979293  1006.5156690703226  137.05548969391322
-40.30972555351658  995.1911717937223  131.7946599570446
-36.92741369529057  984.1710399452302  125.03375888876951
-35.83614164968547  974.12774697893  120.04283874125987
-33.19917193859816  964.7355742092988  113.62696754718432
-33.278307093516716  956.476958999688  109.98962626758394
-32.36550220460719  948.8285139908587  105.13842110491778
-30.723791143806015  942.3079286405007  99.71675781871444
-28.964103378776695  936.7224322274096  93.85674418495755
-27.048881719913098  931.9301503834694  88.59461149041975
-25.400116317577464  927.7849917802408  83.86841035832418
-23.876104845585058  924.2261521278099  79.57447649466673
-22.30087142570729  921.3002068949288  75.42152366838533
-20.974870585944952  918.9428579267324  71.68217502459419
-19.81666573684098  917.1279098891475  68.31682206704878
-18.918665863956967  915.6903423273573  65.38095113912739
-18.148012182254405  914.5816248957468  62.827586611727796
-17.571906974338074  913.7189864917391  60.60753231386043
-17.17774154291692  913.0829026913403  58.78356126954482
-16.982651537538416  912.5996407869164  57.203214050163645
-16.838116387625597  912.2496921491374  55.87087517305301
-16.796280078084177  911.9764721268601  54.71245523979371
-16.776109315062897  911.7377661557491  53.739898818301945
-16.8387421076535  911.5089111137504  52.92299806885713
-16.911416053245574  911.2715234165518  52.24437285627117
-16.98883824270897  911.0434256202562  51.659824644534616
