-73.75289543127072  1303.720227952463  28.7448582742536
-74.38821390896898  1308.9326036590803  30.095526851063983
-75.61261601888144  1314.718689074  32.87859352969414
-77.37195270586604  1320.9810571553971  36.64870990458777
-79.79217556271797  1327.5031797897232  41.80467601725774
-82.98673320346313  1334.079169703833  48.254520697107154
-86.53637592498718  1340.5012249227543  55.70837899996385
-91.03788292698947  1346.3787900807133  64.72002314357633
-95.69824504050297  1351.3564464565525  74.11617897031161
-101.30916533233258  1355.398682619197  84.9700034785271
-106.83816655353442  1358.2368079728813  95.99322191118576
-112.62347572229334  1359.873694006512  107.19892081294557
-113.4576937594566  1360.5087651419822  113.83298791456829
-111.18540314476499  1360.5866120246405  117.44981632344228
-106.52246967342273  1359.5583327206516  119.05702614883361
-104.5177830988715  1356.9062264833335  122.69338531074693
-103.5712274834449  1352.30616629714  126.5688666731921
-102.83755068796384  1346.2211628334683  130.3204234994729
-102.23568435871475  1338.5139875449042  134.35674099446098
-101.66392066280221  1329.3547969849371  138.2561803283383
-101.53960678647465  1317.1591800179726  141.5230464757764
-101.76509349742503  1305.5036617098028  143.7135038089051
-101.76707393667255  1292.7990111363856  145.4974997008692
-101.74625481151114  1281.1719921742506  146.54106985104374
-100.9499439149857  1267.2755802529186  146.54455252061658
-99.76220750900863  1253.3007531614164  144.22428279465137
-98.02491638057538  1239.2972498043466  141.07365858451075
-95.95165519409417  1225.5547858161647  136.59113168146143
-93.32141722627188  1211.952545151137  131.67673817903548
-89.80247327811696  1198.6329267732478  125.14708634503447
-89.99107544850838  1185.830057588289  121.13346851058671
-88.48396950344585  1172.865258141648  115.24195000632861
-90.15676067505464  1161.3470341838108  111.88816407468084
-89.72290612579972  1150.0715402297667  106.68679738164576
-92.39795568355319  1140.5945146145953  104.61484112572205
-93.31929020688898  1131.5910755947637  100.924594707683
-93.32723628606155  1124.446696595573  96.37572216200752
-93.42285700107601  1118.4842139023137  91.86158799396739
-93.69693722542243  1113.6310613671264  88.22376032762821
-90.53109108162528  1110.0200702592965  85.72440457087602
-89.10306161575927  1108.0556397148841  84.05617125152028
-89.66364160436807  1106.9159727298993  83.34816260074994
-90.5909536754064  1106.66948224669  80.78011665559274
-87.70735421282268  1107.472665789737  77.18727305079591
-81.58982880499771  1109.4120788425632  73.28944720369186
-78.65334512979427  1112.0017049154717  71.95382565779384
-77.10452813154863  1114.3202255655453  72.57853508357805
-76.53090322869622  1116.680357170001  74.24326133143154
-75.99604343848245  1118.8064540354148  77.57304079091139
-76.37243259168991  1120.5080963161245  81.72223113342584
-77.21870919002643  1121.7405485003196  87.09008799964258
-78.58405319755545  1122.3513914484258  92.72706204237369
-80.33635033080631  1122.1216434337857  99.27251291222314
-82.02248834357007  1120.838329216759  105.75608310982207
-84.09222645670603  1118.3667636144269  112.89744714968592
-85.82698993983303  1114.8737720267147  119.58166665171842
-87.50277140855886  1110.345999967514  126.1479777332279
-88.70828368493427  1105.1329510324001  131.51985844458468
-89.63825235420026  1099.2663144822268  136.12743226112988
-90.49069448052906  1092.5330126404103  139.92402809254335
-91.00499848350694  1084.8296062686582  143.33772946040054
-91.16377430146616  1076.0791980489012  145.8456054364858
-90.48574741307958  1066.6056603090747  147.18894546189304
-89.63932225409775  1056.464681468659  147.43173633905658
-87.87908661658494  1045.9352748419628  146.3731843487974
-86.22096713359193  1035.051028867157  144.55951263082918
-83.54496996485256  1024.0106279419692  141.50822052713275
-80.88297904777585  1012.8350741786028  137.87196366346362
-77.09023162711287  1001.7914696622937  133.00555343865994
-73.22977779873976  990.9710044364982  127.64161595111037
-68.65153294650912  980.6186731358151  121.37367565139948
-64.24291829812377  970.8390911693974  114.88310340397078
-59.37032558978267  961.8288440728259  107.83728276357553
-54.72345015753352  953.7231203096039  100.71471127608952
-53.3590129113361  946.5583278905177  96.43178025576822
-51.13385926916064  940.3822701972699  91.43491804385044
-51.816496418867075  935.0230673299518  89.0615364054068
-51.16266811364749  930.4465987250211  85.59353049933632
-53.359238081474345  926.4840124315456  84.59035513818142
-54.35890821063882  923.2918801967883  82.8566309334429
-54.81928044238761  920.7611136100721  80.67968704940223
-55.30900721794723  918.8307715366723  78.66808900322121
-55.56844956978537  917.2557033125123  76.52292695294801
-55.84660756527917  916.0067863859488  74.69841800964947
-55.75589987575478  915.0522756302493  72.76625724358297
-55.68079620889427  914.3469250594319  70.98172453235048
-55.5177403047076  913.842842740602  69.38842996771902
-55.46781756555265  913.4892266410931  68.07600946328124
-55.43236656502356  913.2597795571656  66.9498441520729
-55.48885612749161  913.1263674535677  65.98447710737582
-55.51117256520872  913.0886601814825  65.16202893409994
-55.493093734748015  913.1454070717388  64.4289512811936
-55.50999622600306  913.272781363131  63.82204978131544
-55.55369777730937  913.4493319533857  63.291259801538466
