-106.64531421271293  1353.9204151865945  33.200325977252774
-106.99800979715432  1353.84537595196  33.43946417670542
-107.51858697738906  1354.2858137909334  34.43463374100713
-108.46126309579677  1354.976665339873  36.430178154705715
-110.09710589527388  1355.642279512665  39.90812556487304
-112.74402374729087  1356.0270030977533  45.02548845181801
-115.98020993911311  1356.1475515866482  51.060935511138666
-119.93734495685797  1355.666292290984  58.75714167794282
-124.15105720429158  1354.4110739784903  67.31162654505978
-129.13323771785343  1351.9115000583176  77.64015096885404
-129.00736738317588  1348.3695526265242  83.60301558185168
-126.28223236891148  1345.0609338176205  87.62563594185588
-121.21428681326128  1340.7377815964921  89.54845385507053
-119.32041842812421  1335.3185802596806  94.05969893971147
-118.67081821000953  1327.4482685448293  99.12730352029294
-117.70067246098218  1318.4052021056432  103.7045578548478
-117.20798206543452  1308.5130457905334  108.27587563897232
-115.7989577623632  1297.4439347871473  111.66053185111187
-115.14356824843256  1285.7852789359792  114.40984472561703
-113.56691715968692  1273.0692162705166  116.12084294885524
-111.92148213337705  1260.2426847362274  115.71994912742555
-109.82929064491665  1247.0171325650506  113.88941928649777
-111.01080099359703  1234.2562059118652  112.35153286743844
-109.56323133500129  1220.848902302455  107.84120105697926
-104.55730509582237  1209.0755177232643  98.82521859839954
-99.2784140253393  1198.0401679048578  88.95972874209257
-98.22604104308458  1188.5926283009367  82.59933216267595
-101.14768132723056  1179.6376902679222  79.73824141282321
-101.34637273612226  1171.9595008124293  74.78748716849631
-100.67894109485613  1166.1998756261762  69.37864140118594
-100.31857973536034  1161.6771453640404  65.15662554840924
-100.80000439442547  1158.537167546438  62.375981774198834
-101.97017366099934  1156.5304599521257  60.8027861006392
-103.60077895272043  1155.5517686626513  60.353966124116184
-105.78945847979521  1155.566177143929  61.396299993568675
-108.6128331529126  1156.375539833648  64.22785244261651
-111.84152983010664  1157.910239142349  68.06369205439242
-115.44604175956678  1159.8613355918378  73.24660046441662
-115.0173593968877  1161.9283575468019  75.95390182238879
-112.39432063990861  1164.8852311573205  77.75483187842288
-108.29981631617278  1167.4820254089948  77.98725948902964
-107.16509341470532  1169.796123605913  81.6975338073313
-106.99689392528013  1170.4038216638585  87.17429455769866
-107.57130253974431  1170.155769922861  94.37235394435889
-108.36191710447639  1168.7740339698685  101.57006170960518
-109.70539041254736  1166.220359321437  108.90627918850296
-111.12219592459417  1162.5740260604923  115.97777290093713
-112.38520936333029  1157.6033513673149  122.34379278763785
-113.61456410558657  1151.6362675802466  127.81152881638025
-114.31161695756684  1144.31492978742  132.35390692538292
-114.91220131420314  1135.9611167646137  136.15051757735515
-114.83634486441012  1126.416173945011  138.66129612596166
-114.27326707563711  1116.1814799305757  139.82643777908973
-112.82782428967546  1105.4331460009832  139.2688209030212
-111.00748931268659  1094.4180308035754  137.3276011638513
-108.65790948207655  1083.3367184305948  134.0139741936599
-105.42520300306073  1072.3786811388425  128.758142520698
-101.26818714539206  1061.6934395380715  121.84281169504003
-96.03493415411143  1051.5878807390084  113.2759716845338
-91.06510076216591  1042.1976125812614  104.77980753222289
-85.92821556835085  1033.7854128034724  96.17847782826931
-81.33990295413514  1026.231219600082  88.15599190759549
-76.74693307301943  1019.549828157737  80.14937958095769
-72.30140193897284  1013.7070117351952  72.3485841916974
-68.17785416208052  1008.7501218597184  65.11868013009284
-64.38787796206985  1004.5506792695256  58.496572079826585
-61.18077001128473  1001.0365863277823  52.70621686127125
-58.16684014342842  998.0855896687449  47.335242855480715
-55.48658952722955  995.6447011076207  42.503947139796104
-53.06714110076164  993.605284779174  38.25699700830843
-51.00092134309678  991.9080101441059  34.56945111808538
-49.16950239072514  990.4902152534285  31.421753372867737
-47.555386563155196  989.2826769941342  28.6445373118173
-46.12565324062104  988.2218444723079  26.27410461885937
-44.88403707979498  987.2873161428938  24.26038730374228
-43.806863452174134  986.4334369383588  22.56970609067151
-42.90808571580881  985.6363924751404  21.205518212244773
-42.180653256444266  984.8536233778543  20.280937817166905
-41.619929343105404  984.1100179258193  19.6811651303356
