-115.75841150910675  1360.415647820762  31.21492755666238
-116.00176891892377  1361.0136791959962  30.393859030649452
-116.23116021726125  1362.3455317813962  29.503214965317355
-116.59933719775128  1364.5053772072856  29.062055867232846
-117.07968351308169  1367.387333366524  29.181524981095308
-117.9840847007656  1370.7290836714953  30.71480498761967
-119.39264306847296  1374.1522131528372  33.42736885398933
-121.65472858716662  1377.3476798974423  38.02656933190681
-119.41771475840477  1380.0642609119482  39.3739066277305
-114.58177001598645  1382.3563463750309  39.0572535977927
-107.88728992259955  1383.8624042510944  37.92364379987988
-104.57073524720379  1384.6818818235442  40.335223526412406
-102.98944179298265  1384.0608904073824  43.96645623546528
-101.5342730179284  1381.8893729711249  48.483804973410095
-100.46484975349385  1377.9171494785219  52.74340614162004
-99.53869219724479  1372.3481748664585  57.58003395959847
-99.36489193860669  1365.508671193379  61.72309660456329
-100.22413227503205  1357.1353198646084  67.37928123933214
-105.16315364778822  1346.5580985467616  75.53312236481551
-112.4191102890207  1334.9284142437161  84.55167128874118
-121.62452160596155  1322.7303223393656  92.74619630713133
-127.25823215705114  1311.074303273479  97.58736378807293
-131.0367874968567  1299.4542447834915  100.57709093601163
-132.55407189958478  1287.9676478983515  101.73242777309659
-133.51870543105937  1277.1477540673004  101.03143701163171
-133.40245357381423  1266.9097840452484  98.12385072699304
-131.95015381979576  1257.6065167584838  93.15890140447576
-129.51549527763888  1249.2217434441095  87.47553623152609
-126.50013625023662  1241.9665620266867  80.8214995184654
-123.31335679406813  1235.9108544177288  74.0067571116365
-120.0030094644442  1230.9169669615321  66.91958187413711
-117.04706226327295  1226.9648710760675  60.892472642530116
-114.56953747495758  1223.9870872407655  56.0780622347869
-112.75844399962244  1221.9405802153476  52.52998873519451
-111.52922540579567  1220.5198574889303  50.26340076228563
-111.0051435760116  1219.5136828728303  49.282229781116776
-111.35933033995752  1218.6988036117427  50.059845019489245
-112.76549759954311  1217.895979553702  52.574651441609134
-114.8617513651163  1217.065716092819  56.60720846746191
-117.72979353580303  1215.995551827503  61.90776718399534
-120.82216455205393  1214.4894667448245  68.30588848670905
-124.52306092405924  1212.190639728824  76.01675944990808
-123.89218087207195  1209.708606743459  80.85854206621045
-120.58840703113805  1207.2137226421787  83.8547231130356
-115.11871611439076  1204.2718234608487  85.19480855310732
-112.27379956171424  1200.2185324150169  88.64190728674632
-110.68228487542177  1194.901490623791  92.83715241800097
-109.09477240059208  1188.7452094856617  97.53448667963758
-107.6536249666571  1181.9392098284372  101.99953225631597
-106.17710608359701  1174.2902207267193  106.11921964922604
-105.26710532974776  1165.9570953849532  109.37461228624088
-104.38869394137697  1156.6831407561951  112.32963228617768
-103.48495763712138  1146.8615470227458  114.90918476969976
-102.10644713543753  1136.3932142148813  116.91758828095756
-100.6520316409101  1125.5823522631867  118.00385090903775
-99.20314558557422  1114.2767562052452  118.32569731651421
-97.16001624255252  1102.8399263077818  116.68250794529837
-94.27060440519946  1091.38838700173  113.40716027768846
-90.43310387620923  1080.2185919991032  108.16851209118703
-86.12389321880569  1069.4736017221308  101.51923069246573
-81.62050441604265  1059.2441154044989  93.87919341539423
-80.09995558235119  1049.5263040544055  88.14839442775423
-80.41829890607602  1039.8685512727334  83.73470311306122
-81.7650456093106  1030.8875893066088  80.51395221748281
-81.09796101344827  1022.6994077200472  74.66527435826978
-79.3617947065286  1015.7087509697867  68.09238244149529
-77.49395497721434  1009.4011379154477  60.800929444757905
-75.10382952657223  1003.754920898078  54.050714946883375
-72.84026072913426  998.869749601246  47.48995662611114
-70.45855624411222  994.6941458880757  41.364911977189685
-68.2916502729452  991.1620325340792  35.70797262955468
-66.32991734374728  988.1163927296158  30.736749450562098
-64.6402428270639  985.5746508313869  26.39973214128762
-63.22724561462535  983.4970001980505  22.761196682463147
-62.14769322531174  981.8476627726511  19.66394426075715
-61.28202216046168  980.520847383223  17.108991456203082
