-88.256937755673  1338.51433839496  10.21796837168133
-88.10549237524474  1341.184043113651  9.987738570734376
-88.38188911960083  1344.7084004038957  10.3505620466535
-88.71269389104411  1349.0876626214042  11.911171665421735
-89.5382162124828  1354.2869413088633  14.429513844647595
-90.66328979425568  1360.2305107303469  17.923095312392316
-92.61094442407851  1366.6140947722702  22.81168805498119
-95.11999768018273  1372.9935887295976  28.747075115512043
-98.47945525025548  1378.8466872703102  36.39418574911936
-102.4119354201569  1383.7229528514235  45.193532259581566
-107.01736782111615  1387.6983292942436  55.31134706144831
-111.75790757447373  1390.6332441147306  65.73835503008031
-117.24567921827314  1392.388612782538  76.8646994019677
-122.58088441053442  1392.6773782891557  87.72798993777465
-128.77503180556928  1391.1429271665115  99.33838546135657
-129.18778360374583  1387.7963489558974  105.51203273657843
-126.38458201407454  1384.140176413604  108.45901375846971
-120.75557016277465  1379.1299054509632  108.34161563076839
-118.05037553083734  1372.7621545345164  110.05437328436848
-116.3636654833752  1363.7711515651865  111.7979771401927
-114.03216334935095  1353.637329615021  112.1487028187972
-111.5379494425516  1343.0342521974114  111.57852095407455
-108.92236387111122  1331.6284491703873  110.53518060352516
-110.80319233465329  1319.9840046353152  112.04687372511977
-114.65718856013028  1306.742048397915  113.84785128021366
-119.94901556972466  1293.8607230020061  115.9704180477163
-121.67824103477139  1280.9940096753794  115.3264062013312
-122.29969473379886  1269.7929293601255  112.64535210723827
-121.8671134666348  1258.9495018838427  108.38872342020241
-120.92338292063249  1248.8993390399087  102.62095500708772
-119.15923596569527  1239.7762503701579  96.77282159794699
-116.7199347651916  1231.7492412911768  90.31509391672584
-114.03852460649412  1225.0824202431513  83.89168500615017
-111.12671696558104  1219.5183566035296  77.44197799351414
-108.53745077794933  1215.2555884434905  71.73363331517811
-106.33028519761393  1212.1058071189382  67.0761366036894
-104.75075872660376  1210.0703142125358  63.70422535440721
-104.03214134678028  1208.8828858277056  61.738565784117384
-104.07550312681605  1208.349569025775  61.50566813136329
-104.98699789697042  1208.3410205785556  63.21554352359443
-106.46241953684805  1208.558974595439  66.25948417464647
-108.37788382925231  1208.6177767800013  70.5276239960161
-110.83613446708338  1208.4534471009347  76.0791894512172
-113.42769235712129  1207.809904760088  82.71100253460469
-111.88558101090945  1206.9672404768774  86.14030814750986
-112.1447114001518  1205.8349679641676  91.29101381924929
-108.70420425806478  1202.6745296352588  93.35391338419964
-107.07628974916634  1199.389398742166  97.07714479991009
-100.7512574094267  1194.6789551973197  97.36208433959044
-96.29010779096488  1190.3709240019734  98.81250870583865
-92.8212448259718  1184.1552469426108  100.93000959594225
-90.31195962919931  1177.078231814916  102.65385135318513
-87.64351417559112  1169.1719445873732  104.42049359930833
-84.69193322889421  1160.6355503180241  105.5147184492331
-81.94055408132766  1151.577674708112  106.41958271293844
-79.12819399262303  1142.1115435463796  106.86603946382591
-76.09918413845442  1132.2871306218506  106.47858319731137
-72.8423753271113  1122.3119804727173  105.51861842782715
-73.36685928355132  1112.3310224583854  106.543615281392
-75.99142982163347  1101.6958189759307  108.51489676041186
-79.78231424229669  1091.325224509408  110.64512945384604
-80.9401624375684  1081.2991971297865  110.37709945259856
-81.13398969370765  1072.4896554432785  108.68767085950945
-80.96552666140718  1064.1948648145985  106.12952247596974
-80.32464423207668  1056.3812201091253  102.51822200029196
-78.98714915838207  1049.1984452507745  98.25208653027698
-77.06208564789276  1042.6222853434454  93.58681941483084
-75.12997354918329  1036.7034463701527  88.82682641010987
-73.19945228111776  1031.317781486012  84.37292910393492
-71.41149060858157  1026.4773185699387  79.88657105743056
-69.51271715564468  1022.1483208775404  75.6462548145729
-67.74477778030251  1018.3402365808862  71.44602835010988
-66.12865392185373  1014.9469079855662  67.96645984201977
-64.77672359343752  1011.9484256874929  64.8644411460085
-63.574769069977506  1009.2971249626779  62.1832384012677
-62.496763252651995  1006.9975482617705  59.805223819247345
-61.55681826477791  1004.9738216847992  57.77706056983166
-60.748071887837334  1003.2032735727885  56.11880534729687
-60.082488821085285  1001.6607955211911  54.679893222956515
-59.49658006829125  1000.3472567504034  53.46835123257502
