-91.9653952036156  1393.7378593643075  18.53970081394907
-92.70337357588028  1398.516578221541  19.78730552379841
-93.66413755403107  1404.238799656252  21.81094682553663
-94.98149338820168  1410.3602029463807  26.330780937420236
-97.41858377886857  1415.954367363086  31.109470286035975
-100.76405293757463  1420.351329068946  38.17624292334254
-104.75052140431953  1423.6220502820256  46.37243993701672
-103.68584207037445  1425.7604030395862  51.32540205116902
-99.45608335366737  1427.559619087503  53.522955923123064
-93.06770239622557  1428.0176336051434  53.19356903071091
-89.99077905933268  1427.3005918854005  55.23164531129528
-93.2658054925212  1424.4238622374576  58.324930141039374
-102.3773969566714  1418.7279262318866  64.99824211966721
-112.90160354402101  1411.354604130924  76.10448900322947
-115.00458661859649  1402.0742522613514  82.61701307574278
-110.49259811514283  1393.8855420933776  80.64608339387178
-108.5034647314941  1384.5656733693747  76.34394784169382
-113.67460894886572  1373.9111622608643  76.82874621052562
-119.83743635414002  1361.2278667644866  80.67845633125795
-121.71010997102991  1348.2253120936819  80.25096280976149
-119.44501039008408  1335.8761445727234  76.33232105776383
-117.16058379945174  1323.6224323826414  71.11277465637534
-114.46053580794644  1311.5385022592998  64.97879175821052
-111.10365454033152  1300.0783947591042  59.01197645167114
-106.85152581360546  1290.2649732584314  52.81598934172279
-102.62905066892742  1282.1116559040252  47.33595203321796
-99.22008307878284  1276.3028698204375  42.535290592649716
-96.69726198869921  1272.4143495001622  39.17789605343401
-95.0236420112933  1270.5987554052701  36.86168321533695
-93.93282069516351  1270.0495754860408  35.90304849829518
-93.94528255535829  1270.302113264492  36.57211892411672
-95.11758104116214  1271.1883579345504  38.63515528547907
-97.55072653645956  1272.2838689488144  42.98860687208274
-100.6091491049296  1273.1940963798959  48.67137034941383
-104.33185374163413  1273.763626501724  56.54134199117344
-108.25121537244296  1273.5871703786847  65.10979355278323
-112.48322072457854  1272.5247150179587  74.29106475636654
-116.38304068500561  1270.1997221533845  83.31649719022748
-120.06541620357385  1266.723653803956  91.70105847999557
-118.9975422784044  1262.3995859819634  96.02075637131829
-112.82983747050065  1258.1952059169935  97.2885276063364
-109.84403229525788  1253.190347859282  100.58682970678055
-107.6866918353428  1245.6468519644475  103.90691737245729
-108.12826130725995  1237.1067806908304  107.33684304367353
-102.5331735077207  1227.2832715516897  105.99554577038326
-98.71235581763526  1217.9115572479054  106.11317114839137
-95.89970690790207  1206.2072636642695  106.59012400521074
-92.69010973448262  1193.6988906398929  105.65340204251451
-89.29630665937509  1180.3152329743234  103.67374437627166
-85.05719882838947  1166.46352700976  99.86444066784642
-81.75510599347307  1152.225571442019  96.72704603002933
-77.33415364045278  1137.9083982162829  92.0460923902341
-73.10055248202163  1123.7869650352848  87.557234688362
-68.019236950464  1110.2004868347087  81.80216314409296
-67.31676529935011  1097.3746310672568  79.5393733650706
-64.81147770197019  1085.252406574444  75.48663663972363
-65.99822933740735  1074.659998465997  74.55662693468541
-62.017797385464156  1065.2174109972113  69.37927436211683
-62.66025572886323  1057.148904242452  68.23202043852368
-58.976818066397506  1049.68702516842  63.47617590892128
