-73.45745695159697  1276.5868805231344  6.2840588729241205
-75.16667977677946  1280.2835915711778  7.908920143300454
-77.4893295220976  1284.299174175681  10.434038016475778
-80.13099434296544  1288.4944485047297  14.242321363183361
-83.33026988981749  1292.6987063353054  19.306954166200775
-87.15536506040712  1296.6756126387536  25.96839919526056
-91.30711232400839  1299.926404153206  33.81896823555262
-96.02017889241199  1302.4462307259594  42.976811997084134
-101.12188756370129  1303.7499877947444  53.05563811966018
-106.84458046629328  1303.7650677059962  64.27236833921978
-108.14018291335275  1302.0253378773323  72.09011367334716
-106.36578683247095  1299.7214660321547  77.68828132685798
-102.95127086477878  1295.9468237670235  82.13257088514617
-102.17703947069963  1290.4096728971563  89.1410940586539
-102.35144602157443  1282.2186335349581  96.81890395727812
-102.25187412223457  1271.901891763578  103.79421986266041
-102.4258047889698  1259.8811359993588  110.40410313632458
-102.71181090853216  1245.7378197452592  116.1527396125079
-103.1191053515013  1230.2660442425388  121.0457194534281
-102.89725180535152  1213.5508281607115  124.65555637777489
-102.42839177832367  1196.4605024889308  126.627494180337
-101.1394769228348  1178.8813538296  126.95721159504656
-99.11539072081793  1161.01021855838  125.1939389023868
-96.79664332235365  1142.71643091002  122.60135881362166
-97.57937731871019  1124.4408042434552  121.64338060864587
-96.08071607038003  1105.177246253798  117.79626688750474
-91.49994498188707  1087.2035467244066  110.78995685090071
-83.46817548926862  1069.5696570862576  100.61869163288247
-76.54417764782494  1053.7746494022422  90.93759184919442
-74.53081231350886  1037.93083296377  85.05860660364102
-73.10591000035869  1023.1227740538093  79.14715529051541
-73.29579846035602  1009.8845025288108  74.95083209089175
-72.06003352016464  998.2465457543613  69.83459230839063
-71.08092396152664  988.5054012128742  65.70957711157916
-68.06991315698936  980.0903739392032  60.21815315375224
-63.90673332492441  973.4371378111323  54.53266378970365
-62.69285758424513  967.9646707807979  52.07364651069592
-67.27461222473127  963.6243455622962  55.45028505379645
-74.35930237530211  959.699508038288  61.78883726728468
-76.42953389577403  956.3265182664647  64.90973634690411
-74.79472683187213  953.6720025573724  66.06967874604811
-72.3791540046156  951.4906262756524  67.04490324059115
-72.55703767434939  949.6939357125092  71.14815620682806
-73.24586638680165  947.4428144812858  76.58503710095701
-73.87762465386409  944.7329309116606  83.10815170516605
-74.37498019393786  941.40051874231  89.3890496249488
-74.97714555169608  937.5643095154273  95.77946848481139
-75.31825924508112  933.1825436703991  101.93804039033891
-75.49872100392261  928.0086771651354  107.96887841327776
-75.6416981435627  922.0253400006166  113.30780170231786
-75.38997582977505  915.269961136736  117.85202826446184
-74.2013885967547  907.8175264360393  121.66419059440096
-72.28416785238703  899.7557223011158  124.50559648309968
-70.04725530330026  891.0344046299554  126.63390443219478
-67.35510796572247  881.886498063058  127.3508689345594
-64.24291431849244  872.5294890708631  127.10231483858959
-60.38930725458211  863.3131625626289  125.52074566035556
-56.46417833681055  854.3307083284527  123.20678129359987
-52.058060147363484  845.70069033187  119.98066314491238
-47.53547412787138  837.452666044609  116.33986485900209
-45.97039483563999  829.7845057923029  114.88305528705743
-46.43580061903343  822.2628828824829  114.7998583118659
-48.42547489896485  815.4473791724646  115.6342526276797
-48.735336461421646  809.2248230279662  115.06773685693969
-48.630506531928916  804.1563896149783  113.4060881021931
-48.584931098061105  799.6598075612744  111.42324639821697
-48.49611695117624  795.7099602823959  108.80946478711193
-48.2378108676941  792.248063707385  106.40823609651767
-47.80533698878525  789.2748961492498  103.80051253012242
-47.5098731172057  786.7743481019103  101.40095336427025
-47.3710785341153  784.6473266627769  99.3188663970299
-44.48901980424707  782.8563459254648  95.20147577188152
-42.78484570619342  781.4247144433483  92.28145333247772
-38.7137894399121  780.3363570353438  87.35519345572273
