-51.645506970029665  1215.8027012997818  -1.358893675193794
-52.494521606539465  1217.0444187014118  -0.7098526608075957
-53.85155172434397  1218.8665695895615  0.7295879207492082
-55.71818310988715  1221.1495631346838  3.1888860138609254
-58.25886984729086  1223.7294818927996  7.043441260617681
-61.589777032261395  1226.39319182728  12.346204607403303
-65.50234379004036  1228.6879093932173  19.25602314272794
-70.03644493797796  1230.2262238546928  27.499876368169886
-75.06661721468221  1230.9807681378343  37.258285174097466
-80.4372767277816  1230.339350013228  47.67486944412703
-85.79281996284293  1228.0497179032816  58.298363467065705
-90.74890157916563  1223.7932836627817  67.6439884495235
-94.9222250528063  1218.1283679464773  75.33971098787295
-98.24338631715985  1211.4144609579503  81.22800656533583
-100.36096245496954  1203.936960060465  85.01417798924064
-101.66084942086803  1196.1421988163695  86.91662143237983
-101.49434310312117  1188.5300214305057  86.5145526780441
-100.3767839186156  1181.894251151471  84.17807145660917
-98.29312677684177  1176.493967802095  80.8600220152012
-95.90196270930201  1172.1407092826134  76.63283032143437
-93.84177999109357  1168.1610044978818  73.45797261295859
-92.43141712487176  1164.4119989580709  70.93535313553093
-91.8109502525906  1160.7577555240164  70.70434394271678
-91.93714279433746  1157.1345295080848  72.30517175348024
-93.15587098402442  1153.0476247213335  76.47509159576512
-95.42719851836472  1148.2027391511735  82.84503063005646
-98.50498495927361  1142.298943482835  90.89545388219368
-101.60051218857384  1135.2831990484306  99.94487397552653
-100.59364743057175  1126.993516988982  105.41371585462775
-94.80166551010105  1118.4798654240944  107.9655760547712
-87.3772255758606  1108.8365705119395  107.33913411214695
-82.0044824580476  1098.4763869320352  107.51360142240826
-78.56811164539437  1086.638704863185  106.81520767743508
-77.35049520249692  1074.5599180900294  107.87909376517365
-77.38201442398756  1061.6830007276606  109.0883288164919
-78.5980605382234  1049.0061601406062  110.22227056795698
-77.82576778351874  1036.9189150941895  108.79967199993324
-75.93784407420262  1026.358619864459  105.66639275962385
-73.65509725280366  1016.627869239618  101.76847873864745
-70.878132509092  1007.6495406333167  97.16902136033167
-68.19547426973004  999.5103281215237  92.88659955331165
-65.63208611116838  992.2930228691384  88.78885980148098
-63.30865952712458  985.970948841007  85.22376040167445
-61.195831958739824  980.4563512130755  81.70006010693078
-59.212015671981845  975.6416514597577  78.5558559029662
-57.438731192343084  971.5113515630628  75.66900353329551
-55.92674943266971  967.9819894932552  73.1893372807935
-54.673218722857385  964.9798240712698  71.08462946570755
-53.60851787232398  962.4187997250526  69.2081827862117
-52.686868611522  960.2221001640498  67.63758149612181
-51.92904497896453  958.3477787520864  66.29211094526626
-51.325687327292194  956.7572121507143  65.1677434967626
-50.84566381412001  955.4136606078966  64.22818652375874
-50.491925575527844  954.3070289249752  63.47546765601514
-50.20739553842832  953.3672363249655  62.92669982724057
-50.03971115429161  952.5945770950798  62.52795199363041
-49.8880893012075  951.935338137954  62.239635687175934
