-51.408298510492635  1364.3804922158508  -52.97001709308111
-51.17436135803826  1364.9569026069585  -53.71711375404694
-51.157929563736324  1366.2595760558218  -54.25689824327772
-51.37274739460123  1368.4104167209475  -53.66444705849624
-52.06419341158684  1371.382161143185  -52.876660388616436
-53.230673779806914  1374.9480310928454  -50.9708349421898
-55.431270188471196  1378.7213234524697  -47.7491772983284
-58.140504542275316  1382.3587885581587  -42.66422624136358
-61.59098466459269  1385.6878276209507  -36.45758337862431
-65.22935107334162  1388.6992664834515  -30.073192431140313
-69.60757515606096  1391.2520859009846  -22.477607686455794
-74.66165745309273  1393.3481177520018  -13.683717391989047
-80.27679811117042  1394.8043170394433  -3.776066016196629
-86.05952330728229  1395.6813393496038  6.414318386949238
-92.05089938761851  1395.7829158156856  17.13329473264593
-98.36334417690313  1395.0909469822147  28.75723775311921
-105.1473603045084  1393.5416421173686  41.09135980806609
-111.58856941093534  1391.1390576630397  53.30633020807298
-118.38022832340596  1387.598762740989  66.10972761110668
-119.7415010129214  1383.0872031649121  74.46066932662636
-117.98848762233428  1378.6773515835655  80.16399955712392
-113.41376094363815  1373.7014896587345  82.8962646107495
-111.3706145860294  1367.866958101405  87.75075214858492
-110.78272601416614  1360.2786581562007  93.05891023489893
-109.70848142863616  1351.8261075831024  97.69581385974796
-109.15628577747552  1342.901195635376  102.13411317638814
-108.12234707030566  1333.1923011418523  105.97691362879618
-107.80409234785786  1323.128827577242  109.21680038105202
-106.95927626144578  1312.4067987617216  111.60308141011039
-105.87459645641825  1301.5306413374117  112.40631905701183
-108.60399841692227  1290.3658080567004  115.56544095666982
-113.93459372536873  1277.926147109366  119.29281505420502
-116.50400210412661  1266.1028903553051  120.14437454488113
-117.8072283470977  1255.0375107025632  119.00178472160977
-118.04967049452294  1244.497812195168  116.09757871367219
-122.0967338176454  1233.8581585523877  116.30672935825474
-123.5773787817983  1223.1256648643487  113.08168237720285
-122.96163843338326  1214.1375045837215  107.50141771445259
-121.35687373430596  1205.5678313622734  100.02376923564901
-118.59716315770699  1197.5063339447374  91.55480579990393
-115.62559111560499  1189.9353741634336  82.92433131068289
-111.83000977784994  1183.0973136148143  73.0869799297364
-107.72773602735639  1177.0806197086226  63.281723586303094
-103.51226010160303  1171.877140349235  53.08879673278441
-99.33424414751518  1167.4797695976054  43.66718991992634
-95.7083613962412  1163.8248615542138  35.37787009742914
-92.70932086882073  1160.9675287280616  28.429831283272417
-90.34284838019208  1158.9360899922171  22.628780952464425
-88.37403517429654  1157.8072862776667  17.542472373234595
-86.96988662088322  1157.4920045187205  13.628505328290867
-86.40046155505422  1157.87544638386  11.67592684683643
-86.76608494990583  1158.9048694875655  11.575150528012342
-87.93679308504149  1160.4458370825037  13.112991058604834
-89.69735342314766  1162.4125554687894  15.821800979372384
-92.07383007925405  1164.63730161768  19.96617134263961
-95.2143956365504  1166.93975125505  25.566600094433202
-98.87254839673743  1169.1379893639485  32.1524000003828
-102.89178757759137  1170.9220668484966  39.7728985594291
-107.06465313916011  1172.3044955692455  48.429090122032136
-106.98586454116167  1173.4640443318026  53.99908395236461
-104.13506188015012  1174.315465296068  57.55449243483022
-99.14439605122507  1174.8105295511953  59.44026580550485
-96.74418676584855  1174.2504783246009  63.41299609364512
-95.41973016828695  1172.696539134114  68.46651612917212
-94.08150142388092  1169.8064070797225  74.18613530193961
-92.77988409769739  1165.9382274232125  80.18904547063649
-91.37220040662908  1161.1313976891056  86.05524735011228
-90.25040930847645  1155.5733062063443  90.9131362931882
-89.00833711751586  1149.2271721915624  95.3773663181311
-87.84494535677496  1142.1400263237433  99.23474259175096
-86.77179059838672  1134.327078729246  102.63320412797736
-85.20498016097288  1126.0209101425  105.33025771014498
-83.48793656776586  1117.2414991991745  107.28594900514906
-80.99823160017704  1108.1960733232784  108.27013121914419
-78.55237641050968  1098.8963984647428  108.08473183177082
-75.67640691722653  1089.4911074823676  106.7758704867733
-72.5417264570815  1080.0166735765079  104.32386965662279
-72.81797111909506  1070.512819005759  103.97922221243253
-74.89312368801123  1060.350140231582  104.34163876959295
-78.4298364489905  1050.3309885951198  105.31134585402405
-79.2781737038006  1040.503972361417  103.9305844193057
-79.06635405212236  1031.6495579712985  100.66796375462226
-77.91318225150248  1023.048394770647  96.1011266262472
-76.2167015180534  1014.794296741258  90.06937367797403
-73.58466074680867  1007.0780513049675  83.52065479152166
-70.68591965903595  1000.0461478936986  76.55976378370887
-67.44325952844036  993.7607623352337  69.55290557925925
-64.1629403379801  988.1779353807256  62.40702955733888
-60.80566534878981  983.2694817069854  55.40869079872534
-57.55512620263186  979.0693348277014  48.55503593881925
-54.44343700960976  975.5154458930432  42.31204125723144
-51.60152730343148  972.5241831429612  36.60347460392177
-48.93106565030537  970.0204832439272  31.519386884504588
-46.54175643934604  967.9520573518272  26.914282650400303
-44.32991132566557  966.2752793074326  22.979666856859676
-42.42379546604478  964.9218798673988  19.60986124848972
-40.75923014809916  963.8137841141934  16.83220681864701
-39.37675681618261  962.9349079855973  14.493011022987663
-38.193714461917274  962.2531160783061  12.686536235923047
-37.266917464738675  961.779409669116  11.34931692536339
-36.57120866962281  961.4591584643264  10.473987756426354
