-41.61301162450377  1313.030190721749  -25.287571789968048
-41.745592783349096  1315.0736751267336  -26.123929566431556
-42.04966595640752  1317.6675943201137  -26.7955190277401
-42.85242843768676  1320.9889085067578  -27.281163852104005
-44.118464657760846  1325.0771207705538  -26.870321181100483
-45.8526253074635  1329.8863361807385  -25.268129302168024
-47.87066101783347  1335.3512418631121  -22.43388761619302
-50.620571797144024  1341.4063127051595  -18.4540641349132
-54.17570127723608  1347.97646500329  -12.711528898309842
-58.40425950717973  1354.918684565357  -5.311995654085568
-62.9795868633571  1361.9643925397072  3.372739924291295
-68.0046509328438  1368.7610370845784  12.883349702598709
-73.8559145472201  1374.9131364872615  23.724849617447674
-79.95004864097959  1380.1142269600243  35.38498246149278
-86.42915881144755  1384.470872204616  47.76966513146811
-92.77018122448101  1387.7749706595234  60.41102335466232
-99.76688801962149  1389.8198679245004  74.2360462834587
-101.55693421796872  1390.286859279491  84.2516258560662
-99.91550233306229  1390.3401121285196  91.49479038589351
-95.53678462269764  1389.1062977745812  96.1078563764436
-93.6358617866039  1386.343050970827  102.08444090706556
-93.14201563811926  1381.07969850974  108.08020935111594
-91.89878091855647  1374.1715648328948  112.61096160957311
-95.40745433425495  1366.1033030270703  116.31240045376146
-101.22225043596653  1355.011089389389  122.89873296224495
-110.67127375637514  1342.6662008412402  133.20304316047012
-115.94992342447155  1328.5830820750416  142.4202628171457
-118.94511785870307  1315.4729175207044  146.9407882503994
-119.33930747622139  1301.6707366066807  145.9366703305027
-119.10061411896721  1287.789090804132  143.53395844009538
-117.76242457934228  1273.506578480975  139.46840662482666
-114.80920280721318  1259.4937881859416  133.40799868287124
-110.80693179255589  1246.3665389498042  125.75182072858694
-106.00914978428749  1233.5137416284417  116.61629828836038
-100.85201294779574  1221.3881547561616  106.84998278309259
-95.43736248889932  1209.8882627501655  96.90592726346723
-90.33536785259393  1200.1792795338142  87.3517874682973
-86.09167429576654  1192.1376690772984  79.08253369147555
-82.74826635866789  1185.551260343235  72.27500462433662
-80.16853193046543  1180.4848564325844  66.91481566633367
-78.45681736579914  1176.980603517137  63.0947415267388
-77.58985985041161  1175.3135711130087  60.67322149714774
-77.87278110013882  1174.981920060408  60.316447250754045
-78.59445357568536  1175.7566389332967  61.38735144566385
-80.38663472781255  1177.2212487570546  64.75444192332976
-82.55948307748092  1179.1897352976134  69.47202845545428
-85.71365729144115  1181.1914392701729  76.24270982154371
-89.06900809656986  1182.9081977898181  83.6262622370932
-93.00112209612374  1184.0600325059947  92.62576548538561
-96.91834191117853  1184.7840067025818  101.82579724035082
-100.97277405909928  1184.6994264457728  112.24356040497845
-104.80332793180158  1183.6973503392926  122.30209564866898
-108.43972176184663  1181.3198142229326  132.91695262705963
-111.69008472000621  1177.8844037770718  142.55008142580544
-110.26867104799152  1173.1047251859563  148.44825091835793
-105.99779844009315  1168.5983524963785  151.4971388781088
-98.63053048771738  1162.9320307527041  152.1457786872501
-93.27558343220684  1156.4753408043805  154.32235156707273
-88.68537026600188  1147.6605566270614  156.19758643457436
-84.66583745925135  1137.9928382333103  157.85653206067047
-80.16079926065882  1127.5100648642294  158.19494470345956
-78.60814211322955  1116.3965039102106  160.38742918162842
-79.10528944141855  1103.661763054899  163.1889448684257
-81.21993694257003  1090.582215836214  166.0642968435948
-81.12028477714104  1077.601835737358  166.19072689472236
-79.16506381687724  1066.163706675364  163.62911437397887
-76.30273126140455  1055.8263806517555  159.38111277029378
-72.05085052992644  1045.7807389944487  153.00416446887692
-67.47612591598991  1036.6481584868925  145.87139191893334
-62.390088912667395  1028.0723913182273  137.94028580335066
-57.21701680460819  1021.095004515836  129.62545466692922
-51.89076205307457  1015.161084245895  120.90932695354797
-46.655850652033315  1010.0936184451624  112.07871860145477
-41.526779042296674  1005.8789396265016  103.28430061802698
-36.763743608085015  1002.3858472689528  94.9218162054137
-32.27380573251222  999.6267492627935  86.98978975567158
-28.171778261000224  997.3471336061632  79.78100289176439
-24.450449961990927  995.5097235261967  73.12061763404142
-21.15170301573563  994.064651661326  67.21058588811476
-18.247814808665503  992.9604119156791  61.86018692187572
-15.762665511863064  992.1385937465197  57.31015838643348
-13.64311477928192  991.5369830569855  53.411152652778725
-11.868950667817131  991.0968954883384  50.152685904155526
-10.418328140420407  990.793478233606  47.32977743791979
