-71.8347887502909  1324.2812408022298  -14.724321679499502
-71.31409916766864  1327.179316439932  -14.410721002066367
-70.97684616227869  1330.8051056840666  -13.917107513759477
-71.51321672795531  1334.940491736608  -12.31278617895069
-72.84083670338732  1339.4345261110507  -9.119914522225
-75.1142901889476  1344.1461350967359  -3.4849958120626296
-77.9778307437797  1348.892971883549  3.68436674636698
-81.74288606579358  1353.325291314001  12.372715214921147
-86.26191855373293  1357.0167395177432  22.536629681006225
-91.54903528195516  1359.961582990385  33.87831916350084
-92.23441660427613  1362.2026088503017  42.160964561716575
-95.16335878119219  1364.0304180694975  52.65884270218897
-94.26153678586874  1363.5093988427411  60.52351086854172
-95.52148312587815  1362.4001560338336  70.35925934868177
-92.9709780723963  1359.352670598345  76.01877946339124
-92.03585098370145  1355.77923154934  83.96540957900254
-92.6555514373796  1349.8498843867196  92.09832274522577
-92.88437472252802  1342.2708301763723  100.59238462560538
-93.80598737867294  1333.5602215930764  107.94867009523834
-93.64682186730354  1323.2389047879817  114.35393643855791
-93.90759388268256  1312.001296561686  119.78285043545375
-93.03568426556303  1299.3780421882293  123.92832429251015
-92.04325300433986  1286.1446869134184  125.5740694859207
-90.46318129542571  1272.033831505549  125.57937134346011
-92.0461574129495  1257.782307744608  125.47157837448782
-94.72470404512009  1242.4186831141865  125.62023892897906
-97.5183926591748  1227.501156433249  124.96255874066973
-97.56759058337626  1213.0451832138765  120.29277742168969
-95.80777321825579  1200.2912827514335  113.20787410116081
-93.00797661485956  1188.3097391571691  104.00891507087339
-89.0423573900983  1177.2142805837393  94.08856665792159
-84.51250368322059  1167.2214552674334  84.1584238740394
-79.97437031122631  1158.7071301217063  74.11218826571061
-75.90246052720757  1151.6153734851853  65.54070230871322
-72.86607837832653  1146.0988473269042  58.56051630340728
-70.62696009875991  1142.004585848121  53.44276533247402
-69.30749656234262  1139.6501115061687  49.809339479293065
-69.02049098473287  1138.7655185360106  48.42733483619977
-70.2486261939212  1139.1865670877987  49.809883907510915
-72.6528860272604  1140.5532662881253  54.12156223236063
-75.89666935837712  1142.6146311582781  60.3931582234798
-79.94860939082929  1145.0009993220476  68.60670083485553
-80.36375099439012  1147.3297727990325  75.01364825430083
-78.85686168309726  1149.7106483319103  81.25040949406346
-75.57317071299427  1151.7798678624242  86.76310519238253
-75.10064009558602  1153.2593477467115  95.69547118738527
-75.51933337523711  1153.8026560702656  106.34169312037346
-75.9109790295381  1152.9942162887933  117.95517465606319
-75.97527254955659  1150.822842037513  129.2289217062835
-75.911548782864  1146.8963287507133  139.551899482811
-76.30829666659771  1141.4786488617497  149.61406751911454
-76.35549098797419  1134.4665865011293  158.53377268558071
-76.24409390831633  1126.2226528049873  166.43171638123164
-75.6131093931636  1116.6386323695115  172.31273972187765
-74.34403268611447  1106.2321311610112  176.77335384882693
-72.4676237052708  1094.7904189622986  179.18179189457894
-68.36236221010492  1083.0195402248671  178.81022806651197
-67.18043711287127  1070.8111331903344  178.83150936412838
-66.92504638844065  1057.526960738503  178.23899879949047
-68.28493113785026  1044.426084284627  178.4583111841921
-67.05190281931723  1031.8735284250788  174.73082022611274
-64.13296158357304  1021.0896733579262  168.60133470505446
-60.441063255256566  1011.0565612495587  160.15969178487225
-55.565396023054724  1001.8868572569618  150.70330621246526
-50.448976852381485  993.7220168217691  140.7736378890871
-45.16099644169788  986.5185933889118  130.493524102199
-39.966769869495465  980.3099427593909  120.41481483670977
-34.85489939273577  974.9791958095739  110.53085122816667
-29.972475584920666  970.4721226295759  101.08361340857846
-25.51143163015391  966.7153470511528  92.40294518309263
-21.511080577375463  963.6570264548257  84.39872171984331
-17.800085544335158  961.2681443380649  77.26449229704886
-14.365415691190119  959.4679620353993  70.50687547959124
-11.061110065996916  958.1695440636274  64.38859376101931
-7.8758796261314465  957.3772079928839  58.23417043007442
-5.005544238128637  956.9823493606002  52.88631533594714
