-82.4375164291591  1437.1762968064277  -1.504936981300935
-81.50242809497925  1438.642415291701  -1.7116092305984218
-81.1296727887576  1441.3490255756692  -1.5556873402040217
-81.46544256949898  1445.1406048464187  0.6475454744912994
-82.28961427013323  1449.9106639226545  4.396128764512433
-84.36747714406602  1455.3969383053588  11.052649835862544
-87.22778135842938  1461.5691684927253  18.00200131300798
-91.16385651636065  1467.9270751428533  28.509850005958782
-96.02744773231103  1473.7096750887513  40.80410429922913
-101.88039462766254  1478.2965182440428  55.930821902321355
-108.73498967235372  1481.7672750342163  71.88292966954748
-115.56972873838967  1483.7174983753234  88.8298758987581
-116.8859292233847  1483.8903677356482  101.31983272197687
-114.55921071801272  1483.4362543097482  110.54807493647911
-108.57738384122543  1481.2860392123725  116.51312751613537
-111.4650761804208  1477.6519918334136  128.43995884286213
-112.58886465017918  1468.5831314333134  137.47700842702642
-118.51907142040284  1459.427223065562  148.38269452430998
-120.70159908565512  1446.6714424818013  154.68453576522663
-122.4334772644229  1434.3186910033078  158.79073575163258
-123.09546500872885  1419.9510224771745  160.104504847476
-123.65462797164236  1404.8013263076446  158.92225650625582
-127.02056681651277  1388.7539006669363  160.112092320847
-127.17479639337026  1371.130797867108  156.1126131977579
-123.93475855683465  1354.8773547902713  148.85225782799617
-119.98791559338612  1339.2761252636417  138.2626363375416
-115.20410416646828  1324.3069631119502  127.69091202379981
-109.8899005658215  1310.4332177124882  116.1884272134928
-103.8327891594851  1297.8815823431823  104.24810157507353
-97.85715700524945  1287.1879929026918  92.54316312223798
-92.7963265613013  1278.2589414167442  82.6223045965182
-88.7623797447907  1270.926243435882  74.6433258476403
-85.64806019208103  1265.2800659763739  68.46373070062035
-83.66695689536346  1261.2564157593592  64.3967821990113
-83.13523429984826  1258.8720449363816  63.04578218325351
-84.0217383366731  1257.6223639405925  64.39867981588046
-86.10280043359458  1257.1200167560737  68.53047459330072
-88.87288914469505  1257.1066009210977  74.80604231150829
-92.65612638877181  1257.045392789188  83.51272688786929
-92.37481295044786  1257.2963149179168  90.19420884897654
-89.7270098442728  1257.4091674156086  96.0229487446919
-85.24189150147276  1257.6289053499856  100.63219236079334
-83.61075361933254  1256.6596039242245  108.93733145672992
-82.88350461616224  1254.4576730496153  118.97012603738261
-82.18217667583603  1250.549320582169  130.5762159310718
-81.50350215713455  1245.3591212902006  141.4133105663337
-81.14612394624227  1238.7990155245245  151.53559204403894
-81.59747525183845  1230.6044917963418  161.51711075444462
-81.87826314340168  1220.6410277803566  170.58113504165897
-81.85418108430663  1209.3658846216993  178.7165474171935
-81.06693888536545  1196.8857176266404  184.49650947795874
-79.32361591389432  1183.6973921686954  188.97476746691186
-77.60324740985081  1169.3584267492167  192.09890189477096
-74.49653292960235  1154.551543618326  192.78013891231177
-69.40515302787745  1139.3634830980723  189.24779189614338
-66.3676751458238  1123.9759079076189  185.4984743310121
-64.8368745533811  1107.7497691927413  181.56140337514375
-65.56233738331694  1091.935191320747  179.15583411367274
-63.43597800500021  1077.1756531421881  172.64716501603544
-59.551560014424936  1064.4030180826708  163.61768984150092
-54.92366501274337  1052.5770287057458  152.5826462096706
-49.513137621108314  1041.6986100555116  141.04211019450292
-43.87022775457421  1031.856882663358  129.28909442192284
-38.056066988481376  1023.1495053311843  117.1606845854541
-32.21269024891653  1015.5204968548089  105.41226590663142
-26.74604927822798  1008.8364867013261  94.22107753977274
-21.526589336413554  1003.0007302007737  83.8668014560355
-16.651548913326707  997.9557027189314  74.15112061372709
-12.099600808170765  993.570025225878  65.36739838770261
-7.988854823131941  989.7663689627148  57.48031601298367
-4.459269707408868  986.474407976203  50.788073513777704
-1.4776254173064793  983.6423018855626  45.09096358552832
1.027147322581905  981.1936545961613  40.49630595171492
3.1563841645704804  979.064824830815  36.672248381463405
4.925848567413137  977.213214781432  33.7484580556835
6.352660116231272  975.6224898837718  31.38146256102098
7.491246219186289  974.2593226222178  29.69957756692639
8.406932173747887  973.1138552142999  28.34081093960115
9.114140280143634  972.1524784165672  27.440978188086927
9.676030044590277  971.364905114786  26.749272788914865
10.05853597923742  970.7176439064552  26.434111005568788
10.337740962113187  970.1953594092907  26.23214606113726
