-92.3370080416664  1413.7942188978186  1.5138784529674765
-90.64586595436623  1415.3709585173206  -1.6593049277717897
-89.4213894378281  1417.9005983034076  -3.9089687640660764
-88.76107878681879  1421.5979233025382  -4.872393814531412
-88.34846453289788  1426.5104412589485  -4.419731335774442
-88.54330421919717  1432.3842800350044  -2.43546503614703
-89.35045499138853  1439.1263126771528  0.3781826527136565
-91.79784812101632  1446.5073819471318  5.2069003377743375
-95.28368170641482  1454.278517402597  12.07962197550439
-100.41553169636434  1461.7785541651042  23.128658949258863
-106.34349384179765  1468.2203245283736  36.371837859888025
-107.45570479462272  1473.5473300900449  46.70545734689241
-105.44442352002697  1477.4911885166564  54.57513093366476
-101.28704938240331  1480.5183955878472  59.94459850815106
-100.46319431065186  1481.4159553610034  69.68467882473189
-100.3842043874378  1480.2576867604907  80.43839043416601
-105.46273851814283  1474.5672070395053  101.91362950595077
-108.57830863983284  1466.8430791581877  117.48701040083307
-111.50524246730859  1458.9759404883794  130.5511287717291
-109.12336694667174  1451.086746100946  131.24939255467635
-108.58253765117422  1441.5630324434387  135.04559864591943
-108.15953262164128  1428.739363153807  138.81301873488857
-107.04007216582858  1415.0435951680947  141.1907098885058
-103.05703923157805  1401.030272169333  138.2128960744649
-102.96111588961172  1386.4385136294525  136.14439573730687
-105.37804003872924  1370.4343345705158  135.01645613513568
-110.48850579029862  1353.8888348364003  134.77531938378772
-111.76041162388077  1338.1190937967247  129.82936908990013
-109.92814614988731  1324.2074561253035  120.5450104900744
-107.03016218655097  1311.5738666197994  109.7513398545256
-102.88856972366838  1299.968548243593  97.99841699417793
-98.57122380928577  1290.2059749527275  86.36149885155821
-94.35067618665917  1282.1833049672684  75.43313916002953
-90.90495131950644  1276.2232813635865  66.13087304379572
-88.35589184070884  1272.0317095183718  58.75204136301087
-86.76981204747857  1269.7901148806934  53.52908405157152
-86.39609627545484  1269.064323210331  50.84804618374572
-87.29598170872598  1269.4893042425315  51.11082847526917
-89.69030852398434  1270.642454151939  54.71757851467412
-92.93910542454407  1272.1623132504833  60.94592844853393
-97.34568049752347  1273.5314512169975  70.20049545922431
-102.60758655377909  1274.4609995090352  81.60115276018091
-103.65033983856961  1275.341880921373  91.0897142072353
-102.09531522980006  1275.7744139437282  99.65892992373107
-98.29745288052705  1275.8665526677023  107.0082975998632
-97.83987371877491  1274.1321732198546  117.81598249377936
-98.49111674643133  1270.4842775327115  130.7865646230987
-98.95725920801286  1264.5893997856713  144.80528985596345
-98.93117247294326  1257.0353896437084  158.23989306205448
-99.89087762833617  1247.705324106206  171.3109447043449
-101.2261458468123  1236.509395536019  184.31318059240513
-102.865894300317  1223.4584983255393  196.53456910473332
-102.94253758830268  1208.569363424643  206.30474778993766
-102.71778551083892  1192.2991713795143  214.11545378168444
-100.95991082807589  1174.84838159649  219.21214012163819
-99.05661188429333  1156.8857637827755  221.82310642379983
-97.15429513897845  1138.4753473136202  221.94711215272417
-93.90560524381115  1120.6008159371304  218.30587878372302
-89.43278495074972  1103.3655975011914  211.70670765794623
-82.40936925573857  1087.143919516401  200.80738439247892
-79.0053158716964  1071.4728280063898  191.67003430133403
-76.67170571387179  1056.1708122843415  183.78936778602576
-75.73204264510845  1042.188779155682  175.86470474018847
-72.49721725777061  1029.6344720580005  165.02250248474667
-68.02721582739822  1019.144968877602  151.79590321309675
-63.32013878948068  1009.7400362977519  139.29133619067395
-58.281472904203724  1001.4007823341723  127.37125080184146
-53.154303802995216  994.1636873404011  115.49440717881842
-48.16450682273106  987.950741488491  104.15488210864716
-43.252850893351116  982.6525526673023  93.42086343663472
-38.85933615159522  978.0610362660149  83.91848158957697
-34.58741862185954  974.0881828245477  74.94399263943984
-30.658879374066515  970.6781153858445  66.78862486913964
-26.98233110795043  967.805393266525  59.194109455429796
-23.80047951860285  965.4005250512793  52.57883512377762
-20.904856709259324  963.4109178492764  46.58002684717049
-18.413923666467333  961.7444380471841  41.406679366869675
-16.157524972043305  960.3761974500136  36.647507807798405
-14.254229171790406  959.2987002080349  32.580595112630746
-12.628444036020403  958.5199760757235  28.92604743853087
