121.24827  873.32699  50.0
68.352163  877.079  50.0
119.25737  874.86175  50.0
113.60016  868.74236  50.0
110.18489  865.97203  50.0
107.19636  867.11392  50.0
100.19809  859.75135  50.000002
95.158961  860.81813  50.000001
88.146868  852.89829  50.0
80.678663  848.90053  50.0
75.512681  848.25106  50.000007
65.251501  838.83971  50.0
58.542801  837.85856  50.0
49.038894  832.84493  50.000003
399.74438  -21.283947  50.040856
29.898009  822.5578  50.0
19.695827  817.26757  50.000173
-5.540933  798.27858  148.46334
11.542774  791.66802  158.25957
-14.840328  795.06281  124.71364
-27.714514  801.72795  52.307366
-40.548224  797.76969  77.719319
-4.5177373  797.02376  63.06364
-17.224201  796.381  88.666197
-29.407765  796.03956  115.13885
-43.53202  795.5181  144.51915
-56.046209  795.9729  172.33169
-63.27231  797.35299  196.61738
-79.675025  796.85858  226.55235
-90.259502  797.31315  250.8471
-93.363444  800.15173  266.72343
-99.354277  802.5036  282.77928
-102.46849  806.92814  294.49088
-113.20236  808.56345  312.39117
-119.102  812.26366  324.27828
-178.96618  819.439  287.55282
-182.54836  823.38386  295.15374
-188.79772  825.47396  304.20903
-134.93847  823.91388  359.15617
-140.12807  825.35812  366.62507
-192.90624  835.50204  316.2464
-196.40752  837.14205  319.16181
-141.91067  831.6978  374.57452
-194.99053  841.05217  320.61418
-197.13073  841.25473  323.3994
