105.24447  873.58768  50.0
102.78319  875.00702  50.0
99.417368  876.75129  50.000001
96.225885  878.71261  50.0
91.588921  881.53607  50.0
87.669153  884.25468  50.0
83.209505  891.75361  50.0
76.001752  891.13292  50.000002
70.86694  899.07416  50.0
61.919749  898.8449  50.0
55.376676  907.30631  50.0
47.758443  911.75414  50.0
38.192163  916.79147  50.0
28.528453  922.25351  50.000001
17.795034  928.10305  50.0
-3.8493722  932.15362  73.112414
15.151624  933.83353  110.07816
-18.711715  945.48165  51.336147
-29.376441  951.13168  50.000139
-41.282182  956.4372  50.0
-53.403269  961.24273  50.0
-65.112617  965.21156  50.0
-76.582948  968.11858  50.0
-88.468441  969.91576  50.0
-100.10025  970.41031  50.0
-110.48557  969.05825  58.122828
-121.96653  964.38432  83.258895
-129.24463  958.27193  106.53701
-79.128096  958.89579  81.949811
-88.854922  951.28625  108.41806
-96.356577  942.83534  132.34527
-100.02476  933.40668  154.13355
-108.3112  921.52862  180.4673
-114.77148  908.43052  205.59547
-117.21646  894.73164  228.18239
-117.50331  879.95351  248.27779
-122.5975  862.11894  273.38994
-123.43587  845.69844  293.98561
-127.55614  828.29176  316.60301
-179.84278  820.17096  280.79486
-127.47934  803.19451  346.02892
-180.35532  800.53494  307.49552
-181.10382  794.01671  315.9374
-177.99676  791.19773  319.20446
