123.81553  857.41427  50.0
122.32025  853.69902  50.0
122.3434  854.50918  50.000002
120.98482  855.60857  50.000002
121.02972  860.94199  50.000001
117.46271  858.11171  50.0
114.36618  859.92834  50.000001
109.6499  862.0612  50.0
107.3171  868.29637  50.000002
99.508857  866.2241  50.000001
93.828235  868.27078  50.0
85.503415  871.02573  50.000003
79.394842  878.32791  50.0
67.413494  877.59118  50.000001
57.264392  880.52293  50.0
45.378155  883.27814  50.0
35.119211  889.79064  50.0
20.819407  891.92536  50.0
-7.2598454  885.76844  118.82789
9.9601548  892.17637  75.317118
-16.432686  893.85499  51.590639
-36.2762  892.4582  50.000002
-50.055946  890.01677  50.002552
-60.118628  885.80627  63.840685
-75.826442  881.6681  61.512171
-88.10599  873.04987  92.404911
-46.47469  868.58925  77.388864
-54.947987  857.85503  108.07833
-64.760734  845.22304  139.92136
-74.481488  831.07644  172.39218
-83.136656  815.81907  204.56525
-90.182259  799.67065  234.85952
-93.938285  784.30573  260.85575
-98.65369  769.58729  286.20348
-101.92645  757.36377  307.17558
-105.0111  747.52633  324.13555
-104.30066  740.84357  336.24489
-106.2036  735.87606  346.73386
-109.39558  732.11502  355.75046
-110.10432  730.64973  360.75515
