143.20844  876.58544  50.000002
137.52791  874.14595  50.0
135.89605  879.79363  50.0
131.34474  881.21565  50.0
126.38687  882.72258  50.0
118.65376  880.40899  50.0
115.00033  886.49821  50.000001
104.34754  884.8817  50.000003
99.223915  891.4449  50.0
88.976757  894.54839  50.0
78.40895  893.99805  50.0
68.639428  902.47785  50.0
56.547328  902.61147  50.000001
45.34545  911.75574  50.0
31.033348  912.5553  50.000002
18.481833  921.99587  50.0
12.470997  926.18734  60.666432
-9.8844062  931.63816  50.000001
488.95064  -29.367919  85.34054
-38.952129  938.80252  50.0
-52.573792  941.04308  50.0
-66.978178  942.48998  50.000001
-81.066398  942.95363  50.0
-95.704562  942.05832  50.0
-109.2502  939.96929  50.0
-121.10752  936.80512  50.0
-134.34684  932.21797  50.0
-146.7372  925.66472  63.750912
-97.916447  924.10522  50.000001
-107.06994  915.68143  71.514289
-114.56692  904.90262  98.361824
-122.71082  891.86833  125.73271
-125.02511  877.61315  148.73306
-127.67275  861.70785  172.03443
-129.81461  845.6166  194.10302
-133.47659  828.87907  217.99357
-132.35749  814.31166  236.8654
-186.84964  799.3607  210.14762
-138.70039  786.47091  276.13927
-138.8281  776.24605  289.96165
-188.82844  771.24943  252.47121
-188.9098  766.07409  260.95422
-187.35353  762.81381  266.92293
-187.78368  760.66336  270.98338
-187.9526  759.75302  273.4531
