111.63439  906.55051  50.0
110.12035  903.17663  50.0
107.97288  899.79063  50.000003
105.48977  896.1301  50.0
103.58298  896.03693  50.0
98.485047  886.83356  50.0
94.468764  881.51175  50.0
89.844365  876.07747  50.0
85.164586  870.4384  50.0
80.838226  864.42757  50.0
75.471987  857.91491  50.0
68.125611  850.91202  50.0
62.241819  847.66639  50.000001
54.179479  835.79893  50.0
48.74191  832.75735  50.0
41.582424  825.99669  50.0
30.703718  815.71116  50.0
23.007826  814.69546  50.000001
0.98559009  809.77765  61.482738
-9.8659133  793.62149  148.53892
-11.09084  786.42086  172.95368
-17.344324  802.83539  79.337163
-29.431136  806.81719  50.742277
-40.218823  809.03207  56.854933
12.357917  796.34352  149.08979
-69.481562  814.38227  79.480561
-82.209995  816.69348  102.99414
-43.312833  825.75516  84.279403
-51.142118  830.92371  104.7281
-59.975631  835.97637  125.01036
-68.245317  840.62224  144.02205
-75.817711  844.93282  161.72684
-84.949574  848.42045  180.16309
-86.127886  853.09085  191.79694
-95.834892  855.34797  210.47989
-101.77635  858.41952  223.75809
-109.19056  860.17258  238.86684
-113.08658  862.58577  250.08984
-115.13734  864.78664  259.30131
-119.79029  866.03894  268.85361
-121.34835  867.28375  275.62538
-123.65281  868.07001  281.1316
-123.51427  868.48667  285.63046
-125.25694  868.51748  288.75519
-125.51034  868.27253  291.34804
-125.72453  868.32515  291.8535
-125.8929  867.65653  293.10329
