112.80543  897.7884  50.0
110.83107  898.62987  50.0
108.72253  899.63864  50.0
105.67344  901.19829  50.0
103.49614  902.94621  50.0
98.49181  905.30841  50.000002
94.251373  907.79315  50.0
35.677034  913.86079  50.0
82.536314  914.23634  50.0
74.301067  918.07618  50.0
67.776315  922.02667  50.0
58.990045  926.49276  50.0
51.021973  930.85383  50.0
41.223211  935.36337  50.0
31.897027  939.52871  50.000001
22.454795  947.77882  50.000001
-5.8839936  940.44395  114.52253
-7.3765486  942.94811  121.71587
-14.571528  958.1074  50.000001
-33.081415  956.18142  50.97524
-43.088825  962.67615  50.0
-58.462562  964.16351  50.0
-72.348527  965.22199  50.0
-86.640638  965.73504  50.0
-101.04827  965.92895  50.0
-114.73048  965.63277  50.0
-126.14055  964.9735  50.0
-78.678563  965.84086  50.0
-89.887518  964.49238  50.0
-99.525095  961.41131  65.848849
-107.273  956.68992  90.071643
-113.61579  950.29159  115.4863
-119.32016  942.48322  138.13774
-126.63638  932.9115  162.19649
-129.46942  923.67274  181.47406
-134.95896  912.88446  203.39348
-135.90228  902.62765  220.32155
-194.12266  888.67692  188.06387
-140.75594  876.47633  261.10061
-142.39454  862.5342  279.17728
-141.86116  849.7112  292.90939
-198.50857  837.98275  257.748
-195.95005  828.12814  268.46314
-196.05725  818.62979  279.71662
-194.08737  811.42897  287.33545
-142.41706  800.39629  343.19227
-191.4971  801.89713  294.85652
-189.82352  799.905  294.70849
-191.20988  797.58252  296.9997
