159.59038  913.90598  50.000005
158.82852  914.49309  50.0
102.24126  917.36693  50.0
99.770735  916.82107  50.0
96.433816  916.01529  50.000004
143.86741  908.56103  50.0
84.739954  913.98522  50.0
130.74612  907.01301  50.0
68.222856  912.09393  50.0
113.41577  911.21662  50.000003
99.409909  906.54515  50.000001
86.689037  905.81874  50.0
73.203576  905.27873  50.0
61.17471  909.27693  50.000001
42.76611  905.01831  50.0
26.197701  903.96431  50.0
9.882645  906.15605  50.000001
-11.971908  889.63296  128.76771
-24.122684  900.11344  50.000002
-39.491046  897.25421  50.000004
-56.577767  894.15905  50.0
-71.927441  890.95149  50.000001
-86.944607  887.46017  50.0
-100.29182  883.09714  50.0
-113.48236  877.76878  50.0
-73.316533  872.84273  51.41792
-82.142005  864.26658  70.227241
-91.5134  852.22986  107.10381
-98.307572  839.8822  140.71301
-101.07839  828.18636  170.24772
-106.37245  815.23023  202.45004
-109.23824  803.4665  228.32772
-161.73884  793.7504  204.95974
-113.4325  784.74905  270.43953
-115.33333  779.35858  285.07264
-166.55341  780.88091  245.30083
-118.29375  776.39334  299.9342
-115.13732  778.63885  299.44894
