59.113868  885.00486  50.000001
41.849373  883.24642  50.000001
22.252959  882.07835  50.028822
-6.9961048  879.96948  102.55945
-14.275612  884.81041  50.000009
-32.519493  884.6584  50.000002
-51.115911  884.78976  50.000001
-69.944848  885.2482  50.0
-87.97134  885.96966  50.0
-106.64001  886.4143  54.544912
-63.10818  887.40407  71.615921
-81.257849  888.72218  74.601651
-92.876966  885.78791  109.17572
-104.15279  880.80156  141.34108
-114.90691  872.49388  175.37247
-124.06761  861.85505  208.90703
-131.92613  849.16562  241.94373
-136.81494  836.87237  269.50204
-194.0459  826.53862  244.6429
-196.95948  816.59883  266.83877
-197.64734  807.96625  285.54638
-199.87032  799.74342  303.21042
-200.38272  794.77725  314.5835
-202.0044  791.1025  323.64273
-203.05395  788.92385  330.00148
-202.00435  789.67295  331.34878
