79.444559  901.8269  50.000001
79.08148  900.69187  50.0
77.745445  899.27943  50.0
75.186299  893.61306  50.0
74.218031  892.03682  50.0
75.012416  894.1659  50.0
71.335723  887.85744  50.0
69.063932  885.84028  50.0
66.79591  883.78581  50.0
64.939243  881.3965  50.0
61.564293  878.78908  50.0
57.11583  875.77088  50.000001
52.421365  872.36438  50.0
48.617877  868.3294  50.0
44.767776  868.55275  50.000003
39.587574  864.23132  50.0
33.256928  859.65388  50.000001
26.821044  854.9686  50.000001
19.322165  849.96491  50.0
16.670941  835.5862  126.40687
14.674941  819.41412  181.61127
13.863649  811.21675  197.0623
7.867099  824.61128  122.74742
-12.655027  826.1723  92.790744
-36.663076  826.39848  64.855552
-48.993229  821.39273  89.56971
-60.693664  816.21697  116.38686
-21.28963  816.83962  100.88606
-35.724448  813.5576  130.40576
-44.684689  811.04891  154.01334
-56.380634  807.93501  181.82001
-65.441534  805.32214  206.8096
-74.794492  802.67954  231.00194
-84.639257  800.37761  252.41898
-91.518043  798.64103  270.48894
-98.109598  797.51792  285.96284
-104.57928  796.18745  301.10719
-110.43864  795.07423  313.93656
-112.47136  795.47658  322.2467
-115.94754  795.345  330.78323
-117.97073  795.78511  337.73297
-120.56622  796.51253  343.5571
-174.68096  803.52861  298.73345
-123.57594  798.11494  351.8985
