78.359176  926.55231  50.0
77.94158  926.9157  50.000001
76.200437  927.87204  50.000001
74.870923  929.16392  50.0
72.170797  930.86653  50.0
69.167426  932.77357  50.000001
65.097489  935.19116  50.0
60.916051  938.18006  50.0
55.594109  941.61751  50.0
50.942994  945.35053  50.0
44.489686  949.58771  50.0
38.364745  953.96367  50.000001
29.619029  958.84155  50.0
21.180097  963.55774  50.000003
12.053066  972.74127  50.0
15.494828  958.66184  164.84342
-6.1451587  983.70427  50.764958
-24.963826  989.93136  50.0
-38.248142  996.19982  50.0
-51.297475  1001.559  50.0
-64.481892  1005.3161  50.0
-75.110399  1007.0631  50.000001
-87.312245  1006.846  50.0
-98.348838  1004.9017  50.0
-108.71783  1001.2372  50.0
-119.79013  995.58665  50.497989
-131.16898  986.26344  77.14577
-80.421906  983.03214  52.856829
-91.280476  972.72653  82.943777
-99.82373  961.84159  109.56386
-109.22763  950.11463  139.77259
-115.399  938.74923  166.27604
-124.5292  925.58394  195.95368
-131.18189  912.01074  222.83215
-192.56006  896.53668  196.43075
-139.68481  882.702  271.36076
-199.09559  867.48274  237.48755
-143.77325  849.82031  302.26964
-201.87097  834.31668  265.84045
-196.67716  822.63365  271.73235
-197.35668  809.52854  280.60522
-188.83546  801.9437  279.11575
-189.3309  792.74651  281.51987
-186.59223  786.85229  282.71585
-188.8391  781.35913  285.23239
