83.016223  878.38348  50.0
78.485575  877.06157  50.000001
75.896842  880.53846  50.000001
71.665817  884.42895  50.0
67.42723  888.12389  50.0
61.006672  892.49953  50.0
56.276565  897.25382  50.0
48.678163  902.92728  50.0
42.686943  912.92396  50.0
30.94182  914.79709  50.000001
22.793859  925.13514  50.000001
-5.7907248  921.37051  107.97422
-5.271604  937.64728  56.822443
-2.1267421  940.04026  60.014237
-27.057995  951.34227  50.0
-42.259597  957.49483  50.0
-54.601049  963.37194  50.0
-67.634642  968.54972  50.0
-81.18305  972.79835  50.0
-95.719389  975.77033  50.0
-110.39136  977.40164  50.0
-126.04953  977.28655  50.0
-139.07734  975.67205  50.0
-94.440938  975.7912  50.0
-106.99743  972.01017  57.176488
-118.54621  964.64123  87.272656
-128.80325  954.82404  117.73428
-138.45182  942.54006  148.17253
-150.41438  927.39981  181.78801
-155.29123  913.66782  205.48111
-157.62627  901.35818  223.56693
-218.84194  885.3518  191.79839
-219.20434  875.94053  205.73484
-221.70341  866.60675  220.44057
-220.97281  860.65895  227.96698
-220.38912  856.20423  233.00845
