91.730818  885.04493  50.0
89.9792  885.92017  50.0
87.843211  886.98246  50.000001
84.548811  888.46616  50.0
80.011291  890.65571  50.000001
74.883067  897.95149  50.0
63.970574  897.66627  50.0
53.932065  902.19847  50.0
42.522647  907.58304  50.0
28.430541  914.55855  50.0
-2.0541293  920.46402  77.060348
17.271776  929.25973  116.35219
496.45557  -23.010833  58.095849
-38.329714  955.24279  50.0
386.7598  -65.853001  270.04036
-76.070112  973.81442  50.0
-96.423091  982.25617  50.000001
-113.80615  989.33986  50.0
-71.772074  995.62321  50.0
-83.490514  998.59803  50.0
-99.882758  998.84009  65.994635
-112.19027  995.39297  99.918276
-125.39803  988.75291  136.05185
-134.19767  979.66314  170.25406
-141.86944  968.15192  201.40839
-150.26036  952.83532  235.14054
-155.24092  936.47459  265.90195
-216.40441  920.04513  239.2367
-222.29794  904.4625  265.80621
-166.12787  890.59243  338.68789
-227.29565  882.90958  302.10632
-225.73991  877.31254  312.00606
-226.13348  872.00428  320.68552
-225.56491  869.12874  325.05468
-226.10244  866.8241  328.81048
-226.14921  866.58073  329.89602
-225.80204  867.50777  328.79277
