71.708011  880.98005  50.000001
69.002305  882.17061  50.0
64.393592  884.09963  50.0
61.036645  886.33624  50.0
55.499163  893.92191  50.0
47.874719  894.11098  50.0
39.14984  899.77791  50.000001
31.197467  910.57145  50.0
18.973178  917.97482  50.0
-2.1045982  926.1418  58.251854
-11.144589  935.35629  64.717318
-23.636061  945.7701  50.0
-42.031617  954.55887  50.0
386.33829  -65.707901  268.17563
-78.363271  969.90692  50.000001
-97.536924  975.29859  50.0
-117.94457  979.37756  50.0
-135.59037  981.5411  61.484437
-90.273573  986.77129  50.584744
-105.685  984.4801  86.714412
-120.65636  979.38237  125.20559
-133.84273  972.31623  163.41905
-147.54899  961.75678  203.45204
-157.5078  949.1702  240.02375
-165.2595  934.35886  276.35748
-172.03517  917.95255  309.42988
-176.83868  901.31126  337.82421
-238.74726  887.78828  308.62084
-241.95164  874.01202  329.65835
-242.54847  862.35993  345.98831
-243.12596  853.79897  356.94086
-244.49962  847.21575  366.26277
-228.99145  852.366  359.0968
-215.46122  857.82667  350.29995
-238.56429  845.36435  367.50904
