102.92159  901.29254  50.0
102.24523  902.28783  50.0
102.51981  903.49224  50.0
47.134102  905.13057  50.0
99.022202  908.24545  50.0
96.035137  911.87322  50.0
92.537963  916.31129  50.0
87.371343  921.73934  50.0
80.462752  927.89902  50.0
69.889898  934.71069  50.0
58.514106  942.11254  50.0
46.816732  955.31803  50.0
32.156919  965.18848  50.000003
15.014212  970.08681  70.286383
-7.4064911  986.51449  55.465762
-24.079705  998.62583  50.0
-42.70166  1011.0447  50.0
-62.891817  1023.6126  50.0
-82.076645  1035.3185  50.0
-100.43364  1045.3617  50.000003
-121.22648  -1070.5245  50.0
-135.65569  -1077.6187  50.0
-92.384575  -1086.6012  50.0
-109.15285  -1091.982  50.0
-128.08922  1074.9196  87.586355
-144.53578  1071.0899  129.99277
-159.83638  1064.5333  172.32609
-169.44128  1056.4852  209.47577
-182.10577  1043.8221  249.30655
-188.84145  1030.0761  283.60239
-261.65466  1012.1522  259.88281
-268.97969  994.3958  298.06462
-272.21564  930.78181  428.56505
-271.93057  957.75637  358.78327
-272.98572  887.67441  478.11729
-263.54626  928.36914  393.44992
-274.04556  909.2011  413.8739
-271.70585  837.79608  523.11084
-259.70178  892.94517  431.13489
