73.064761  929.94431  50.000002
68.246902  931.34214  50.0
62.371927  932.97735  50.000001
54.241129  935.01226  50.0
45.120909  937.00004  50.000001
34.131352  939.30178  50.0
22.09989  941.93218  50.000003
-5.4128754  939.7671  104.21711
14.268057  941.67773  120.14543
-21.618185  958.3105  50.0
-38.429263  963.37336  50.0
-57.010771  968.39176  50.000004
-74.410192  973.72283  50.0
-92.832343  979.39386  50.0
-112.00977  985.29057  50.0
-130.89735  991.08682  50.0
-147.85776  996.95861  50.0
-93.440951  1006.717  50.0
-117.20842  1012.559  54.198586
-128.69011  1015.6699  87.48073
-151.16874  1014.724  131.33115
-155.9761  1015.6399  159.8233
-170.31484  1012.9197  197.94967
-180.69162  1009.51  231.84986
-191.58055  1003.4622  267.41754
-196.09706  996.99007  299.04611
-208.70185  985.36278  335.86089
-209.47044  976.60689  361.57567
-275.12168  967.31407  326.50937
-260.02254  964.06055  336.34382
-271.1625  947.99713  363.11786
-280.72419  932.19933  385.74208
-280.00115  921.93807  397.93166
-252.95943  926.18401  389.28132
-278.62039  904.35321  414.69559
-203.68628  935.68361  364.65469
-252.08538  907.40985  401.78445
-249.30173  851.50932  492.5179
-273.48358  831.97024  509.89366
-240.09512  906.18887  388.29276
-249.59232  902.7881  387.4088
