59.408386  947.80046  50.0
57.591104  948.72636  50.0
54.800542  950.2378  50.0
51.320207  952.12556  50.0
45.221464  954.87019  50.0
37.938732  958.15511  50.000002
29.653509  966.47494  50.0
17.115156  966.62503  50.000001
10.347031  975.51406  53.380011
-9.9714699  980.52305  50.000001
-28.074733  985.25799  50.0
-46.339566  989.78031  50.0
-66.323093  993.71127  50.0
-84.637314  997.25061  50.0
-102.99751  1000.9154  50.0
-123.70195  1004.6272  50.000001
-144.19883  1007.5915  50.0
-100.80082  1012.8749  50.0
-115.86817  1014.2175  50.0
-133.17681  1015.409  50.000126
-144.35345  1015.3001  81.936758
-166.08392  1012.3787  125.7377
-174.38048  1010.214  156.76528
-185.79475  1003.897  190.36121
-190.71162  995.57688  220.64566
-198.04706  984.18826  253.29715
-265.4033  967.77742  227.82115
-269.32536  954.49173  257.20411
-265.07783  942.02598  279.72948
-271.38147  924.77405  306.15256
-269.16457  911.38544  324.016
-278.52159  892.8143  346.50385
-269.62406  884.59436  351.97018
-263.77156  877.77461  355.92996
-261.48137  871.96055  359.092
