-53.97943966875229  1025.5033619673327  77.59141865327409
-58.016308491046026  1025.7973540537175  74.49747107972053
-62.11901990238332  1027.2255953873278  71.45030046572663
-66.44043292746036  1029.9946019441086  68.5263146109651
-70.8081207060333  1034.06880961077  65.84986160423672
-75.65557433695942  1039.513315370407  63.61869486424038
-80.54483104548531  1046.7630345457915  60.730237328111166
-85.70780611479022  1055.7246696073007  57.12579323415999
-91.05593189134107  1066.3259163847972  53.47333408021416
-96.60819176182616  1078.1281306898832  50.10741851387029
-97.61152389380028  1091.1756708247724  47.2322068775745
-95.28641496340538  1105.592327756568  37.59736287924126
-95.16147851564538  1121.0386644079153  30.83896263563253
-102.20586306575228  1136.959226257992  25.518350842066596
-112.08576333755369  1153.2141149921415  27.356571765423148
-119.03784797201962  1169.8602130299237  27.152832109367253
-123.42175098179703  1187.1100308055677  25.76003885709135
-127.91441048409601  1204.5421561866924  24.739233838697608
-132.58678698015234  1222.1139676590396  24.070033082830747
-136.47505559445236  1239.6735353341705  23.324381347301266
-139.68124087656466  1257.2048628769242  22.823444412223527
-142.6302374896328  1274.2996441077994  21.145107546174312
-145.54404892811226  1291.3183832705784  20.38275730535656
-143.1909805461143  1307.8946241560639  14.611206387712363
-142.72996939810957  1324.7691812181922  11.874288837834284
-144.4955361235667  1340.7137119536947  9.22287929265677
-145.46792065444194  1356.346893088291  6.925757786963857
-137.5961840187931  1371.4110117108523  -2.12427315979292
-125.13997803012819  1386.3589527658867  -13.122535768864338
-117.18790896562994  1400.7102188421147  -21.068145876400294
-114.06648678656998  1414.0094985451049  -21.245855434429615
-110.5273407444454  1426.2420718690312  -23.503974822190415
-111.81641369319583  1437.9845692166239  -21.980814290522197
-111.31391665249618  1448.6454639048452  -26.818465784207106
-111.15423260529217  1459.109015297215  -29.58490602479683
-105.21192518524994  1468.4256273541023  -36.56884215115889
-101.76034448508493  1477.242855955227  -41.1949526696563
-99.40227051516487  1485.0452414660017  -44.78943599004266
-97.83270833666101  1492.149187997174  -47.90910395248272
-95.92007059405661  1498.650428508715  -51.02712922351717
-94.08254767858968  1504.4954801601525  -54.140116748357215
-92.66542134572589  1509.7166742609088  -56.64322013550701
-91.79497806854039  1514.276976549119  -58.64566553748834
-90.99885644532952  1518.2545559345087  -60.47591523091906
-90.41287413469432  1521.6973081766755  -62.0412591407236
-89.94931941516467  1524.6544400101707  -63.2777079428744
-89.60485086368186  1527.1799224914228  -64.36342935781406
-89.31911908467633  1529.2779222702372  -65.22674020591494
-89.06286416481834  1530.966093610377  -66.1085890746245
-88.88442654381694  1532.2367983198606  -66.7256657601658
-88.70648511448852  1533.1591220877585  -67.36873931513514
