-16.312277950650746  1006.8292095435014  69.46303517003906
-19.28419174564023  1008.3984397660976  68.3594191218369
-22.60367785389539  1010.6270640726531  67.22656483656107
-26.492303607086594  1013.6937130765184  66.08133947275402
-30.657666732561353  1017.7512707199663  64.9481303873661
-35.01089161122929  1022.6398996473422  63.59685487356965
-39.60071369380161  1028.3056234103221  62.35351033651097
-44.57373031232178  1034.7926463658503  60.746509738345225
-49.952957619625074  1042.1757441524999  59.34559522606825
-55.53214674619238  1049.2130542869977  58.17807394523253
-69.36633912289626  1055.5629897328765  52.85036970246583
-76.01473887435463  1063.6438634935682  45.46998403732785
-82.65029149067377  1075.0723997539742  39.632450615554966
-81.26642163796777  1088.4924564274895  38.58436315801868
-87.34595970276061  1101.6099829618634  39.967341293262486
-93.51788385358164  1113.9490990462216  39.35357678364122
-98.6292469449173  1127.2374752103897  38.49214767347565
-103.44915045373763  1141.2416391749923  37.159619752994125
-107.87969907412062  1155.7840566026196  35.85531020767402
-112.70177125363972  1170.6341316245107  34.109741838880936
-117.43407894749961  1185.7809127073417  32.05897428208324
-121.61471458423935  1201.2801019149817  29.758291969388498
-126.14377303915462  1217.0153302530557  26.991296381377605
-129.90442961233177  1232.8988041378138  24.791684397425538
-134.00189967960813  1248.7579600797128  22.589862358644478
-132.59178810785417  1264.6617011366131  20.53115236111492
-128.1190051903985  1280.7620496902723  10.87739268349388
-120.89041973491842  1296.8076556621836  0.6980737102570531
-121.52158105626388  1312.5710838383243  -6.310274092383017
-126.22035297894288  1327.418656300888  -3.1071392161090845
-128.5181733874535  1341.759130828535  -3.1181450692032806
-123.1063661880284  1355.9145345400254  -10.466884466743057
-120.71416550804463  1369.7535951462446  -16.857070660522673
-127.87716426484167  1382.551300081752  -14.50949302562014
-139.3449327909139  1394.1600021121806  -7.193419467274779
-146.48483682991025  1405.029020338592  -3.350004048670491
-148.77297335396736  1415.4452940273493  -3.6062190148538926
-152.35350229658474  1425.178613963265  -2.6496874364927465
-150.75724579358976  1434.0077413153924  -6.203684585051507
-151.198806683902  1442.0538464695974  -7.789849930761678
-145.6269672701349  1449.3304645142744  -14.510830420338165
-147.91926937496768  1455.8852950362348  -14.022403695116935
-150.89213958462395  1461.7985576623453  -14.374457806809973
-152.54583691164447  1467.0522631247306  -15.068272366429703
-153.7642408844091  1471.7624596008977  -16.026616658267017
-152.72112114384748  1475.9590862423101  -17.0352670775377
-159.2520076905616  1479.6417389583148  -11.928966924091943
-163.44066113626081  1482.8438631985746  -9.007340866165968
-166.42632284584045  1485.5687513906034  -6.875463499061543
-168.23486546261492  1487.8947499238375  -5.782881803140521
-164.30413215989066  1490.018923714205  -4.495042671249709
-162.88303066189604  1491.6568408981918  -3.08937113921371
-156.25150578331287  1493.0158848906765  -2.121958528603932
-157.38991417669436  1494.0082251021893  -1.5820608176586772
-158.7362447180511  1494.4059718161375  -1.0686214856083185
-158.68161593748064  1494.432424552675  -5.4900024568542936
-158.8259945659294  1494.0663996574835  -7.751290260523618
