-14.218414724995625  1021.3739163769505  96.03524700250507
-16.622408453861773  1021.1969957529213  93.57045808892852
-19.469363910953092  1021.433588805163  90.95921104286383
-22.6282416791093  1022.3159500106976  88.23597575342602
-26.381939234377644  1023.9755586945644  85.09006459883942
-30.63138550041218  1026.376376205037  81.83239543582036
-35.55809797233925  1029.5811086835479  78.29876923998476
-40.74492853714894  1033.7711852998764  74.6505736338668
-46.63569799042342  1039.1697973617154  70.85001045774216
-52.76319327933768  1044.9096845305926  74.04021823328168
-59.03865690995768  1050.6786252600962  77.40381409383696
-73.13034721115086  1056.8062063919783  80.96557042608904
-88.50133936600233  1065.7334748555324  71.99052607435208
-96.475860094609  1076.7933860499893  60.21983694191274
-96.1769807326322  1091.4584346360236  48.949141380559055
-94.29398541429401  1106.8554908992026  43.29956937396873
-101.55761447733605  1124.0151741040909  41.287888815235206
-107.86692876060918  1141.269695068105  37.96580761075348
-112.74033430993505  1159.9226600946765  34.73662576530364
-115.06612108685083  1179.7444818502622  31.761865680727514
-117.44719550612814  1199.825400252042  28.912715626998573
-120.4745927051074  1220.1487014211473  27.147077800502302
-122.92329513982882  1240.076704835779  24.013953975848185
-125.06735851535629  1259.9609435567384  22.624962295078777
-126.44682595509644  1279.0066539894963  20.128902856222545
-128.07124189565837  1297.5121005069004  18.984242519370362
-129.3623734853653  1314.9086380387575  17.0535433640223
-130.96040960340534  1331.510480115959  15.99476518039004
-132.05096129660632  1346.9559645259815  14.385059778921637
-133.05391390012193  1361.4327421471367  12.959778198952772
-133.79533789617983  1374.740315666842  11.507761840319443
-134.51282577270985  1386.8857550618345  10.123621989075774
-135.26528230862792  1397.878607189719  8.93521319220746
-135.84709452178072  1407.6904105739393  7.699957669934635
-136.36614961242753  1416.466366329934  6.695733322561261
-136.72897954521574  1424.2014693527838  5.678802977387322
-137.10699748572023  1431.0085135635263  4.922434054208306
-137.394647817034  1436.8959458762379  3.9995049296936234
-137.7207798141785  1441.9596632120524  3.366474965551269
-137.97545863002512  1446.2922197918165  2.570895426839285
-138.32803258437326  1449.9820639745517  2.158159761417007
-138.62634812784216  1453.053363302273  1.6204573414422019
-139.06526141489454  1455.5416070196165  1.2950979746071811
-139.37114159302064  1457.4421646625387  0.692920019476747
-139.63828862445794  1458.8761648438497  0.29550905209511713
-139.93983827830306  1459.7906829753535  -0.023093025559060953
-140.18337506731478  1460.238847850454  -0.21118686433664807
