-9.753656180655721  1022.4468130706081  88.03943165375729
-11.680211611491288  1023.9423680092842  87.92147792395423
-14.025628571870826  1025.7871166914779  87.82954922064955
-16.86265940986113  1027.9811021006872  87.51210767680212
-20.162134575323144  1030.5746234782787  87.15475799148953
-23.910800918650263  1033.735127918792  86.3041973083316
-28.04417976089958  1037.5378172748149  85.30148989015338
-32.57615690457562  1042.0776359330061  83.83795551092827
-37.23159682116372  1047.4852633381975  82.42448567221311
-41.73075437257654  1054.1016209928862  80.88607710913949
-46.772344847233214  1062.036145682212  79.51993815509573
-52.60819308830608  1071.4381354026395  78.24116538594124
-59.08431475423189  1080.9606126686176  80.09241251041472
-73.87446773543894  1090.334797260569  76.33924796660052
-89.43176047472333  1102.3630140008654  69.59289660027396
-97.26560773749168  1116.885088126863  57.957215953853265
-92.52035453627398  1136.0770309324444  51.07226577479171
-83.79390424851998  1155.3920178736698  46.20293222652303
-85.891305075931  1176.3887810243014  44.48501621134906
-94.5147895559925  1196.7154164947679  44.27503887709888
-104.80664615990113  1217.9361043065057  46.135640911701984
-111.55687119707731  1239.4457063289613  47.43342803143309
-116.10385327967774  1261.1776907535257  48.48952581351326
-122.30923940857247  1282.6978373635077  49.02177101188704
-129.32387995015267  1303.7890069059085  49.26063229945428
-135.33259249942267  1324.4550307073011  49.0403092584987
-140.84894954186285  1344.5078465074007  49.03715905184829
-146.34985058496108  1363.6437265297054  48.2159186169002
-152.2171952481215  1381.949093501728  48.26546056107356
-157.5422666030651  1399.1141755190051  47.28908842659688
-161.89284618467914  1415.6346215956423  47.4707346534272
-167.0372166453362  1430.8614579566852  47.25309499576201
-171.9377106582704  1445.077021887846  47.63756031687623
-176.51945816743404  1457.8106838076133  47.73064113093574
-179.6424879073481  1469.4388950958491  47.84235031544976
-182.37052807038347  1479.8869350429543  48.15345298905637
-184.81943955609654  1489.3306742238683  48.53093503101002
-186.65736054494158  1497.7279137572664  48.98052566041601
-188.11168678077547  1505.063762740944  49.40429614085849
-189.18206598244316  1511.3494226076102  49.81143776709883
-190.27400824183005  1516.6652947965804  50.45081307355497
-191.25684576326088  1521.2079772657837  51.074770709117296
-192.1162640391564  1524.974265146023  51.8401535438807
-192.87105228843325  1528.0247403196176  52.554835404313785
-193.46553297689047  1530.3229625169517  53.4310905622457
-193.9626694761964  1531.9909550056193  54.34813103663906
-194.3731330679922  1533.0021375317492  55.47186340702457
-194.5938377310836  1533.482045064995  56.44972318176298
-194.45621819257448  1533.5075925548667  57.24579813649826
