-23.787535170127605  979.208789062225  110.11490648056927
-24.824202408568574  979.662154692274  109.17052528843047
-25.95575465623085  980.4957524475443  107.96928924994066
-27.377597168097967  981.7223420033224  106.73781239488568
-28.938041400820154  983.3711519930032  105.41110867431784
-30.841325100480642  985.4096987747962  104.20912576101799
-32.867372466774775  987.9570687388675  102.76060742107407
-35.17649747405055  991.0336504946918  101.38286268765451
-37.94644695127801  994.7403265005851  99.46784136736875
-41.023131799175516  999.002524562743  97.76947323892914
-44.26964009896994  1003.9564086339606  95.81650993450556
-47.480837098781095  1009.597322366356  94.3759018311915
-51.20447980278189  1016.083091569792  92.56449363245618
-55.2034600938733  1023.3970342041797  90.8963598755564
-59.529714361697714  1031.6208101671289  88.75250606407984
-63.90802455701299  1040.7044458676771  86.92615966722367
-68.61648436426837  1050.7004005218919  84.94633513381345
-72.99340402245429  1061.641110291334  83.24628429664119
-78.20852829991333  1073.3909001315265  81.46468475466432
-83.27057607566833  1085.8758958724447  79.7840444895528
-88.93449591491466  1099.0096315856092  78.14933523023693
-93.84977733465237  1112.8492173003508  76.52660992561358
-98.94542895595036  1127.322244397658  75.05368414958859
-99.53578244763739  1141.4597986609488  69.05182576245703
-101.75162002860289  1157.5011734771265  64.36896329780612
-105.84078677271971  1173.5732581777115  61.02959689883778
-114.64995525494533  1190.9567240017248  62.13534610116289
-121.87840668248195  1207.3789248393964  61.83650083873155
-127.0787788982984  1224.6464848946134  60.155455862374424
-132.41619720463103  1242.2013081738216  58.5523507811141
-137.66442685163454  1259.9336125109082  56.87205359152759
-143.0751231114989  1277.712719302558  55.03488067811382
-147.7497078435681  1295.4214437151622  53.14443890648268
-152.38523673870387  1312.994996074633  51.907124727451574
-156.50015396875457  1330.2601599721356  50.597663366836215
-160.77812731427002  1347.3512414469246  49.849782361926486
-159.1648211220994  1364.0719825639267  44.37995341916384
-159.4401764984245  1381.2478904715977  41.17772261726384
-161.37038508028155  1397.290783816152  37.865729571345874
-168.24992112297878  1412.907294783842  39.174507153395155
-167.1504488922568  1426.9615616353053  33.83990567749627
-165.70316408950515  1441.619401658853  30.76842605483312
-165.74502508543085  1454.5943665457187  28.97465575929178
-166.39497647130665  1466.6887635549838  27.960181902045274
-166.8992905514348  1476.9623235223378  26.5490975683827
-168.26579860499177  1487.00192711465  25.972776370256142
-168.88469700658365  1496.1036852995678  25.113258269351128
-163.82939596496846  1505.0495332546573  19.779863827415877
-159.55627794991065  1512.6942853432747  15.383271726556389
-162.77522657223616  1519.3438536918109  17.343355962432778
-171.2914985748363  1524.372671525495  23.871565730439038
-176.0614323210669  1528.9620216081007  27.3919258223369
-179.1496523603773  1533.0392980216675  29.580607352397625
-180.95001831605344  1536.4806170550437  30.680492808645344
-183.58612093994628  1539.3494077377647  32.58639920171896
-186.02156839997258  1541.579289493509  34.33227936053598
-187.84224808514583  1543.3973792395107  35.78487012875122
-189.1508892841713  1544.683073943437  36.61983157427958
