-15.367889034637868  1013.4250189971149  53.99315760514426
-16.02430673969751  1014.8577985477748  53.711988624239034
-16.933456367767686  1016.709602226827  53.19812814889878
-18.22720669632496  1018.9577880839377  52.592106029030106
-19.90780920431978  1021.7045452861462  51.617589172561914
-22.125772130343478  1024.9369941427249  50.67410157248426
-24.893049767306678  1028.6833535359262  49.27726569340175
-28.09963289575782  1032.8573854094452  48.01712670204709
-31.73626696175659  1037.4765708072723  46.29120839619064
-35.76581486993554  1042.5418936476894  44.76928231708571
-40.269422578137515  1048.1631121928822  42.78561958515118
-44.952931384111764  1054.332051949152  40.841510211734544
-49.884789711212406  1061.0755267508052  38.331788901526146
-54.958040438144224  1068.2819319184753  36.183697301461024
-60.46887374769268  1076.0290645573757  33.621643914619824
-65.48750073241231  1084.4045484210862  31.25404498931159
-71.53936850169667  1093.593227949612  28.51313316483164
-76.99929526639478  1103.7447874496695  33.668947908968775
-83.93486733579259  1113.1174575370273  36.29754715989911
-90.09630444799863  1125.0068732393463  36.03782526720387
-96.81094328553688  1137.9338743245928  28.001711836276872
-103.11068360467746  1153.7145150625308  23.060543042147536
-104.64686149255004  1169.092938451646  21.498509101812022
-107.67377402081945  1185.7206073268928  19.28300055091743
-105.97093579394782  1203.2329010506262  15.96622994979472
-111.59783480594146  1221.674454527036  12.296038766368573
-118.67682949599204  1240.1087520523415  9.546704970130035
-129.65251179490636  1258.8668941760677  7.472195942377848
-137.56476011395088  1277.6195886416206  5.359355816198575
-141.84430337559232  1296.8053363059614  3.834177918108719
-146.75563057329788  1315.9436282128784  2.2962551610229696
-151.96433441921744  1335.1395124236087  1.5048371556672686
-157.19765128462063  1354.119469970017  0.23134002026567257
-161.58474872083488  1373.1873169442608  -0.35905636179522427
-165.4721254216954  1391.8367704820907  -1.5426000736928867
-169.3798281774583  1410.142574754107  -1.7217301424923064
-173.13450412797835  1427.4265055717606  -2.1470775715938255
-176.61050596657347  1443.8857172152793  -1.5045411330825167
-179.64416842681754  1459.2217231209374  -2.2654147875415678
-182.3828971400654  1473.8208363930216  -2.8403653396551243
-184.74175735486168  1487.3278196318881  -3.9204385579834113
-186.79647912703706  1499.8172752416108  -3.630022789961304
-188.5249066269194  1511.0180464503421  -3.271242026027991
-190.02260202196263  1521.1331626047252  -3.061531525146175
-191.31601622135577  1530.2163050401984  -3.167404417346751
-192.34749173151704  1538.3445511210957  -3.3582446583082044
-193.227945716099  1545.5043800572466  -3.281209430223803
-193.90771216473172  1551.6476369092006  -3.4745716586941153
-194.56788941945828  1556.8335513415584  -3.4214046869961305
-195.03367175039523  1561.1846124336626  -3.6602437630867506
-195.37510056652513  1565.3744821078456  2.3758624407660616
-195.51947698340115  1568.6410328561892  5.9256585204354995
-195.76401729806395  1570.989901956057  8.96109869166049
-195.84015309598047  1572.0479100869143  5.1246987243220055
-195.8853317586707  1572.7741549300833  3.925338507670366
