-43.11528583799682  1012.4637265404633  13.652461366122962
-46.520014760166596  1011.7478423922755  10.672972107800533
-50.168149049161755  1011.934520183138  7.136333100412093
-54.12341813863843  1013.3805084688656  3.71208658067774
-58.33588166680864  1016.0604794344517  0.1505037900575612
-62.75537730659653  1020.1429471273991  -3.659712756866138
-67.36445886517149  1025.6802497007664  -7.318658147239775
-72.1559281282971  1032.7243006143276  -11.269301179119815
-77.02735326318903  1041.1701231682264  -14.069853901561302
-81.85959115375785  1050.9369000056463  -16.794744680591187
-86.2113935896265  1061.8821400770457  -19.21943098942228
-90.09424687500524  1073.7884266957515  -21.287901955991792
-93.94743600123446  1086.4816488201247  -22.835616838335795
-98.13401948535163  1099.8898923458494  -23.761018920737797
-103.38899401312197  1112.6802634930523  -17.340622798134856
-108.33065749554248  1126.0473589289782  -2.213816562827816
-112.87869048378198  1139.3810862854696  15.580668365496493
-116.52611843487907  1154.3664062341843  20.85831021818253
-119.93633998908464  1170.7350884109417  23.59686381899732
-123.13924005205129  1186.6178504190782  20.20888339583921
-126.27942955691745  1203.9917112848314  20.108644224773467
-129.14860731458933  1220.7288053293132  13.54281388181738
-131.9163356684402  1239.1146202097934  9.651511399482487
-134.18795407263536  1256.8950469567449  7.051325648707484
-136.81663583307923  1274.97226677497  4.111861584452504
-139.26236218070773  1293.6343938194566  1.5565261705291658
-141.51010250868148  1312.5660666362849  -0.3904247737513722
-143.158700657943  1331.7509492996564  -1.5249186744474665
-144.61516315663087  1350.796915435889  -2.1860786696262107
-145.84238866713028  1369.618486495782  -2.969113878167923
-146.88336995888668  1388.1193514608838  -3.2782711641204765
-147.73738452490903  1406.182646166062  -2.995967582514181
-148.60809532381248  1423.5633311072843  -2.130034527359532
-149.42132180548367  1440.2378163332378  -1.01976404647354
-150.18132054284027  1455.9626539454061  0.8727070189205434
-150.87005335542904  1470.7982123766092  2.728568862306602
-151.60190319405933  1484.6054074910749  4.671749340609987
-152.5694442777031  1497.3826151567016  6.036250206000507
-153.44613164693942  1509.0498506628787  7.405485110170512
-154.3372503771214  1519.6685674540836  8.746015411001018
-155.0151878564065  1529.2730691426684  9.992970710011079
-155.8503896690287  1537.905751238426  11.162147690974138
-156.64887047839989  1545.5553817068449  12.236506859769657
-157.53004125348698  1552.237302525613  13.1762965196158
-158.39418120430543  1557.9744590084545  14.150019258296462
-159.20808568270343  1562.828739202751  14.937992770458392
-159.91091666099055  1566.939447960261  15.628929699889305
-160.52622128498578  1570.2867975504907  16.188649201003702
-161.235059510809  1572.9251557809466  17.14024768115796
-161.92608866797426  1574.775649937863  17.983266076350723
