-45.706493209538536  1027.6331514838625  84.86779219247101
-45.441651274265446  1028.340107102238  84.27016590306829
-45.44420876851403  1029.4635761865661  83.4669370212259
-45.57412563235499  1031.0374114959918  82.70656847260743
-45.977871696985936  1033.204539145287  81.83200937723072
-46.58329332270736  1036.0294481767432  80.93361874582541
-47.53208033685347  1039.5811977633532  80.07219518999472
-48.893517219676966  1043.9020840959927  79.07707197586052
-50.59479215107234  1048.995535084671  77.88118809518986
-52.580003965912006  1054.907900533256  76.86834942301265
-54.90835212452777  1061.617895706752  75.9844917412354
-57.67033597475532  1069.173089148003  75.50776308441164
-60.82304817949305  1077.4469630710844  74.17687630558876
-64.42048042447006  1086.634760442971  72.82531458899228
-68.52270758364477  1096.5716761127583  71.37518668196759
-72.92189328586136  1107.5593230601962  70.32537185496196
-77.81428018102807  1119.4514514793766  69.00426143949028
-82.64968695681218  1132.3214467707983  67.50168398387511
-88.19167980397705  1146.0052822332625  65.9552095686609
-93.27911722641544  1160.569409957049  64.24487056611949
-98.98246468176178  1176.1536891875853  61.89139867663846
-104.23330735624931  1192.655084953509  59.329381279348034
-110.27781325315198  1209.8619141377753  56.94851819683025
-115.87354404019445  1227.5623600586475  55.09061147344964
-121.47278144472162  1245.7193322868206  52.87916346154824
-126.46987072200989  1264.3425975780424  50.68474988597682
-131.2751946020409  1283.1290236268496  48.58989166214412
-135.99952863276485  1302.1070909610169  47.012133647493634
-140.60383243021647  1320.764450563922  45.35291170382656
-145.15449910396921  1339.3214618770814  43.441263545123675
-149.51315256137516  1357.269678075864  41.47168061807061
-153.6607684162958  1374.9715006380918  40.116013959582325
-157.88546951807768  1391.940022764497  39.0630976217621
-162.33824837874178  1408.4953142399322  38.28613786854565
-166.46997912230745  1424.3926846994332  36.37123313913554
-169.79995162459974  1439.7908875522273  34.410186963387034
-172.25194775750282  1454.5011887367723  32.40447350655158
-174.3071914251537  1468.4432247491077  30.940048574922734
-175.7330285385382  1481.591837497184  29.585780694067815
-176.67980355851273  1493.7037654043406  27.998794141008087
-177.1841772380384  1504.634050492454  26.679536188117158
-177.62124543971822  1514.0975333599822  25.396566778708426
-178.00872264999515  1522.1184451878837  24.44403815647803
-178.20669217810035  1528.8796227427306  23.51737855729744
-178.38464700804562  1534.6745708984238  22.48933022770114
-178.4260574392372  1539.5749028351843  21.41442742603778
-178.57431183938706  1543.5965843780257  20.503130768277853
-178.61432857684565  1546.7325157552812  19.44715851697403
-178.63112072395197  1549.1515745762058  18.496550155786032
-178.59412374530842  1550.8477435553903  17.411459043097107
-178.6214605249663  1551.991252637511  16.720753895021602
-178.61733887943245  1552.6123088628017  16.04896332864458
-178.65292999381313  1552.8815369233987  15.63972563306542
-178.54486220218402  1552.7732770694136  15.092241389764343
