-7.523950056275664  1064.3937600338977  110.04737905096741
-7.774486205162561  1064.8514966140913  110.33407341793497
-8.276476900350655  1065.6031946702851  110.66194197205049
-9.097668180933521  1066.6357738085046  110.91657722852113
-10.255201387700188  1068.0481506462022  111.08394017361178
-11.570481966302824  1069.9138719716225  111.03154745694822
-12.996171455056219  1072.357173463838  110.75471952332083
-14.697174361292927  1075.4317955700565  110.33966204430655
-16.80649391891071  1079.098883182528  110.04381892833857
-19.39509938615786  1083.330284354281  109.66069882831574
-22.23227951096507  1088.221701067791  109.36273725390375
-25.184880454047846  1093.7751172048117  108.90817910352318
-28.464391828921798  1100.1178226724335  108.19337061354847
-32.05309776237541  1107.1726510602307  107.3189068409537
-36.103194867808504  1114.9639595449435  106.30542908003059
-40.321068803014825  1123.3677564437762  105.47376411149494
-40.504750564521046  1132.2981133657745  104.40357721869385
-42.36524681583019  1142.0414003858946  103.2179579830902
-46.147966814193744  1152.1674601000775  101.96272490428291
-53.61269709567104  1163.1554987300583  100.84875209969907
-60.120803261653855  1174.6745661281975  99.72224360215762
-64.84967306898373  1187.2671423387505  98.08326716349046
-70.61207975704157  1200.4202834603725  95.95118434409002
-75.419407749693  1214.1721688446821  93.796913701715
-81.1236288666304  1228.2098949377578  92.10202217639402
-86.47968658800032  1242.6905944637201  90.47821731098088
-92.25815325379362  1257.4621355056604  88.65082371208379
-96.99836202689485  1272.611034651524  86.33702765565796
-101.97560856062653  1287.789328550418  84.38953256960394
-106.66183741199322  1302.9671360136351  82.54404911559007
-106.29049691766357  1317.9381286481198  81.07732998298958
-107.65342680262148  1333.3420204211698  79.17644887949066
-111.40970724622495  1348.0116560356084  76.89243496291652
-120.34756446114122  1362.444358708619  74.84587400132385
-126.79241910495556  1375.833887478394  72.45828386778884
-130.36966181657584  1389.4188939114888  70.31129483681369
-134.2203386789399  1402.51672706941  67.7799594435417
-138.19338766347968  1415.20275290044  66.00296763904808
-142.46902021563653  1427.2146900085443  64.10308122356453
-145.85294405994844  1438.8294064210347  62.29424537634461
-148.79744749182254  1450.0404712888649  60.434330064914086
-151.47136960747838  1460.857693461037  59.14297278092663
-153.9889128485457  1471.0119642599902  57.95105941684974
-156.38839880917894  1480.5574531799339  57.060883998449945
-158.28049816462175  1489.4765235763577  55.791662274998124
-160.01106102145593  1497.969588220773  54.915123352173566
-161.42657013453507  1505.8453778372616  53.87094312050287
-162.79975578635467  1513.1768883842894  53.23884871666084
-163.73943707154956  1519.803503899827  52.395549093492704
-164.56059255747087  1525.8836602398135  51.70003940005078
-165.07446533313953  1531.3362148227457  51.00660024478393
-165.4457188603812  1536.2292681479921  50.455988583411006
-165.73594682611196  1540.5217544368336  50.00257387979992
-166.03344351858163  1544.2298626934014  49.6069950251923
-166.24507573071065  1547.4225637925983  49.27393370415474
-166.3348867523656  1550.1170423616963  48.98569486716774
-166.40476224226887  1552.3802583040654  48.77050594496571
-166.43915844625485  1554.1466383235743  48.52240899016006
-166.4752603675227  1555.482195684417  48.334353285205076
-166.40632434864034  1556.389762308294  48.105952583331664
-166.36525573838156  1557.0083621227561  47.99663751354127
-166.21041451788352  1557.2938645928882  47.671085941994214
-165.93007105233536  1557.309940378991  47.449813740450914
-165.44595637809545  1557.0170656359182  47.00545560865134
-164.90303400441704  1556.530299379856  46.74265366128915
