-4.4488718883771945  1098.1976891905913  67.98359062037227
-4.5320118107106655  1098.375219876184  68.17133698018236
-4.60543839437496  1098.563799176434  68.41918056957914
-4.682159333945833  1098.710273211493  68.5738564852609
-4.756393235617864  1098.8879164268496  68.75129627129267
-4.834067576628315  1099.0768872351941  68.84850122228124
-4.906231868909705  1099.3220369907694  68.9824563692972
-4.970820919934584  1099.5490891300926  69.05483351632523
-5.012481916879538  1099.7653253743001  69.16027774636282
-5.04959343037125  1099.9493318946509  69.19902689734774
-5.058022109402923  1100.1212650781258  69.2754065972782
-5.0724656283435  1100.2829998084921  69.26728101748962
-5.0484713806945996  1100.4227451607076  69.31111922268207
-5.0348612045005385  1100.5480834145346  69.26331774806086
-4.981792292308632  1100.647190669564  69.28800046681522
-4.96221857597854  1100.724310516428  69.2260705222697
-4.924059997264359  1100.7800911962158  69.28181419252915
-4.9374815061114  1100.8258901196814  69.26510236672685
-4.943554821904466  1100.863208239553  69.39336289839133
-4.971111615217653  1100.9141613426805  69.43148317401209
-5.035833032400128  1100.9658576768197  69.61451176582642
-5.120405059112251  1101.0211385718687  69.68350298547837
-5.2482711418432375  1101.0838444938254  69.87542317920071
-5.3494173963097165  1101.1726512905934  69.93080826556178
-5.496559255610374  1101.3179316719734  70.105411053859
-5.635574723159463  1101.4669779631352  70.16303247254032
-5.82234092200438  1101.7020054989246  70.31578202772978
-6.000401204865897  1101.9672138648066  70.29171145393633
-6.2436561752437285  1102.3569225361791  70.33235188624084
-6.5206453101104795  1102.7402439418772  70.179545537807
-6.864556666922994  1103.1981204756153  70.16752963529115
-7.242917722393435  1103.6136507896754  70.00649017413032
-7.755985184942068  1104.1178814510192  70.10037195167804
-8.255579869951589  1104.5900773992958  70.06255126851958
-8.82231759429007  1105.1685717571854  70.11421806861635
-9.33421037981252  1105.7136502340988  69.98334769862348
-9.995087843923711  1106.3021414539091  69.882455238368
-10.705323609114995  1106.8172152869386  69.76368749672798
-11.529546412136611  1107.3566445164283  69.61705394002436
-12.487636979909738  1107.88962790607  69.42731549279503
-13.486218153112198  1108.4645224246806  69.12090342081737
-14.656669624774654  1108.9554064485035  68.73555394859159
-15.896281222381024  1109.4062020728277  68.19331859986954
-17.250508924039277  1109.8041004210638  67.53381573776224
-18.591426488027114  1110.2922324091433  66.65436683747947
-19.891894176541783  1110.8499079720273  65.69363206806503
-21.32153855447048  1111.4886186654458  64.61372164897098
-22.965408795682457  1112.1215201925634  63.59455436151841
-24.810900617345137  1112.7823849575304  62.56226945672452
-26.70972757900837  1113.4937955245887  61.572198921594804
-28.62933671538103  1114.4643034140192  60.407927932109224
-30.368810782735935  1115.7267278442685  59.06247529011475
-32.309281936269116  1117.2976664916214  57.558369245257715
-34.24345657884245  1119.0051972790034  56.02392485572513
-36.48594769902961  1120.9014238191876  54.2832725306002
-38.81639771403227  1122.0984711060125  59.724098356725875
-41.14396008886367  1123.1382889425117  69.61290022230295
-43.56301837712964  1123.8873465797922  75.81961624507649
-45.978008182237204  1127.7598253408137  70.45479949505382
-48.61616788266155  1132.5725944735398  61.059001387469905
-51.264229405615545  1138.4473033053337  56.10507171332862
-53.91560549206345  1143.0479948302489  55.157298507903974
-56.439977042463426  1148.2560330662159  52.90720704360411
-58.97120475063015  1154.179043877019  49.71265814342006
-61.49454582167927  1160.5328086940447  46.19167016196584
-64.12708743905648  1167.3742104716077  42.730319383777825
-66.62692356823659  1174.5508988673919  39.51660878008398
-69.12038907775823  1182.2099243720347  36.567211595356476
-71.71912970717008  1190.1789107852624  34.07795678932552
-74.67751857673757  1198.5130816487926  30.9710023075637
-77.83901479611987  1207.3099282681362  28.09767391951344
-80.76334134075279  1216.6114804927022  25.47972023648039
-83.7654310623173  1226.4813406958658  23.204348231029943
-86.5767860603872  1236.8590177363449  20.578660197989127
-89.96155272953935  1247.6047061052302  17.66650209907208
-93.28528574863957  1258.610071662285  14.87291866051062
-97.10583336770453  1269.8949520865535  12.16293831563527
-100.6503686210735  1281.571836035785  9.412607088029631
-104.56649206591801  1293.6183354532748  6.8719749951545905
-108.08427906660935  1305.9512751678913  4.436380182300272
-112.05324985874311  1318.4383838007238  2.0920903302037974
-115.50725787250607  1331.0963978180287  -0.6257481610845552
-119.45986593560626  1343.8515910344631  -3.591001820674533
-122.90088684992284  1356.6680229092976  -6.375738809262554
-126.54670994792346  1369.4679713413007  -8.958272284814697
-129.4513400580877  1382.2714333629767  -10.845078030704068
-131.99166758300578  1395.1144020582585  -12.80799966956755
-133.94697942181827  1407.9850650882872  -14.290621342502924
-135.63958360759477  1420.6378618450153  -15.831288087418976
-137.20026757730375  1432.92304171198  -17.06623852843853
-138.5647494684763  1444.7006880083147  -18.254054012016503
-139.80115314477484  1456.027457338982  -19.274295423743062
-140.918523214996  1466.8150017490723  -19.72579978364
-141.9525558766432  1476.9825063316705  -20.228194909094633
-142.93988866027425  1486.4359118925024  -20.50668885946034
-143.85360504564557  1495.0850706650676  -20.99675919966619
-144.76681699279172  1502.9102809971616  -21.270743840309905
-145.89629372379386  1509.8502714544343  -21.535273388474508
-146.97072878739357  1515.8692926676047  -21.7187639621257
-148.22221790123737  1520.9967347095962  -21.967015375004582
-149.26488155635775  1525.3273156867328  -22.286832314447608
-150.3316711201968  1529.0360088144412  -22.65709426629529
-151.1971066361224  1532.148881041601  -23.060210663293464
-151.9648413751635  1534.725079114997  -23.50147019764583
-152.65128419863473  1536.819627420921  -24.039695039585848
-153.3331506108094  1538.496776509837  -24.567526622658505
-154.07892611761585  1539.8571216127248  -25.238316911184867
-154.85214799229325  1540.9239357125102  -25.870342679296066
-155.51224253681457  1541.7783425463736  -26.45465155629639
-156.05348643202097  1542.3960754752957  -26.82569591362771
-156.45281608619425  1542.8188689820927  -27.184624397882942
-156.7855164581174  1543.0525555411245  -27.530958994786
-157.06512884443006  1543.1478347821746  -27.87511031773614
-157.3114813728222  1543.1301221658825  -28.221651022541145
-157.50227028982312  1543.0549196183213  -28.48273195582174
-157.61139467829838  1542.9156501361995  -28.743268086096
