1.7333347259586502  1081.3030179769285  85.38390049194591
1.5753851316616783  1081.3725417635167  85.26403754219142
1.3768528007055894  1081.5433182104198  85.10934310993
1.1073156006434433  1081.813849426473  84.92360526996292
0.909389674454943  1082.1119463532686  84.72671895125148
0.7325381323030379  1082.4629467163259  84.40412067066022
0.5588722468460863  1082.8604378087505  84.0316625679995
0.35952882686913756  1083.3241623144047  83.46152669622552
0.07783012888958105  1083.799580327403  82.97997551951245
-0.2090677738296518  1084.2987466900192  82.31381317570614
-0.4850663548652261  1084.808884232113  81.75892070376297
-0.7401126282612591  1085.3996514215864  81.11964070790081
-0.9698651626496773  1086.026690623191  80.58297497538848
-1.2204417675895292  1086.704931661789  80.00425076028387
-1.436935017149418  1087.3775505785875  79.4674296653803
-1.6610918725643888  1088.1016135646582  78.96943541408956
-1.9018819060267842  1088.8688422312266  78.51126575288038
-2.1306921282474747  1089.7379160824314  78.08962407100282
-2.395498248947199  1090.6163817648367  77.72764014545461
-2.703401459116908  1091.5586380277175  77.38614044360096
-3.172781651862844  1092.5191739588588  77.01716785337854
-3.696191705525151  1093.6245690081341  76.48885772078965
-4.258372192962447  1094.7800848552474  75.82820284177832
-4.833592313551819  1096.0236559518492  74.98166981312525
-5.4076405903773965  1097.2886777252259  74.08980058408409
-6.205722581784957  1098.6445076874143  73.27185366414447
-7.005680873025222  1100.0123119034838  72.57292776549022
-7.976752193962731  1101.4767297654025  71.92755252107779
-8.931927819087766  1102.958147879172  71.23147879349023
-10.00996738227976  1104.5653593700872  70.53172235353586
-11.185168481267555  1106.219707075695  69.88609832471732
-12.48609121870288  1108.03796949923  69.23490078228893
-13.801486136912587  1109.9090891986984  68.53243709688877
-15.19263962978132  1111.8856091278603  67.69826285636513
-16.520579731118012  1113.8501292839462  66.7794837392245
-18.121271774722796  1115.9069755231787  65.72919166243558
-19.6162883114047  1118.0259090791142  64.74912701715037
-21.422388072992426  1120.2828390265997  63.787208734008054
-23.08186294000241  1122.6513702550874  62.888906188647965
-24.98966847878004  1125.1678153959906  61.88840666768331
-26.881647322237797  1127.839488659996  60.845067346240654
-28.84913489067717  1130.7224653020985  59.800667744216284
-30.97127196308623  1133.7485473299714  58.778921647599525
-33.06178769934795  1136.9730358678928  57.41627163679847
-35.46753629426615  1140.3282315694935  56.09734075531728
-37.89991652120192  1143.8960835911814  54.63558964127153
-40.40531479607243  1147.6558704575796  53.31550292815039
-42.915414659246835  1151.666546102015  51.67196132614215
-45.46970274626691  1155.9339459485204  49.97360953595998
-48.16790187713178  1160.4130722085986  48.24297314835517
-50.93824657498999  1165.055189788487  46.6977735724849
-53.9639228317135  1169.87012806315  44.92350631388657
-57.15073096116863  1174.9152602638464  43.24273373710359
-60.39675774890885  1180.2469370340752  41.31782153847377
-63.650441374239094  1185.8264109197696  39.713563413788
-66.81662481137751  1191.665928258666  37.9925674469671
-70.13535646592594  1197.7620955674383  36.424311431277374
-73.3442611702025  1204.1234915054745  34.941228195951226
-76.74025744633173  1210.779657910678  33.84261156580718
-79.9681726585096  1217.6708355202534  32.72164172547386
-83.3469001940434  1224.890988595314  31.753888217559595
-81.96561305437666  1232.332183637395  26.530273415446153
-82.255049221683  1240.1459696461393  22.960742339248498
-84.25015647811804  1248.0736919137223  19.481185007551282
-90.79057766959133  1256.233671164103  20.390257773706796
-95.35900707722655  1264.3926256195841  19.630790510204665
-97.84400668762444  1272.763192747618  18.765757849519673
-100.54326339178043  1281.148656386396  17.700841606903865
-103.79413516304261  1289.688579728928  17.193245929423284
-102.25237949865817  1298.2380907058284  12.217554626688536
-102.09474260229152  1307.0698431485444  9.169727836826876
-103.48062579292464  1315.9046578396642  6.3897160356624685
-109.54407993108718  1325.0155909761702  8.170898231684223
-113.60014787350052  1334.272032799892  8.218463440641141
-115.40296446230776  1343.9002019337622  7.755781319973061
-117.67845633276397  1353.7270658372543  7.614811601848471
-120.52429429907302  1363.6819186733428  7.339320356851171
-123.35988036234156  1373.8150637775527  6.995205159499759
-125.55612291624837  1384.0628728777256  6.5144129879767005
-127.26697104659183  1394.3800153874547  6.129794287643645
-129.11117811962737  1404.6323295691661  6.011563460164968
-131.10443209298526  1414.685487535655  5.68837803073578
-133.0763430672243  1424.430121143444  5.477662115361982
-135.03165590533462  1433.7307533141807  5.185239822540072
-137.15602877897044  1442.5546758687376  5.07994968320815
-139.47832599551776  1450.904445928898  5.069165254138088
-141.61349510500406  1458.9284479738644  5.255914539126915
-143.3535967315064  1466.6296305286405  5.365611651796901
-144.73681156454165  1473.9426942017901  5.374566381351267
-146.05278758444254  1480.7194368127414  5.308603051202665
-147.11795540387655  1486.9083319307417  5.27595074720198
-147.82997220492138  1492.5151551809724  5.268960133834966
-148.30788590491107  1497.4543935818608  5.022690483173473
-148.6787190828366  1501.6970389635133  4.633954418345544
-148.97369752262352  1505.2818445587286  4.097536435469828
-149.09314563989614  1508.344995526977  3.7676488335032237
-149.0936031693986  1510.9149534765065  3.3260724630408793
-149.11041891495825  1513.0543157634484  2.987332697941618
-149.13254147871413  1514.7141810361468  2.2815368716626367
-149.27324193444883  1516.029261295226  1.6972259517647734
-149.297238189052  1516.956725887288  1.0363516100516412
-149.41134510925897  1517.6198171823269  0.7919475183701934
