4.320017988250263  1088.081686887233  122.26247009958024
3.9063919586307096  1088.314476441196  122.25701448286807
3.481623819274666  1088.7742159189445  122.16087514463018
2.672832511605186  1089.576312046359  121.69378877301196
1.7557839169121923  1090.7296669234106  121.1468178147261
0.323323949334127  1092.380832277143  120.73824328935207
-1.00812724303039  1094.3981629508817  120.58186681307355
-2.4891567932380276  1096.9555487645923  120.48434304184923
-4.045132744802114  1099.9431403702984  120.03573324775161
-5.947951739353027  1103.4979939107907  119.68426029146907
-7.882651446386179  1107.3647347842132  119.19455696824944
-9.823200870851217  1111.589110097597  118.93758248670537
-11.70377369932882  1115.9129534909364  118.62292822520624
-13.719950562590169  1120.2939540817295  118.47231888777429
-15.547560039813677  1124.5078182956584  118.26266710010134
-17.298087952371258  1128.5714338437667  118.18677232984246
-18.826762515619393  1132.362483726211  118.03699893937267
-20.308134971215413  1135.9664429297877  118.1080252156216
-21.58354838020124  1139.216479109644  118.1021056992563
-22.933419607402623  1142.2703447381334  118.3680419806079
-24.18067105335124  1144.948173043443  118.43778468062942
-25.340695315973736  1147.4877654434024  118.60871039445689
-26.28475379101803  1149.6983131580514  118.59439266133197
-27.119893143493357  1151.750209436584  118.71322525954055
-27.92516111390487  1153.5029882274519  118.76768853832345
-28.649960677217656  1155.1239311636166  118.90222414991158
-29.310285380200956  1156.5589884286383  118.9573833545087
-29.90060401322936  1157.9133663017928  119.10405335998361
-30.447023041005778  1159.1121604447603  119.13746826504926
-31.056565903194823  1160.2563293207825  119.25014042460496
-31.614518876856074  1161.2511219574487  119.15678905232372
-32.168536276810876  1162.1573708066778  119.10550386109199
-32.68017963888711  1162.9313436039329  118.98058435782448
-33.19479546709433  1163.6880907667005  118.84801657425939
-33.7146269578554  1164.3780320569429  118.58713553376306
-34.22437346468797  1165.2170323989628  117.94825617240784
-35.04540591316697  1166.1951212041522  117.01744706241834
-36.16346455521147  1167.5556525038364  115.53074996258414
-37.74947329475202  1169.1757036163244  114.1390681631791
-39.64515027320923  1171.2545927225274  112.40615711179406
-41.827521312628456  1173.8031378057253  110.74247005904795
-44.35919329362101  1177.1051884815706  108.28344029487795
-47.06094721617777  1181.2434718912482  105.9283283239354
-50.30477104879856  1186.4395118146747  103.05844674410432
-53.86428426805438  1192.6653128394682  100.42978506671997
-57.75957264241002  1199.9873153540857  97.36332243608571
-61.708590058632716  1208.3539875476308  94.75087335821542
-65.94346340425918  1217.8106249308883  92.34941799113261
-70.34043867776936  1228.5909440608434  89.92195207453226
-75.29682163139071  1240.7380980916146  86.74652061583575
-75.54078073930775  1254.1270712481328  82.77259968447522
-78.05910122016996  1268.6983657348887  79.20907077802391
-82.65915011536212  1283.7468630082958  76.86263848674996
-91.73956051674999  1299.4618177679718  74.58071425182715
-98.35121302787257  1315.652989481363  72.6614291880515
-102.74846570243281  1332.4038134050816  69.31721502910972
-107.63451507282343  1349.5775186747  67.52974070695466
-113.34960055440513  1366.3449127921765  64.4094193904538
-118.5675731092855  1383.3760315151617  62.6183026621082
-123.60221968335244  1399.9550832335603  59.18422723023903
-127.73036676528743  1416.764082452585  57.52507605643532
-132.21323939814425  1432.894366083523  54.788313470312445
-136.15907618880937  1448.9312345096257  53.244017333462885
-140.3631493931099  1464.268812224307  50.615105835204375
-144.07655892858793  1479.4194848129503  49.257142236274085
-147.59707383424234  1493.877797510374  47.3642848017448
-150.52899159286173  1507.9810743925975  46.288505864766655
-153.03666186720142  1521.3362754312318  44.72064564900251
-155.26667445200042  1534.0648680464326  43.90060668090951
-157.22980820936175  1545.8516625241982  42.70124365785492
-158.9344737444585  1556.7766097381043  41.954150521168664
-160.3925956082355  1566.6882987665706  40.88652526640472
-161.6464223601572  1575.6954768133173  40.16293733176351
-162.74301054677667  1583.709651986078  39.36685742468565
-163.72263443362368  1590.7667374785333  38.78257702144617
-164.60454146165642  1596.8275155978254  38.26914250628934
-165.34327742630617  1601.9798882052905  37.75280428662655
-165.95757577856503  1606.3609993851308  37.33551918025283
-166.457418705866  1609.930070956607  36.716987731863284
-166.78146097575214  1612.7258389529231  36.27812155553513
