21.16471453853168  1096.874451980419  107.67166011294489
18.184818138385747  1097.1190397171488  105.950726269399
14.648313640599895  1098.455508873267  104.1004087025994
10.59792103529503  1100.8225259943779  102.20855352790528
6.041359020941017  1104.5046623306444  99.87101633722408
0.9411122967191705  1109.2845611119822  97.66090111875909
-4.7948913585073925  1115.0321997534274  94.94988999448587
-10.903717045619036  1121.6332947579624  92.39718958512171
-17.204488006396403  1129.1401929935494  89.349999320437
-23.783450261607832  1137.4361263684455  86.55164104450347
-30.503518296926437  1146.4353968731707  83.40601938291339
-37.26834712113214  1155.9903263433193  80.23198679093268
-44.19713959146023  1166.077292167056  77.05313576548853
-51.14805690969038  1176.6602418431926  74.0764931630344
-58.48481289760212  1187.772097949398  71.05493426835906
-65.42863660210142  1199.4941818970171  67.739901546341
-72.58038289024827  1211.8545175249978  64.56152369176947
-79.2412661113878  1224.9279789227078  61.31844542937406
-86.14040692637874  1238.640814767164  58.48338463735974
-92.7415631784648  1253.0965488826607  56.39420388415041
-99.63959446357264  1268.0680552493184  53.51037830487433
-106.00905794625652  1284.030376918356  51.04554775906599
-112.36318482825757  1300.568521842526  47.087414384665564
-117.99813466786627  1318.2060522075035  45.128462312670756
-123.90649313555221  1336.2668943875456  42.15508630138151
-129.41706563018818  1355.3739500756562  40.946880243183834
-134.3257382760151  1374.9056619289486  38.353895367796746
-138.70575581723492  1395.2990100552724  37.73494213505019
-142.37707531585707  1415.6546710818654  36.27001069942932
-145.95947039685592  1436.338623441161  36.86821835806467
-148.27925255451888  1456.475152072863  35.972918607795336
-149.95507404506026  1476.5548648225138  35.7692978996944
-151.34497976619087  1495.7287901842096  34.95430207122312
-152.70524525981037  1514.0371002003267  35.25719336576548
-153.88007025280456  1531.0148413401344  35.76875028781787
-154.43088523479813  1546.745993577506  36.25716365403703
-154.59076681983302  1561.219448765586  36.587337659817244
-154.62755341667963  1574.3589092584702  36.8931255048326
-154.62480012299073  1586.121086642753  37.29306349653378
-154.63899698088827  1596.542159948056  37.75029501287982
-154.51900032189872  1605.5000747740467  38.23130329101256
-154.3393847077863  1613.125141173614  38.547911214384506
-154.29605881878044  1619.5393777246177  38.92074892433041
-154.22093355654306  1624.754948782886  39.03817760958013
-154.3850541419871  1628.8081878004025  39.43008981511718
-154.56914136524944  1631.5338662819458  39.429069323599975
-154.9332099331683  1633.2578777204333  39.724418969274964
-155.23005293009106  1633.9392197887855  39.544504446937054
