10.287875855755587  1078.5400321427196  122.92034302419323
7.979246361747138  1079.0506227618746  120.33341740611421
5.130090119361413  1080.2036838348558  117.81766189955651
1.9001779237669596  1081.8076513704702  114.86185757834552
-1.6185352579386558  1083.8462745788613  112.1675333528829
-5.521454374663445  1086.7377580860978  109.19312853263654
-9.812567903465823  1090.78608632902  105.98891884619195
-14.639990311617446  1096.125144274913  102.12407277620169
-19.777070240489802  1102.5053018299202  98.25837988578233
-25.121436386021898  1109.8022456373517  94.71252229921193
-30.9056600270323  1118.2106045196629  90.90328891750305
-36.795884483578405  1127.9821478238584  86.65747259061136
-42.89131555609248  1139.1503555107133  82.0785638086638
-49.037327836651855  1151.4795194151884  77.82404518772157
-54.84858753617212  1164.7468341133467  73.55573922546395
-60.9785163049409  1178.833020172846  69.49447709124547
-67.09011558967947  1193.668909629494  65.60855248796328
-73.4664956029421  1209.1401798551985  61.726719975132255
-79.5860641087983  1225.055020398259  58.00455274594081
-85.5096248928166  1241.3011330211432  53.86992831571823
-91.68845081239718  1257.7579203846178  50.195525577000005
-97.6447801258292  1274.4440954110892  46.39017320021932
-103.70541319284791  1291.1941811337886  43.03308203925133
-109.45328664158615  1308.0290687936122  39.792779859766206
-115.20108070818463  1324.8343498430313  36.68338006149438
-120.27947643510565  1341.6922394457674  33.6404210297164
-125.15383338794419  1358.426479328411  31.125943711305954
-129.18751504570858  1374.9309523180764  28.55947545644179
-132.88858840231615  1391.1678987161122  27.05540097421559
-135.8452445599074  1406.9334524564247  25.052956033834263
-138.54825379137273  1422.2627027830988  23.734601653033
-140.92049033590612  1436.7516107002655  21.6088960110257
-142.94435339190136  1450.4476271217472  20.31691575102973
-144.74782349767548  1463.055198972206  18.926349364122753
-146.22975116584539  1474.7032240042179  18.054955544745912
-147.60736300721265  1485.3068454476918  16.903069855802254
-148.71663404200513  1494.925675780766  15.79492698847263
-149.64804372401753  1503.5119464158286  14.785340701815604
-150.32550337490704  1511.1057613275889  13.825234628744894
-150.91004316424846  1517.7020566220117  13.096397888385162
-151.43024091404885  1523.3595606992358  12.298817963371318
-151.90292002740335  1528.1121251056788  11.736541986583076
-152.25022296307813  1532.116381271293  11.156633972479696
-152.47871036796073  1535.3691356282259  10.832342418129114
-152.63182686709246  1537.9164824158058  10.499425116460344
-152.83471826744795  1539.72081064003  10.434434057298844
-152.95172824912282  1540.7504168826292  10.265552837704334
-152.94082677683778  1541.0202158547481  10.135826719045662
