-12.412313595404632  1081.4894029832872  102.50873259055724
-16.531278373186264  1082.9996674448266  99.42498494564028
-21.057623697676302  1085.2070458732242  96.52422614479349
-26.003736080521954  1088.2784365239804  93.33429903272871
-31.136122356993585  1092.350437164603  90.15187059110939
-36.73956776297284  1097.5857487487403  86.32443416310363
-42.14872565891886  1103.873929469422  82.39697648467194
-48.103938319635446  1111.1473122224963  78.5465645520509
-54.059741272380336  1119.4155330161552  74.94093385295807
-60.26760629636263  1128.762857577677  70.98397858048673
-65.92689891378376  1139.1715976293112  66.61880195415891
-71.63828205763512  1150.5801162393827  62.22477767804082
-76.86064660747466  1162.9090770856278  58.31065957721193
-82.42458689345456  1176.0129226935192  62.54526876785705
-87.35214884608884  1187.8810339031897  64.28601447596944
-92.76623291480462  1201.9130059438787  63.23529246290477
-97.57424216493223  1216.4940319831999  54.991497713998
-102.71561592834436  1233.2134839511768  49.99878637474264
-107.33878584345307  1248.4608348093705  48.581492411933986
-112.20731946220288  1263.648911323852  46.43564736744361
-116.72879578921714  1279.1485460014349  44.66178016637788
-121.4206723985187  1294.5158885086294  42.09741778556202
-125.83488242771702  1309.975995574308  40.750653466382516
-124.7243178651386  1325.0260470271994  33.680963063775
-119.9467741178493  1340.504673554428  25.001799938223883
-112.45287694980509  1355.68935633325  13.395277837696415
-113.1522529698786  1370.6238701247269  10.20491389817373
-112.7814377287986  1384.2060553267388  6.0616642130314435
-116.77128336018379  1397.4403002957927  6.53852052511256
-120.44049729706444  1409.5082319543671  5.2875869421547534
-122.74745381946632  1420.9956142543597  3.9116446848336133
-125.21402461567396  1431.4328964944982  3.1358335993195126
-125.38212214952338  1440.8578747907197  3.674464577587735
-126.14873599117648  1449.3294022237171  3.839917505969772
-121.40479496458184  1456.8915024647076  -3.211116398766826
-118.57355274528713  1463.6869737785003  -8.855159378882023
-122.00664958464753  1469.4628937190178  -8.207383668096476
-128.96137419258565  1473.970180872083  -0.5563283265234764
-132.91483769137665  1477.8464316322534  3.263413497962622
-135.56230707870634  1481.1028978083202  5.303808465711729
-132.66335811787422  1483.777990976272  1.5454738237715477
-131.86898917689876  1485.9538556259934  0.3995310366032432
-131.34051489155522  1487.1965008643651  0.010804155940708493
-135.91192292423892  1487.7611346134006  4.297560466248731
-138.14959692600294  1487.544634986044  6.207633712284496
