10.487902937718166  1088.3945853205105  111.12192873830878
6.551582079042682  1087.688424927123  115.03545511887225
2.157126987914295  1088.8508235438512  116.44702027261822
-2.635802027564215  1091.6937689514587  114.68455902419396
-7.814825179081419  1097.1912841401431  106.52724105353006
-13.255682275246311  1103.7272108603856  101.00598340094041
-18.97489517686687  1111.4715265528703  98.79455385876936
-33.60014883385556  1120.0037267560886  86.5393742012565
-44.9753213115768  1129.7867021576183  77.3837260673363
-54.92913490957837  1141.7099938083884  68.85179913522907
-55.63740878214049  1155.6418450169188  71.01558702044144
-59.494266486127266  1170.5894742864857  69.14992709787909
-64.64511271228481  1185.6506927531875  65.6188982527678
-70.06256179083847  1201.2042135028248  61.46979813420671
-75.37036221012117  1217.4166524209757  58.40896676756551
-80.96270649768903  1233.824572247549  56.103644784107566
-86.5720587121326  1250.540875651378  54.05244525456583
-92.58820024038326  1267.2005383219894  51.662649586651675
-98.28286493139555  1284.1122690180896  49.10010437838716
-104.5108890739652  1300.9947884574976  45.98376365890972
-110.3912211819457  1317.935792962063  43.98863433282774
-116.56115801747778  1334.4820830513772  41.76662852641776
-121.92276918064593  1350.959533976377  40.06164974789926
-127.38627279817877  1367.1151709331757  37.114315299305204
-132.09602628152666  1383.1635086725614  35.68656793004496
-136.51215280747184  1398.4761361994447  33.73403172174937
-140.14656676066264  1413.401241604117  33.26077477427082
-143.24494222856072  1427.5299864232093  31.92760549470558
-146.04385979705006  1441.3179429790632  31.545480182782924
-148.493150671909  1454.3610644847993  30.82128715308093
-150.7443587207068  1466.8205589613292  30.77958804839206
-152.62619414736113  1478.3332493065648  30.57657239793822
-154.15414007069847  1489.0078252693706  30.635620005254555
-155.4497229259657  1498.742317625141  30.61921708375213
-156.55567831708018  1507.5832894559005  30.752161766212758
-157.55629302272652  1515.4905675772884  30.770748940273975
-158.405429185479  1522.5340061542831  30.856646037969085
-159.15454700274375  1528.647063260248  30.892061324378584
-159.73081521299943  1533.8863930091077  30.854378842471906
-160.23924792075363  1538.3190024321034  30.88962567641329
-160.6364969337128  1541.9773540541287  30.819565383938354
-160.9918313288361  1544.9252523637338  30.986243486271402
-161.3147554248807  1547.089145639915  30.90118669074669
-161.6137202276478  1548.6433934373733  31.021139623261455
-161.87169585447887  1549.5269934909068  30.781522351719524
