35.22169527030973  1077.178854426541  154.4456108540541
33.13715789666544  1076.899805740096  153.56811642485428
30.82057528956343  1077.6585360384727  152.2687450348914
27.902913766071784  1079.7965474581672  151.04268607905806
24.216479587320226  1083.2217043348103  149.35343248196284
19.938967863741325  1087.8233559997607  147.8422213593526
14.881082562920275  1093.8933436964135  145.85424392251488
9.609382521202129  1101.5058859409532  144.00518485972248
3.519905037656967  1110.8061671787632  141.86800983782638
-3.347092428394884  1121.4743821438378  140.0421778076724
-10.930491680359273  1133.469066869966  137.6982259733861
-18.585022873371848  1146.5765182287416  134.8353003001403
-26.607197927908366  1160.7953650452828  131.36227734734345
-34.885788484047175  1175.928724933324  127.82562890829608
-43.91469917426019  1191.8731321526438  123.94446079210479
-53.00051614249335  1208.4123884037447  119.68019929015884
-62.12560257526012  1225.4642660954669  114.71450082975544
-70.74826803799614  1242.8951345788075  109.51147752095733
-79.14059930175712  1260.6700807704983  104.16487304265905
-87.69182440397086  1278.7510252501452  99.41056905945442
-95.6629275576847  1297.2758493873328  95.00586646787312
-97.42818167208361  1316.2127445102813  90.75881461508742
-99.78484477793656  1335.936366812133  85.53963271325392
-102.1694034798041  1355.6016958412988  80.710893049791
-109.86491881455999  1375.138947725149  75.62146270693249
-115.64327864713361  1394.0005005345245  71.90804280349224
-119.94611342393974  1412.3882069279234  68.25111115794465
-123.36471364292174  1430.1586772301284  65.04810756955179
-125.9987585010449  1446.829641032378  61.789325535964025
-128.6431203787  1462.4851216812629  58.64586947173565
-130.6512393242175  1476.9094309257773  56.13381462983604
-132.19570815885297  1490.2216847246837  53.97681332687902
-133.44316375071713  1502.3962069492786  51.985304222995815
-134.45098876419155  1513.3777981641726  50.065816867176316
-135.2481325470849  1523.203242805647  48.38641312732785
-135.87286656813302  1531.8446579461947  47.02359761552688
-136.37895059862245  1539.4039113237473  45.81750356686323
-136.84867590359363  1545.90895214863  44.79049969842376
-137.2153274227032  1551.457145298549  43.8693297461335
-137.50019413001715  1556.1760886903462  43.07487890287815
-137.7858612028837  1560.0909444259335  42.577836835759435
-138.0214677197275  1563.2017802359005  42.11303659375725
-138.26410970361565  1565.4977013499201  41.82860878461901
-138.4380969754934  1567.0005325000811  41.34118513914341
-138.58116344302965  1567.7990934002726  41.13171379764466
-138.65114476340622  1567.8128814890133  40.56382890167797
-138.59806778659654  1567.1136736218984  40.36800528101154
