-3.581357388910221  1112.572786219274  104.38434892397156
-5.294925553382393  1112.7583248605326  103.60063354860756
-7.48173342020293  1113.2500832912042  102.60016912043241
-10.031658999055406  1114.046451328947  101.59615359232265
-13.116716033772384  1115.1826700548731  99.91008605716581
-16.573080549415415  1116.5984769693537  98.41902778031252
-20.388665069478566  1118.586100813114  96.30183888735513
-24.73495213399059  1121.3161103071866  94.43308717969856
-29.502434223214046  1125.0036261841842  91.83797081210685
-34.711521501233875  1129.403735541089  89.33194496457986
-40.13974143466656  1134.4994187268658  86.10522845300662
-45.733838045322955  1140.259423946555  82.67613253709338
-51.9272900423035  1146.9198643382351  78.43326361831065
-58.09978490584261  1154.4957960921163  74.09930279813717
-65.03025761617118  1163.0285548306076  69.38928954639096
-72.18971000553836  1172.5315197417976  64.67646924411734
-79.87324632689732  1183.122832368664  59.66070246800619
-87.78159236209412  1194.8329834214276  54.6088884593703
-95.58103890206795  1207.7461983068265  48.40933281450275
-103.52911065159611  1221.7593985836652  42.30817584154845
-111.06550728102422  1236.8901415527973  36.067357590943125
-118.82050069045997  1253.0207567791726  31.410426659296355
-126.1188649859053  1270.1724098304862  27.371771370707624
-133.1807465638817  1288.3371381316185  23.591277509624785
-139.2642137716084  1307.5358556097176  20.069412146515038
-144.65513041160995  1327.590337737974  16.826204009635866
-149.17108080293315  1348.2323872611212  14.29226625572246
-153.07103519199234  1369.3277035713647  12.971478970900723
-156.52110771775318  1390.4630277889744  11.396202528737359
-159.48042161198714  1411.499463996144  10.837771485032683
-161.93895071703446  1431.7743525444473  8.92148534180051
-163.9206657552125  1451.3502918952565  7.9732638905476545
-165.3344388742474  1469.7859174745233  5.937831223514085
-166.58672308452932  1487.171769212418  4.636010388147396
-167.53331250537633  1503.0901493903486  2.865059893351971
-168.35243886704998  1517.6420600646243  1.6959009307810426
-168.87659238580196  1530.6717235046463  0.342088160098189
-169.30442821462563  1542.40850245582  -0.8604048408607045
-169.7020168821729  1552.8027630784823  -2.070258609983908
-170.03848860687833  1561.9990748117402  -3.010667809038498
-170.3487456195661  1570.008577989414  -3.8096785089813956
-170.62475396363064  1577.0002552300127  -4.487552232523745
-170.89340478585922  1583.0753341956838  -5.132115847137509
-171.12397841976338  1588.3317131631668  -5.64703908694012
-171.3788762682122  1592.797894423752  -6.099983192069939
-171.59957667900395  1596.5549093752536  -6.493872043954016
-171.8139077879962  1599.6230507984833  -6.8549634503281665
-172.10396500432313  1602.0349377445423  -7.194299852553719
-172.5121024535061  1603.7038256881497  -7.383953965730745
-172.97988916866146  1604.6918272537725  -7.650065831829574
-173.39195013668635  1605.0531313575252  -7.737726802424527
-173.70387056889663  1604.851109105309  -8.098264405045843
