-9.689740673464403  990.7033144637762  103.96723021123822
-9.727577787219554  990.9283545525079  103.67498874427545
-9.876902868178549  991.4611130414158  103.31866382819099
-10.287884976728105  992.3598981892494  102.69489606466436
-11.221966572347414  993.7667701121765  101.77609976877287
-12.556874484742252  995.7980000448906  100.36979282714275
-14.338364461151984  998.48004199253  98.71530340413081
-16.56434154539354  1001.8407029225327  96.66938148661274
-19.368251255045415  1005.9361391576724  94.42718744391544
-22.64559403983508  1010.8728942787252  91.55018311632182
-26.422686598271035  1016.6507347995439  88.44042565976545
-30.872038737462134  1023.3290016438756  84.56025001384329
-35.9415732720009  1030.8565966002939  80.69617771505735
-41.44025898782682  1039.3031708100139  76.17884949361292
-47.1809310794245  1048.6431622665566  71.3447474998251
-53.805791459373175  1058.9647082650354  66.13212429776301
-60.62655519201094  1070.351392448222  60.650769877512715
-68.66701399882953  1082.7864162987653  55.42206923547138
-76.44168133968313  1096.3315937610741  49.863053175523135
-84.56478413366517  1110.9549216299567  43.906272473261915
-92.20479576544524  1126.6780165503817  37.72069506994152
-99.86616255370424  1143.43988008605  31.026906828963828
-107.87058222391593  1161.0979410407783  25.02075798539522
-115.29082075205172  1179.60295663353  18.4517487291357
-122.75848192859777  1198.6456394925872  12.789358385837273
-129.60021915296437  1218.0018667254158  7.015333874909193
-136.55356082640424  1237.3789479972952  2.565044725530152
-137.67812686049174  1256.7568939862006  -6.635947162399056
-134.99216744006372  1276.2958631043787  -17.68584118087334
-129.10463077606522  1295.7102514132346  -31.534024419624473
-125.84668688199868  1314.6195654033156  -41.72879577030719
-123.17465409812795  1332.691365238053  -51.020079725959235
-125.74410388209341  1349.8240423931477  -54.93676340739541
-134.31539850979362  1365.986323444016  -55.686317938019954
-144.85543739350985  1381.0773309864708  -52.64173940766329
-152.11485884569043  1395.1859909331254  -51.603341343668134
-155.5397415911519  1408.3735816243516  -50.79484419658826
-159.83717627777992  1420.5301336726388  -51.023719396041884
-164.4077253272407  1431.5988450825753  -50.49729490243519
-168.3504424294216  1441.5932477873953  -50.146099714393344
-171.33107055891057  1450.5445123875108  -49.689838285937725
-173.7671645230631  1458.5779275693092  -49.485706045322985
-176.14119238955197  1465.7005458124288  -49.31637590971561
-178.34601190352348  1472.0008223299026  -49.15930991557522
-180.24586147555885  1477.4077319858186  -49.01977301304292
-181.827760731326  1482.0226675106212  -48.83536366078671
-183.17222700287792  1485.93008690101  -48.695898887849125
-184.40011106285476  1489.2488943174728  -48.448482083268054
-185.44663464701765  1492.0431003806032  -48.295817400013675
-186.3421996774544  1494.3481351369408  -48.11483510809427
-187.04061929644132  1496.192173030831  -48.11737269373858
-187.59707849208073  1497.5414987208574  -47.87686479723902
-187.8902489907311  1498.395537698338  -47.850768835603475
