-20.469436875450707  1032.3964285081584  126.22267979785022
-21.429854023069  1034.291939199708  123.80037291629289
-22.94482701861389  1037.3524274280871  121.22974174895461
-25.083090322071875  1041.7743422234926  117.89583512701887
-27.627400322936424  1047.5621446543  114.4923047761578
-30.775455945267737  1054.8817852517184  110.1392360457843
-34.274079078994866  1063.5958923446633  105.59059157677606
-38.615857085985596  1073.5963239877826  100.52066790933647
-43.203437469407056  1084.6533985577446  95.5709800543842
-48.95621298782396  1096.784530599526  90.24896554530487
-54.749169195934904  1110.0357038426794  84.53085301644825
-61.51616622726829  1124.4111811665493  78.81014488778125
-68.35003687080247  1139.8100047692853  73.61426205165688
-75.54935909390458  1156.143264866973  68.20313781944692
-82.64552429696677  1173.2683606556266  63.213737040079764
-89.29223321060962  1191.1172394126393  57.77293447692663
-95.68978621244398  1209.5458438588842  54.01527515948643
-101.94859371059094  1228.279601695426  49.98553213094958
-107.99018081556449  1247.4040888111936  47.28098067211117
-114.17195603077198  1266.552679304221  43.002472356819204
-114.54965624749764  1286.1301441352955  38.059296208911626
-116.73730162710862  1305.9327197256275  33.02150200665975
-120.60298605394169  1325.6559042089702  29.430379759431414
-129.15466009686054  1345.0014920231636  27.550961887991644
-135.65012625702255  1363.8284174246596  25.8248736774767
-139.39783503530387  1382.3201346897145  24.58461849255889
-143.48808613377963  1400.3774835090169  23.923820978014803
-147.24657794711354  1417.5990914819406  23.41980753693418
-150.87549693376002  1434.0378023910619  23.320237727872026
-153.82210153837246  1449.3461411870492  22.783854817232076
-156.1614640735412  1463.654456657348  22.681613389389
-158.12473770332085  1476.7839094033022  22.22084652883651
-159.7684528995135  1488.7130626400879  22.110280986361097
-161.06372414356352  1499.3331965348561  21.817883674375402
-162.08029379478893  1508.7465083028305  21.65054204610629
-162.81458907684097  1517.0260291923032  21.530364201668693
-163.46800095225348  1524.2343382591723  21.450540741680214
-163.98942385837003  1530.370210616156  21.448953612523965
-164.3796552282271  1535.5824916131648  21.293741487669323
-164.60278411381003  1539.8801909979534  21.29373148776856
-164.7330491536877  1543.2591825848438  21.034715054695095
-164.76499791329354  1545.652076758911  20.92182041718277
-164.72365753342356  1547.0726815713786  20.39877875455028
-164.53291611780523  1547.6905904407813  20.22227039876841
-164.2196262290025  1547.4867027942332  19.620611700888215
-163.7714664934016  1546.7090667687683  19.563287134144385
