-9.279272194302497  1024.9150905649187  93.67307228688232
-12.326583768927238  1024.8986603310416  98.1156521236084
-15.867219477184157  1025.86194804018  100.09902276907705
-19.83544029726624  1027.8342041054925  99.1085790309616
-24.4210073342027  1030.8431500015474  91.54702205429547
-29.506550946485355  1034.8343941303976  86.22190190810312
-35.06089741550821  1039.1812945760823  83.64302998575569
-41.04914655883083  1045.2583488567125  80.13277571852412
-47.295341444036666  1050.376761458779  75.995014087205
-53.807045712382966  1057.4633061279396  71.29556046923543
-60.2356158846555  1065.4612381437387  67.23794089610291
-66.99289225192678  1075.4960186454064  63.2552355196029
-69.56031466897909  1085.408259154072  59.10945496133379
-73.72629965149763  1096.350535441242  54.57983305418501
-79.34222442743024  1108.21548218905  51.16331139380752
-89.31983657931116  1120.8807041966886  47.849935243754025
-97.37156344739311  1134.4150999533072  45.3188971543979
-98.3333989718264  1148.886610116795  42.446839639997286
-101.12607969718232  1164.9140789871353  39.96872986545522
-106.41080220289291  1181.437509430372  37.380892912176485
-117.56121779982576  1198.8714503355372  34.64625460197261
-125.61961026489006  1216.6174561028936  32.099737771749936
-131.34224361707717  1235.4676506215917  29.77140666141894
-136.96217794773355  1254.7152681846912  27.61538266409665
-143.21983522905245  1274.3741293343858  25.502681888926826
-148.90695310732235  1294.1843693223873  23.348094323520616
-153.50439252075944  1314.2705841957436  21.33256726371412
-151.70654499024312  1334.32508770735  24.22635587520965
-151.95329500563884  1355.4080923430697  25.993783676933486
-154.22766463787707  1374.926445362867  26.304684203538088
-161.8298736264801  1393.9204348664273  22.344934942864494
-166.36537509762482  1410.8058680594322  19.243589176532485
-167.96220541973298  1428.0145160423933  18.288712818759777
-169.76682734841924  1444.0612570842736  16.302061061391043
-171.9698579537668  1459.0219151769243  15.007659453041986
-173.99248086825298  1472.6806114036813  12.880070957901848
-175.4354436484746  1485.238133470838  11.502079054742456
-176.50781002983084  1496.6298166472634  10.112299577174953
-177.48209966859307  1506.8766167228725  8.862538785179973
-178.4017426148648  1515.9854991776972  7.767678613505152
-179.15066632250205  1524.088034677794  6.571644337313047
-179.78781169178316  1531.2414375870583  5.661642274114447
-180.26515254094673  1537.466438101586  4.742639836535946
-180.68659722983622  1542.7851595333764  4.064347386518571
-180.98446473749163  1547.3014273846888  3.3565534304671454
-181.30398078406998  1551.0790434105627  2.83743517229052
-181.56981673239093  1554.173138252159  2.288354740201766
-181.8209413077794  1556.634238335297  2.1030078364822122
-182.05181437628977  1558.5312883645106  1.661081253610261
-182.2098743809246  1559.9463419684025  1.5790151768141054
-182.42406826701776  1560.8694562913665  1.3100906337661666
-182.54864554271828  1561.3569829014673  1.4551881232799682
-182.73936918917522  1561.4354009826307  1.3917554358294162
