-11.748541726422044  961.4644742839982  93.38844302873454
-15.659686036972253  961.3264511106944  99.61219838671151
-20.237603612140212  962.06961801534  96.93269166230442
-25.431563083450456  965.2440269028637  93.22100631151869
-30.98240864308323  970.2735926925753  84.63837032495513
-37.13100763775852  977.5960966256839  77.98730996427804
-43.639737001675584  984.0979531683947  74.12525395622097
-50.8952698722635  991.8341609256073  68.79705552740965
-58.12165340477891  1000.9141537893906  63.128574010547815
-65.98982481994497  1011.3147821502065  57.17494597292645
-73.43003409205268  1023.1079058324103  51.311594928922865
-81.43627364883946  1036.103944483251  46.041462549503464
-89.07091322973494  1050.5214683976083  40.96459481116377
-97.05411364941887  1066.2363818316085  37.30928669038304
-100.20731686749886  1083.3536103368856  30.19059650973745
-104.65856184219311  1102.3763138602205  23.40832544402632
-105.01241610783566  1122.7126898636968  13.199460192008003
-111.55411300114768  1144.6296205362526  8.698001757867946
-118.74498700382426  1166.841427053583  6.259666484018469
-128.24699600124993  1189.92482020633  6.416328199629147
-135.69903080703133  1213.2576714400102  5.698336929068735
-139.9452198963861  1236.7896661374841  3.1602406837615376
-145.49548435432993  1260.1086256717074  2.483814286011979
-150.8148823359777  1282.5347763136394  1.8843028636706085
-156.09365253374688  1304.2197699711464  1.907498369564626
-160.306468740934  1324.7376761917483  1.5336095037753108
-163.61012598267183  1344.2191392857158  1.1534879808480079
-166.72883549345755  1362.4512859292447  1.0340886273588166
-169.53390063584848  1379.347718461437  1.024538441277171
-171.98118167333234  1394.8829862299115  1.1527221334779916
-173.98561719078052  1409.0711257622572  1.1352396620921623
-175.71311355951136  1422.0147319585708  1.1554501481317687
-177.15323778786632  1433.6932060426775  1.0489793066672388
-178.33860369966737  1444.1760335568565  1.2328847591432917
-179.30139877014474  1453.480835443784  1.3163204764078067
-180.14798512599626  1461.7515790955183  1.6572544629146586
-180.92862736789823  1468.993373262176  1.788615797337783
-181.60034784394662  1475.2670221751264  2.1793646643986913
-182.16342722595664  1480.6385273166825  2.3944865770702006
-182.6768267292428  1485.208915599161  2.805606663288603
-183.07470413038004  1489.1143068685828  3.0243462286374725
-183.44931158405302  1492.369132215216  3.377871695347209
-183.70727152513493  1495.0225755218462  3.5245249743455798
-183.9650679423147  1497.147144690186  3.795634027712537
-184.12771913537506  1498.8363093618739  3.9051116601046267
-184.3058462378994  1500.220658582213  4.204833935237529
-184.41774240221824  1501.267690046417  4.388699898827985
-184.57599482992836  1502.0450472753173  4.744604343145807
-184.65683015574723  1502.513431244501  4.940774248687198
-184.71867716826614  1502.7877045637904  5.190468106029711
-184.71561154029746  1502.8019039640299  5.261283795380688
