-36.249001029458405  919.6801804187855  76.88219207697523
-41.63607394882832  920.8811952578178  75.54580138504367
-47.45661083170361  923.7489198086919  73.61705976798734
-53.89201376257741  928.3364690069739  71.61535698851154
-56.88759058265059  934.8532834249039  68.78697916465075
-61.66347445690229  943.6798597396465  65.78310792289606
-68.04670513533279  954.3059696547542  62.323635778636174
-74.22131778364583  966.9436414543713  58.57125470283524
-76.1047113401386  981.4529654100812  48.94221381969122
-78.40266628733376  998.1725524604698  40.62945548608869
-85.47207212541915  1016.3253735899154  32.334031551268424
-96.05911883398376  1035.764687821199  30.004768779814967
-103.82132404631514  1056.2120525920045  25.287371292462314
-110.5197503291488  1077.946216484209  20.400754459915703
-117.50877770277508  1100.1294978684746  15.79596369306876
-125.22545912970524  1122.7254910444753  11.60611242050377
-132.913757505241  1145.4498182262953  7.142546035408188
-139.35964483914816  1168.3605220269324  2.286152389232342
-145.22385993825228  1191.3197307062983  -1.7374641252339056
-151.04820113939022  1214.0489949840596  -5.334460323377606
-156.23739406896712  1236.3779571235075  -9.090036825433401
-161.26115343637485  1258.1061403833867  -12.789659606175547
-165.4435904277666  1279.054993153023  -15.975614498873515
-169.2968880013439  1299.0654270437842  -18.543210891136745
-172.55929275923032  1318.0204765859703  -21.054178189999604
-175.42716983671033  1335.802461786209  -23.439864485827353
-177.99312837017828  1352.3924373690465  -25.731809599626597
-180.0175144556537  1367.7284119922542  -27.59148642693298
-181.8214045685146  1381.869851847158  -29.053825121065408
-183.18692331909838  1394.7458299475798  -30.351430563868995
-184.35572917033193  1406.384174117781  -31.518076130133917
-185.20029760265962  1416.7668881592276  -32.52829675754724
-185.85880051453228  1425.9901820080004  -33.33001192572482
-186.3756762718921  1434.0800407599686  -34.099081937292546
-186.5087402348143  1441.0411081240695  -34.75530491432094
-186.49451547427878  1446.9592147711307  -35.40789295812743
-186.17092501227214  1451.9878198527997  -35.81885562412663
-185.8451784384737  1456.1744675644964  -36.53759945119904
-185.3202569289664  1459.5543188840584  -36.92738231375832
-184.82987076110064  1462.1473411495695  -37.439672946754044
-184.39267707688646  1464.103957777757  -37.43130286877694
-184.01943727721243  1465.488738153585  -37.8114559415925
-183.68416756032997  1466.3495654411831  -37.78005602326792
-183.327203700562  1466.7378151757691  -37.86881505327262
-182.99397204701143  1466.779852212233  -37.60036218745996
-182.68422283275027  1466.5737660950658  -37.69631655092222
