-21.15723522524285  914.8239567901984  50.02641143613648
-24.79927768860344  914.2055302607495  47.54533587461861
-29.198941921205314  914.3421705054644  45.0702393439727
-34.62055491418361  915.7299465925678  42.3373767446759
-40.61093707940228  918.6266445675759  39.28953059642773
-47.70283122857968  923.3201673395695  35.71449274947893
-55.2889489789968  930.0083686582409  31.741413588646733
-63.799296390295964  938.8604459579274  27.20293052790025
-72.68454982393229  949.9414328894852  22.755793913391194
-81.82104918765089  963.3522824265999  17.571173384480606
-86.76745638868196  979.0951496589778  11.990304882987216
-88.68207556494474  997.2871849489039  0.18037591217575155
-88.63570190381324  1017.5680869852367  -12.814973109883123
-94.51992653831539  1039.8421421136504  -24.629628720856047
-105.40941134636329  1063.4964557666713  -29.78595292513695
-113.16701172557732  1088.27116493418  -32.049174526339144
-120.33603619737674  1115.4953918435804  -34.35515329625494
-127.22188627643074  1141.6998177054147  -37.584796509808776
-138.66045494800792  1168.300621545437  -39.93503740354949
-142.1034013117195  1193.1776439744103  -47.27793997326116
-139.29863068238902  1219.355655000378  -55.02182553396419
-138.70856773949046  1244.8870162586527  -61.722017187261066
-146.4307466822547  1268.9290193105367  -60.678862564261834
-156.5184386079827  1291.502557011177  -57.87206976638096
-162.78913062797955  1312.5341364443946  -57.089874565641146
-165.76037054251205  1332.3820105031423  -57.63564795218865
-169.44883177502743  1350.737029940988  -56.9560363169667
-173.58590727946955  1367.38944415128  -55.06551745817991
-177.2244473541214  1382.4667222563726  -53.106267257419674
-180.17647094738874  1395.9230679120224  -51.091577568799515
-182.5736803623149  1407.9059843454759  -49.165263319194295
-184.72813158979025  1418.4854060757673  -47.38474542757001
-186.3191340666356  1427.7645530926147  -46.02180641014542
-187.72475179003135  1435.7478042102819  -44.838998279141116
-188.9353610945201  1442.5633019545203  -43.6483010943563
-190.18815423791153  1448.2888312098326  -42.553845316300894
-191.39421347236112  1453.070274567877  -41.46629037843922
-192.54127495768248  1456.9626456293906  -40.37503199729787
-193.42660506906333  1460.0659446964878  -39.59706094569192
-194.22044266644232  1462.5286997572634  -38.70780296651077
-194.8608264566826  1464.3652244826064  -38.08780620053008
-195.59349540590398  1465.743223641703  -37.20097343605873
-196.20464810853434  1466.6603922759311  -36.605805755761175
-196.8125216078596  1467.2442106067488  -35.94575135056908
-197.16327835294348  1467.4790063455314  -35.46460277617874
-197.5291239026233  1467.4831321690654  -34.935994314887225
