-29.93337891484095  953.3022615555625  128.32961043823218
-32.400564992990844  955.4705349493732  123.47006755527865
-35.98848106172233  959.103208722639  118.35944512749876
-40.54831195246898  964.6195424917886  112.40795719564723
-45.859098206063365  972.2274372213186  105.92367956098636
-52.31768126601081  982.1135368675853  98.9087106097054
-59.79205955990704  994.3642825315882  91.98088850613955
-67.77856950577156  1009.131325979365  84.58373174999716
-75.36785006127772  1026.2931406364557  77.53089057780946
-83.19977607487883  1045.424740404539  70.86575175057975
-90.69277955848075  1066.5586158024416  63.96947296802892
-98.08794622003947  1089.1394631692988  55.92688765031936
-104.63766205255604  1113.1691482490123  46.75843729959183
-112.45948112090409  1137.5003885327185  38.43019086516616
-120.52499187835738  1162.1310945197513  31.558940121398244
-128.37533760379222  1186.7251887841528  25.21255984040682
-129.70414179695615  1211.5607729068668  18.598558883829053
-131.80320971282075  1236.5453241240627  11.533164805205264
-135.33349317035382  1260.781508608444  6.299302877000693
-143.51130023903502  1283.9597486179096  2.4640103472300097
-149.37478719036974  1305.6846553801795  -0.2412136245410208
-152.5281799511919  1326.132401204683  -3.5206495576594996
-155.6617136267214  1344.83176724191  -6.296265675345568
-159.10364474095897  1361.4282726316408  -8.888365844789423
-162.59150212478465  1376.0737556345402  -10.893696302200688
-165.23761720425333  1389.021919011619  -12.973208914629527
-167.26899845598876  1400.477376965549  -14.826528404015587
-169.1952095190884  1410.4188989356574  -16.4903822051226
-170.92643088063429  1418.9051591473758  -18.012579146344727
-172.49502821059366  1426.1583449618424  -19.21327899653914
-173.57804975256983  1432.3190936277556  -20.40281027083145
-174.53550358673436  1437.5342967047725  -21.29625034660669
-175.09503473589007  1441.7433241721753  -22.344034292555573
-175.7155906418965  1445.0890398267402  -23.0953822800472
-176.01560761400742  1447.5229749116606  -24.074297410041257
-176.2582191654107  1449.254378655388  -25.08651413360402
-176.30614305685958  1450.311214283842  -26.254312327388092
-176.43906434804708  1450.9436289812256  -27.166279680454522
-176.48382872827764  1451.143204582357  -27.95467922894189
