8.152416725883121  760.4558212298911  17.899498206763074
6.011598067414368  761.994973978536  17.758332829866475
3.60518817502999  763.7692507934461  17.629152610052397
0.9306923923051333  765.7794372512005  17.38113678106359
-1.986228631292637  768.059137307558  17.02020788953947
-5.215831908832502  770.635180070079  16.583371289660626
-8.717867363171955  773.5583399251025  16.002770300022817
-12.376654541995244  776.8686306684232  15.403490108792361
-16.1751598816234  780.6188094027953  14.446709758634857
-20.203081915864466  784.7717846717447  13.544082830831265
-24.481985201435943  789.338010592268  12.400602010992742
-29.029825238011377  794.2988406575417  11.453621401159257
-33.636827597366306  799.7250782490966  10.45139805755131
-38.44914985428768  805.5930529466807  9.57203291364618
-43.33474497587072  811.9533808896664  8.383909323022595
-48.3415357333715  818.7577579169066  7.245375867046511
-53.47819742486345  826.0826200824864  5.840353974053232
-58.84465882321995  833.8831100106046  4.6226977056649785
-61.22272441395166  842.2120239807931  3.1114335354291875
-61.665421952659656  851.0289191100571  -3.8709383118479366
-60.584784309133276  860.4186101376059  -11.803562578706753
-64.880049248291  870.3908854151935  -17.62050170942591
-68.57374365981319  880.8953223317817  -20.006058419860803
-75.59548898118423  892.014505121929  -20.001342810551527
-77.72208847298674  903.4543015145711  -24.662632853799117
-80.77876706097683  915.5537455651352  -29.429390796543014
-81.05458254143188  927.9707724935762  -36.11318732377254
-82.71182822748857  940.9670183783742  -40.913262775565876
-84.84186199815503  954.2138428841982  -44.05804357002901
-87.23487466262989  967.8591226044817  -47.63148016496369
-89.54388668633528  981.8564002407206  -51.551903578859275
-92.65701426450508  996.1562445751688  -55.3091235516488
-95.12763572988923  1010.695078585368  -58.64769876763334
-97.79156416768932  1025.4499611112424  -61.30276401664177
-100.30105818888109  1040.4138133896226  -63.75283088496836
-103.19729925466251  1055.5885622377655  -66.21972569371894
-106.4420708257034  1070.9338699873958  -68.3596245362014
-109.25248227085319  1086.4707981639244  -70.30042622177048
-112.0536349634737  1102.1830756112438  -71.87396074728761
-114.78164568794674  1118.0668024237439  -73.42231251049336
-117.20340256282995  1134.1197260530093  -74.84175671368398
-119.77773438260087  1150.3640215299147  -76.0040678411796
-122.51870920221307  1166.7638154727294  -76.09992675430188
-125.16247725613303  1183.26798013633  -76.15239513336832
-127.52510426146547  1199.836468201966  -75.87991452537838
-128.7631425206553  1216.4824764242437  -76.68882338661402
-129.87475860913347  1233.2201827206482  -77.72512953323027
-131.06041343432503  1249.9735278694898  -77.80921740098661
-132.37661736177654  1266.6722794190848  -78.0096565599472
-133.92100532420073  1283.199579329429  -77.32639251951957
-135.1493942851676  1299.5079307203619  -77.2518058937872
-142.00837641979416  1314.7710250073767  -67.49021863218387
-151.612378978158  1329.6639802932177  -57.32704689455305
-164.29527467113712  1344.2380618461837  -45.835544953123865
-173.01716308480718  1359.0597721495712  -42.00394431945845
-180.14740655488302  1373.429533752089  -37.29373604054456
-185.84711777609743  1387.310734131055  -32.2887025969361
-191.44553466438535  1400.8175977715148  -27.684640067803564
-196.35573560953878  1413.9500374563015  -24.2821778895966
-200.08327584402645  1426.7390094075665  -21.64414781672405
-203.0758569701789  1439.0466515648159  -19.209368471416433
-205.7841411627159  1450.8868412914067  -16.514527972794944
-207.98027865635567  1462.1460546864505  -14.536577962287069
-209.61291290535198  1472.8566868008174  -17.83970172035239
-205.10621006732862  1483.6175679688824  -24.144694808571863
-193.91470247024142  1493.7715002890468  -33.73792214505284
-180.6768556577492  1503.4044188795756  -40.32964621050739
-170.81483871962837  1511.8018285780963  -45.65311398084644
-165.01331997753746  1519.0221565645525  -49.460182108166364
-158.68532586156064  1525.6245059100195  -53.24326265664311
-152.58359971083962  1531.3546934651613  -57.091979200152025
-147.37335436591442  1536.6141590184257  -60.603506957039414
-143.24897295443506  1540.878160910782  -63.322544425355915
-139.8861741087859  1544.0114946398676  -65.7766629184196
-136.78729712519197  1546.0940892430317  -57.61517626970126
-134.38536290814588  1546.8949684096583  -53.29646209633353
-132.27554799530915  1546.7785777777208  -53.06991758335622
-130.7160314177335  1545.5881926226325  -62.89713053664582
-129.2612681006458  1543.3990278366139  -68.43981305055705
-128.17952766212827  1540.146956986207  -64.65181350457424
-127.6466622604953  1535.531090454104  -63.23184656518335
-127.644163429539  1530.4370057096598  -58.61614088941458
-138.98929035881775  1523.9275217011523  -54.43740811517188
-151.4648858514533  1516.9469753359672  -46.25054175623764
-165.70082713280422  1508.8412937733865  -39.54336940382271
-170.5985240978887  1500.4628733717839  -36.51183180372877
-176.64264846818787  1491.6351087364937  -33.53135243979695
-182.84467679333147  1482.0448341148478  -31.007780933594745
-188.55916207030197  1472.15621066656  -28.346682935897597
-193.02009683203303  1461.635877582884  -26.624023502105096
-196.3433637866241  1450.833550559071  -26.761331014390397
-194.5619197438098  1440.0506352074822  -34.0031193532231
-189.39166302826254  1428.9284385163558  -42.51005202990137
-181.66971787012892  1417.5043890665443  -51.393973291939695
-175.97472484510732  1405.2845988665422  -54.75416233644496
-171.3440589717416  1392.9088390269994  -58.58102069073744
-167.04113243238126  1380.2626500854906  -62.33316118153081
-163.18922120595272  1367.3291394452413  -66.06039092569428
-159.672927696914  1354.0975645613523  -68.8481566079809
-156.1829522846371  1340.6483989982034  -71.5464583076423
-153.47066989426585  1326.9622865146607  -73.4677174466201
-150.79313147442514  1312.9667424506185  -75.13260790829293
-148.58654737030562  1298.7042164962595  -75.57040255773194
-146.3388330236622  1284.3054636276368  -75.78942429103353
-144.067491755912  1269.8400510109223  -75.87975950141511
-141.79320543982138  1255.273457512512  -76.0544749631367
-139.5019898830158  1240.5758788872438  -76.07598343395127
-137.18720155908963  1225.818670941822  -75.95718012465856
-134.76009958268762  1211.0820777475171  -75.8021097580244
-131.7441341525658  1196.4219045125021  -75.59090066014826
-128.48285757714754  1181.7570612001996  -75.3326213049899
-125.0495903443133  1167.0405366611603  -74.89202303522156
-122.1350254019755  1152.2964313829002  -74.16032129788034
-119.50622088233621  1137.6836139380348  -73.24932406953305
-116.85847316979229  1123.3071434618496  -72.37449292097163
-114.00590604694561  1109.1289483305181  -71.49335726607455
-114.30956985567036  1095.026559221808  -70.48035588621015
-112.95084460708999  1080.7521420418889  -69.20040161758371
-109.6570938827293  1066.8393683742624  -67.71052197004664
-102.73083813277844  1053.2059139287908  -66.43392408261084
-97.34932581565171  1040.0931052371584  -65.53414122781574
-93.53135178673998  1026.9970723504885  -64.97766666053339
-92.80601334062366  1014.1136639915736  -61.378005976073794
-93.7204669010654  1001.5061592352843  -55.961291067760044
-96.0328308877324  989.272359342912  -48.60802751747423
-96.10394578678915  977.405378769677  -43.41701454058215
-95.36433481443132  965.9091804612418  -39.03827053280295
-93.82331595851774  954.7727652250861  -35.60007151683665
-91.879081793567  944.0272753792751  -32.300458459432
-89.3384130301297  933.6416123972739  -29.383886383391
-86.49596692292936  923.6030402790691  -27.098589866630597
-83.20732456494689  913.8837867177432  -25.204449719886647
-79.40778853376133  904.491323749806  -23.53596736827211
-75.21815810566679  895.393299815396  -22.063041599701542
-70.77209551967925  886.5634641199109  -20.671347929735237
-66.26143945587296  877.9507480852407  -19.51465146677827
-61.646330522490906  869.589544061012  -18.456215916796726
-57.06834826718391  861.5055974789208  -17.483769566410487
-52.412366233861725  853.7683329450601  -16.501222122427784
-47.77975312488609  846.3436883362681  -15.314807075268563
-43.08701232553694  839.2383176133127  -14.254539430960227
-38.51487043424495  832.4156063043216  -13.000611276482973
-34.0467048107142  825.9385078347354  -11.844989046443754
-29.731728003655487  819.8188803792121  -10.359534956447913
-25.53434301112971  814.0564938084812  -8.847088319450428
-21.562666746910164  808.5908057425079  -7.036682049973162
-17.718276524581814  803.4301555086573  -5.048106002349778
-14.049484724623923  798.5986954091993  -2.9117857593331298
-10.434924951362639  794.1222151060072  -0.6312302859443006
-6.999548844826033  789.9554519468567  1.75622167286865
-3.720109724038072  786.0638804641536  4.127819571908534
-0.642091221179061  782.4425423043592  6.5402945246437465
2.278001066746284  779.107845653822  8.701689965517938
4.99557229066756  776.0417844343998  10.92501693112432
7.555980445921335  773.2480018504489  12.832297333257898
9.939071482264756  770.725886838398  14.768681790806554
12.28199000805261  768.4953163851785  16.415254943168808
14.510619036706569  766.5246268952809  17.88989024548444
16.631944907951603  764.7773783004633  19.105068780480252
18.59352023511211  763.2291037837211  20.16249451164974
20.46299470876096  761.8706215253802  21.108314908948724
22.19833073707298  760.6832846112529  21.906559673716494
23.827597953200527  759.6363693895123  22.606972577534954
25.249889567762274  758.7067297012912  23.18498477529127
26.56479815023861  757.8957836263946  23.707157102767646
27.713179139629418  757.1991598567289  24.14150252821988
