22.49288882532428  747.0947366504026  12.209387960917491
20.61139956769339  748.3500796514535  12.083079894290101
18.463110330243467  749.8111687706901  11.793823662049485
16.160199954261927  751.5054914255318  11.28151430329815
13.630760241183362  753.4352554506938  10.821778159027499
10.934098739838303  755.6530202435965  10.262727559947841
7.998186216652555  758.2126169427459  9.589472584826636
4.95724087277245  761.1692341041573  8.5945588711437
1.714775603088575  764.5585572708407  7.674092322280479
-1.6646977908080935  768.3877217515044  6.489685873403269
-5.399289794807027  772.6314700391057  5.36893821270024
-9.303146486637694  777.3483437635443  3.8033722817942897
-13.423049199548974  782.5414933661441  2.4226964951652477
-17.63199320858915  788.2698520238924  0.9202583106679402
-21.955514060048866  794.4440576180239  -0.44990894078362664
-26.503580843703965  801.1214783513387  -2.1746563050569887
-31.250682099816082  808.256308140368  -3.8172357572766424
-36.43419580146338  815.8974949374708  -5.627710899660509
-41.74281162670268  823.9891601338868  -7.014833949013728
-47.300397053966876  832.537348647636  -8.301330731473936
-53.07326980320662  841.4869850263375  -9.375487455310225
-58.94151304814446  850.8336858607123  -10.303806911591881
-65.25413241668551  860.5593593257554  -11.410891524631285
-67.91254118108827  870.7496448742909  -12.497832477752631
-68.71604271913648  881.3420354668414  -16.537868981344996
-67.53290634915767  892.4582825692421  -23.639187543828875
-68.75923581583905  904.0091485121052  -31.575229929893705
-70.72650169305088  916.0481588435293  -37.49320518218144
-72.38926468072155  928.4584187832511  -41.67172176437521
-74.27489978223821  941.3065530218713  -46.17269230020303
-76.35052054012593  954.6068827162499  -50.78719159006028
-79.55257181399696  968.3841202346259  -55.28726172083921
-82.53794856376669  982.646229199941  -59.2857920697074
-85.64578829760617  997.4150504944922  -62.92960968064815
-88.69567824971674  1012.6713919583975  -65.98061267018227
-92.00197843315155  1028.3148593254634  -68.95179296642966
-95.16561941977976  1044.235806401615  -71.66870557597584
-98.04569162050262  1060.3630921724887  -74.4325601516179
-100.6338332525946  1076.6435750440571  -76.71557508373172
-103.18476074696817  1093.0638781127527  -79.35306415755466
-105.73869105912458  1109.530963882047  -81.30964741769496
-108.24100013737122  1126.04528945162  -83.1766135737125
-110.63769460207016  1142.5463623328708  -84.45484573749208
-112.8844305997661  1159.0352336029184  -85.7732023302576
-115.02190276816253  1175.4711409227762  -86.73224305833898
-117.89326677081182  1191.8310487740291  -87.40818784281201
-120.53601123477273  1208.1320718855268  -87.96111385688916
-122.92801137194792  1224.3799696897652  -88.78132442353623
-124.52493221818263  1240.5544956093768  -89.56262214991675
-125.7508030454847  1256.6429908601842  -90.65241932268665
-132.56845120514996  1272.5646096023602  -86.7804827776051
-145.25914425944222  1287.7108672059016  -77.60973883195425
-159.28362838752594  1302.5347791209485  -66.96350554758737
-169.31741738947318  1317.0906677998466  -59.62377854746877
-174.47717178588448  1331.761401823655  -56.31694023778777
-180.1177716284345  1346.081753194089  -52.41485978967541
-185.63040480634504  1359.838446143055  -48.0836770724342
-190.58437643720788  1373.1471435101992  -44.336194430619194
-194.60417822466812  1385.9909140588557  -41.25202633787317
-197.5688239540675  1398.4191948412315  -39.234313124173724
-200.13353828759037  1410.4683064684289  -37.22191314122196
-202.32717583873486  1421.9529256277212  -35.467680013290284
-204.12201909278357  1432.9624105633045  -34.15886450589729
-205.52464254973054  1443.3367814449427  -33.12702476530705
-206.35948309036334  1453.1453648682038  -32.13304981873629
-206.89578485740034  1462.2188236215752  -36.44761940555661
-207.21374192862658  1470.9832382657185  -39.35093856359844
-207.57575268986307  1478.6371773454682  -40.82514875738696
-207.58328626449799  1485.4216106932386  -37.634921601323164
-207.17354047884393  1491.0318268492756  -36.67447908082518
-206.63497015240395  1495.9813970969096  -37.775735113586286
-206.46927893927943  1500.1268687813265  -38.03325088959
-206.32674294061104  1503.2251350957772  -37.86913811783895
-205.93510797195455  1505.5197798145657  -37.851407912895446
-205.37868006038659  1507.0734384547316  -38.69143107684198
-199.74185344557944  1507.4977274054138  -39.86653076384409
-196.4220471384764  1507.1909811939768  -40.34048965762631
-195.353548788376  1505.5194702455583  -40.02111437863084
-199.47367733184663  1503.1761246392807  -39.718510473729836
-201.4457827205831  1499.71174274237  -39.70778138758413
-200.93046992810767  1495.480518278325  -40.7048356920519
-201.4719960509237  1490.418279637439  -41.09825144089037
-202.21287888372962  1484.3831169428718  -41.78169916770463
-202.98811577064882  1477.6483602800356  -36.110728580791985
-203.29872963799912  1471.5380897351301  -32.98986356390132
-204.05510503392614  1463.2013831092252  -30.470592508304243
-204.86677192215342  1453.9674662130878  -34.49536940525766
-205.61087078105712  1442.550002035044  -36.00062586076451
-206.01314758072306  1431.8053376715654  -36.513560239877464
-201.37788796323233  1420.3817098455067  -37.93518694726315
-198.5501172070115  1408.3602123593034  -39.34750705768337
-191.65870845520968  1395.4504660155635  -44.88193709510577
-185.5946053655917  1382.335465990873  -53.004982431336785
-175.60462336053354  1368.4572739853515  -62.47352556515831
-168.00437841894734  1354.4526910245747  -69.37201488706843
-163.3129631634117  1339.7606886719582  -72.05208000454407
-158.86050687671175  1324.9522357110402  -74.68118624790166
-154.19198003877452  1309.9878819229748  -76.51454414200117
-154.55487355260988  1294.7094089144875  -78.48795485583422
-153.42740066646317  1278.5522382806294  -79.33446351716869
-156.32495511732452  1262.5193441876363  -79.45761997093122
-152.99585557152454  1245.9715136270959  -78.97788602922961
-155.2271167633566  1230.1628483666032  -77.9384443768956
-152.1927039064196  1213.3566191720565  -76.93445978125742
-153.3124077268909  1197.2558704542525  -76.12396045943532
-149.26512487256696  1180.5646494759555  -75.47020526471863
-149.59767797353354  1164.6552001369953  -74.51754655144208
-145.2896774020653  1148.080560950733  -73.49222661671864
-144.74073704604422  1132.0610500237492  -72.65691583419651
-143.21805909556747  1115.6572663802106  -65.3601753408139
-144.5042400326871  1099.7240783709553  -56.920052825986225
-144.27944231071967  1083.8012732328305  -47.41317264614467
-143.0315236074494  1068.3084898698098  -43.4527654079825
-141.45331163541312  1053.0831922346943  -39.403066881890474
-139.2820008352296  1038.0781887610626  -34.66112088785221
-136.7015648026874  1023.478330308669  -30.036411618732007
-133.63388039893738  1009.3137543008833  -25.47679726532523
-130.37747015996462  995.6209719343899  -21.678989517722805
-126.880604729029  982.2977134424624  -17.86916464394034
-123.45740886573098  969.3417010934335  -14.360206929196575
-119.71020436954367  956.8625476349797  -11.216187653114622
-115.74784944040071  944.9498885507686  -8.517019057412448
-111.43016257058362  933.5394553320043  -5.92109504392335
-107.076115746911  922.5630270067062  -6.008362590948417
-102.61519399914626  911.9151862022366  -5.252251721824426
-97.96965926582315  901.811128090837  -7.079944664652908
-93.30472262785808  892.0041581478191  -5.407603650470193
-88.66229590129026  882.7882193474504  -3.6055891621024116
-84.0854199426286  873.9045523493812  0.012325666875205421
-79.4479540920933  865.6203405172157  2.4703213084781583
-74.76961847871168  857.635043556588  3.5526713122659817
-70.04445950532275  850.0153479898069  5.027926559380843
-65.27899311500582  842.6744192200554  6.683748335612222
-60.53838651672028  835.6787129541309  8.31808952282655
-55.768183588481726  829.0733342797246  9.80998712982047
-51.00684215053029  822.9032785000381  11.002429357488259
-46.21793798450761  817.1149366179694  12.306054738141043
-41.60196566940572  811.6727201964899  13.425183385486067
-37.183927238705714  806.5548353185442  14.587679891720297
-33.010838753953884  801.8040468640959  15.544165312832018
-28.9803015621379  797.3863796871423  16.46639814820846
-25.247790401088853  793.3101385855302  17.227710997048487
-21.626004216911507  789.5222688314755  18.059889279411916
-18.17872417284973  786.0657961608487  18.918181703652646
-14.769619727117734  782.8797762661366  19.76927236764419
-11.678386722513213  779.9373049413916  20.527307374495713
-8.912508830060128  777.1324605981729  21.43008352778162
-6.43234394618154  774.5144458497532  22.39175715662326
-4.095808974840293  772.1139042270379  23.34313470377468
-1.8858199375891131  769.9921227353116  24.083239828789935
0.1769048236019639  768.0752872939584  24.73140938643315
2.0214975168663614  766.3237850880292  25.355480950425328
3.7334559352321723  764.6717656492613  25.992942690755793
5.252074295408886  763.1694206241998  26.64847100752236
6.715506079190034  761.802657673845  27.27884267049082
7.989132081287427  760.6101320411617  27.84872908820343
9.19992711349811  759.5130013845621  28.381274738424715
10.242919188077078  758.5267321716287  28.92159283692464
11.256656969682691  757.6307142369246  29.427826542695747
12.147024678966917  756.8715721885153  29.87424379709242
12.946147628939027  756.2215652528491  30.215892812917616
13.623378072395479  755.6676731543101  30.526106153506895
