9.954930712274889  765.975768383363  -14.222081001599664
8.759126326744088  766.6339098246268  -14.071772233131188
7.428133001865319  767.3715510681102  -13.900238352332218
5.919908105125316  768.1853311920411  -13.672859549628992
4.304758730641267  769.1401757504827  -13.406899846869095
2.5239951595813594  770.246084527328  -13.188923372945144
0.5226068779946689  771.5748940453236  -13.001955450613329
-1.8105442780990084  773.1053508229107  -12.940527649673596
-4.4419826755945495  774.9112932922608  -12.834831210278768
-7.312664523184532  777.0082973047881  -12.875996367078741
-10.344047679912759  779.4689112490763  -12.864371156714322
-13.600390659849523  782.2607883392949  -13.105467116990155
-17.013513102080047  785.4190951260413  -13.316494131439603
-20.683231955077677  788.9380306639326  -13.614742795175978
-24.582092490013068  792.9024265853916  -14.049569295045941
-28.82046673586663  797.3101589954671  -14.700831061920749
-33.29122261786087  802.2006149637659  -15.509526300071553
-37.89233923761228  807.4981220418248  -16.20619157295673
-42.69025550455381  813.2132704062977  -17.029838253146366
-47.59148219823833  819.3276866240934  -17.856164185392668
-52.7778941617665  825.9398741289311  -18.718608484186007
-58.10193784000398  833.0805810206142  -19.435699911969166
-63.77186211777187  840.7813430277201  -20.11325905095637
-69.79349335279181  849.0135856509571  -20.71017167320632
-72.39889220882155  857.7886163065396  -21.517182225713814
-76.38035027264445  867.0237287668452  -22.309477605753962
-77.1957975052542  876.8562505965846  -26.218566964699953
-83.28011944778548  887.2387905435808  -28.718257955666303
-84.83373629372468  898.2055552330634  -34.408249310942544
-87.44914818868504  909.6848214308267  -38.87294613675332
-87.02152369983986  921.6954845713626  -46.550187141258256
-88.06785151105178  934.2090827969272  -52.5205747785088
-89.66132839068274  947.1014193219701  -57.56619104039115
-91.58053088549802  960.3406829192687  -61.74761430098175
-93.53132970946969  973.9128238800445  -65.87936379973665
-95.40629927456777  987.8274866861966  -69.79574663260956
-97.85687622140875  1002.0618744505508  -73.2340156315285
-100.65117806020338  1016.5881109072538  -75.90730398815595
-103.58715176889345  1031.3665473554142  -78.13815979412655
-105.58618500431788  1046.4019804099323  -80.22262151201964
-107.5479831661739  1061.6821749761687  -82.14859910105503
-109.66646115262465  1077.178986012415  -83.73484684711072
-111.89219489402664  1092.849987457648  -85.21813009280848
-114.36334949825456  1108.6506970264475  -86.16347869964005
-116.7024004644247  1124.6056782353264  -87.85248892220423
-119.05027489693805  1140.6486279635005  -88.93534727816481
-121.21045761328357  1156.8502095869171  -90.33052026514729
-123.34130467086594  1173.19715003373  -90.81338673732374
-125.31868089297083  1189.73812035574  -91.83687002784907
-127.14105981731038  1206.3440357719016  -92.75627286135568
-128.7695334864211  1222.9632679639737  -93.97820944945273
-130.2491195601065  1239.4835604640327  -94.37825964371528
-131.52257917845932  1255.9532043236723  -94.97455140246205
-132.6038597419085  1272.2895611099152  -90.58388182935437
-134.14184647302574  1287.814603704187  -81.03176142954251
-136.26130542999013  1304.6986246957226  -69.90058818806588
-148.32987942293627  1319.7257817871912  -61.68909137414252
-161.09235190579  1334.8551594525861  -57.219935746695924
-174.93182005920633  1347.8899538437001  -52.28363674285015
-180.31081025511855  1361.9192404354233  -47.55866964609963
-186.01512010288016  1375.7004700268278  -43.361662891919266
-191.84082787449142  1388.842494443216  -39.947192714275936
-197.28722939968583  1401.6141460252193  -36.963710311480106
-201.9633387739228  1413.7062318467981  -33.99729650707814
-205.53955361326234  1425.4018853471855  -31.061888165106634
-208.43932715803032  1436.502228461156  -28.69369657373251
-210.79427460242408  1447.0632857654468  -27.067455033959163
-212.68857981841566  1457.0654846807256  -25.86083026141957
-214.30633487075693  1466.293689512664  -25.072400880162004
-209.88989750786118  1475.2421467208972  -29.807231239297483
-207.26958080718603  1482.916104392611  -33.05596384232134
-205.1672161070805  1489.4472513840428  -35.83864482901994
-203.1966112170375  1494.6635283363676  -38.16599359246504
-200.99804135280277  1499.1425806683228  -41.134751028376975
-193.23156901852727  1502.8890045627802  -43.49610834377884
-193.6739676350949  1505.3700805430155  -41.10435681777651
-187.73488082745067  1507.008768186816  -44.811723732677166
-188.78693321193055  1508.0048827871626  -48.99080276750932
-183.25736435850897  1507.838627093512  -56.757896437827355
-184.69881330783065  1507.0258328966606  -56.8027120632274
-180.3756981307978  1504.6155364383958  -60.55268881526784
-182.43521846116272  1502.1000059253183  -59.48646339600895
-185.33720635446366  1498.0121481426313  -59.12115331095668
-191.90769584182377  1493.1851063120648  -55.77147498240322
-196.5841683870098  1487.0014537143838  -53.187012508483015
-198.4213733969072  1480.1505438165996  -52.82251087663997
-195.5659831176709  1473.4154634888748  -46.38087597806148
-194.8225110434844  1466.7811331843193  -41.99290875394305
-189.892284051487  1457.8874688145304  -32.67526734837884
-191.99378128863242  1449.1128953773386  -31.804673413657046
-187.568072256804  1437.232963085208  -32.0529385736788
-184.1752386670255  1426.768040493784  -44.27948968424616
-175.9560922122573  1413.9850251193975  -55.181114221737985
-170.19804378413517  1402.1211741112822  -65.13816790521236
-166.0054766511068  1389.3949247733763  -69.41293797481654
-162.7111235714161  1376.326353447881  -74.45630791996149
-159.5685812357426  1363.005764743215  -79.42181533824682
-156.46771655683224  1349.3311677743939  -84.0427591699969
-153.8282545999041  1335.3849731062685  -87.44308385102926
-151.4058553268752  1321.2595854806418  -90.15318381300638
-148.4362401613463  1307.01649306905  -92.30980852715511
-145.79244286008756  1292.6541855216963  -94.42613641555431
-143.3346727506307  1278.0523256190063  -94.82687608146774
-141.67669977485548  1263.2681953495828  -94.77068358602659
-139.7721860467244  1248.4150731299972  -94.35301980290126
-137.73011394920556  1233.5407465861665  -94.61508436413811
-135.93160317268797  1218.5960532758063  -94.52534771876101
-133.381116336763  1203.55623674507  -94.49112675666184
-130.59024522252955  1188.393013135828  -94.2439613410611
-127.37297137223882  1173.2551778591085  -93.81434993544042
-124.8997526629281  1158.2195284502475  -92.76136507700781
-121.95521281464342  1143.3698136832575  -91.92033466611653
-118.91190842613786  1128.627696234189  -90.77129262828596
-115.85149093730972  1113.9724536703288  -89.86979078411397
-112.34135990165724  1099.4440837371415  -88.54799317543308
-108.45257321783455  1085.2114194718956  -87.5809308734009
-103.86921953719786  1071.2673533496015  -86.50692542607506
-103.47444075251717  1057.5574220578947  -85.21557099763237
-101.70601410581457  1043.9473902858576  -84.02164840708191
-102.79124734562767  1030.4746273627989  -79.83360579745292
-102.18199844799896  1017.3114253160061  -72.7322690002054
-100.86160043770703  1004.4550310465197  -67.60367820355596
-99.32297809323941  991.7671920086347  -63.40033783199106
-97.16342271981408  979.2882457524771  -60.265072811285904
-98.13842002605621  966.9707514358046  -54.013454299311405
-97.56678197439103  954.9726419449303  -48.97836076829372
-96.05019915933067  943.1241290235456  -45.728256864304754
-94.19676074660393  931.496737520674  -45.482173884398364
-85.69088345327448  919.829056959679  -47.034880047199266
-79.27747841995702  908.4198983605793  -47.091756592313445
-73.17508709419464  897.7062017261759  -43.1063088164387
-73.21206067167009  887.7604079488316  -37.8599379162068
-68.00000690446252  878.3854653144924  -36.94816840706957
-62.62433157106984  868.8497137887198  -36.71727209740347
-54.97759079673176  860.2171171423499  -38.129717791179
-51.61056606179735  851.6877944900713  -35.53334047228719
-47.96462554173206  844.5298773355582  -32.752378554268255
-46.448568004982  837.549182258899  -28.626671759025935
-44.13413413082818  831.5175143769499  -25.84832039677048
-41.505405069938604  825.5903407004786  -24.493700059191355
-39.165099351159775  820.0889748952445  -22.827077405192902
-36.63602513733008  815.0827399458913  -21.272631896806118
-34.157947961779826  810.461560272183  -19.874393439623347
-31.60701145637956  806.2150387738435  -18.745565462198027
-29.06809699707348  802.1871793234551  -17.78932797037647
-26.669163737965338  798.3674279013272  -16.717386959274606
-24.187150523816033  794.7437157770875  -15.684786941034822
-21.69789759712678  791.3336827559871  -14.63947208406341
-19.17920232654515  788.1240055664625  -13.792017139618418
-16.740405360315847  785.0992789155399  -13.023153555545967
-14.293958674471144  782.2746413645505  -12.364082753692152
-11.829710416534368  779.6430867974534  -11.710286052994347
-9.35768174062416  777.193813174999  -11.070922598239287
-6.969520077311333  774.8605169773756  -10.415614156261272
-4.632391571157106  772.6492059037397  -9.750552283341628
-2.401201347512263  770.5522380272647  -8.949855611816083
-0.2122165691424034  768.5972713601041  -8.173091762831577
1.7936642117815924  766.7939556804354  -7.446680514061231
3.678119080832311  765.1281659936151  -6.883798291038973
5.425858100600266  763.6064258706448  -6.333287501636185
7.203024809569939  762.2120733665079  -5.773826316423007
8.900614079205214  760.9433352839133  -5.231511816998872
10.504682910248665  759.7568320243896  -4.722613255019784
11.87698199755705  758.6375965673839  -4.203012736389603
13.162626237147641  757.575565389105  -3.6902731895584315
14.320384504216063  756.5731403289125  -3.1365572017987127
