20.516843889077336  755.4171035217016  17.315259493137837
19.74695759204368  756.0621525412345  17.294378252844268
18.790613040573835  756.8602734185108  17.309484991218167
17.568618150358372  757.8129942191882  17.36074552146644
15.967124901126214  758.9951448248265  17.47455540256705
13.96512793414743  760.4079398156828  17.76500152015422
11.596589627281192  762.1293281024303  18.061922336031273
8.97082049418588  764.1911075475799  18.320144408929643
6.123442650887387  766.6992555637135  18.442523304893584
2.996608025953513  769.679848231779  18.537990402821972
-0.4624010334430748  773.1966199076483  18.406215340353835
-4.283121404391888  777.2406049191438  18.098503724128786
-8.354032783351023  781.806778271233  17.572166647640977
-12.651884318043138  786.8541446116898  17.097303552479893
-17.10775943915945  792.4075932426867  16.60855439592818
-21.86553787229857  798.4755826190502  16.127434895066457
-23.933199977155507  805.0874367079755  15.495087714405537
-24.46259829875096  812.0429781815794  9.560884025690132
-23.874627800675952  819.5402206703727  2.7330175729462747
-24.944166986005058  827.5607701777082  -4.743902924495428
-27.091377679360754  836.3029147945858  -8.39281321454838
-29.71819484274353  845.5703338165276  -12.446032478250235
-33.10758020094203  855.3461172050967  -17.013891377332207
-36.872276563715914  865.6166345830363  -20.940302427709998
-41.019387784095905  876.3541075721192  -24.41211255279203
-45.57069238385726  887.5438509964207  -27.298243256329105
-50.376529596919326  899.13460677165  -29.989117386551698
-55.2118350661913  911.0955458910404  -32.32975156258938
-60.04288804934747  923.4021869767834  -34.35663971074652
-64.8631277350514  936.0528235260017  -36.318408746126096
-69.68244447892084  949.030255520237  -38.23009133279285
-74.5982789908038  962.321439835714  -40.16352034235082
-79.26528541503936  975.868718968722  -41.99585983682571
-84.31487808364535  989.6422281034322  -43.60365312110525
-88.8536255879326  1003.5956457442634  -45.18619229740009
-93.09731281954274  1017.7032485215461  -46.715434428809345
-96.86239261212049  1031.9363101467097  -48.4142640658114
-100.61051681478507  1046.269031435584  -49.976434718743974
-104.17935886475327  1060.703982993942  -51.37313351648376
-107.20441646239176  1075.2512773552558  -52.31779737840607
-110.23795344669917  1089.8584438066296  -53.58940229478182
-113.54226790009372  1104.5692182172652  -54.90675601240338
-117.26690606109037  1119.3212192260846  -56.548326068227375
-120.50236909187853  1134.174417699897  -57.5279822056628
-123.29670224526919  1149.0770345381416  -58.920180338685185
-125.60686421812888  1164.0807541860024  -59.939989286845076
-127.93522931455759  1179.1489554834238  -61.94691557491547
-130.16344386636558  1194.2487976416937  -63.13408197726074
-132.17969421702497  1209.3341449436448  -65.32667581940554
-133.9967886076683  1224.366273349113  -66.46423594788119
-135.73076440296816  1239.3553032004847  -67.48007453574944
-137.7211131760731  1253.487671827295  -67.62227963522186
-139.63785084626252  1268.186111370279  -67.82333023943984
-141.39850421874962  1282.220719336352  -63.60769480971223
-147.8630079689652  1296.3314661354405  -57.23984432725057
-160.00399320162734  1309.5615902337315  -48.58263112467174
-173.97776555145973  1322.8578073628873  -42.605727610787035
-183.71342834838305  1336.3426118048365  -37.81818837648268
-189.24021459864812  1349.6508243591559  -33.017913087363034
-194.6467198023854  1362.7174999870065  -29.856239206444382
-200.50232065656297  1375.6530542184523  -27.508036278843612
-205.59526377592994  1388.1800122165423  -26.25601323561509
-209.5421852727387  1400.4482128232494  -24.835653469968605
-213.05690270078316  1412.273300450551  -22.41103316446684
-210.70632136980004  1423.5446224619752  -25.615608759261065
-201.79969719072687  1435.1802752713463  -34.25859088773815
-190.69582081999732  1446.376565402958  -45.02422446853747
-188.4609218567558  1457.33902205126  -47.277565174996525
-187.9883690860079  1466.5011357047615  -48.013608147500015
-191.52116433728597  1475.0000338615378  -44.85452529381666
-186.69806505978423  1482.855097786483  -49.76190025985486
-189.45126746919763  1490.623550600875  -47.81556756847881
-185.6232196382383  1497.8794925006148  -51.842344755776175
-189.26958627986895  1504.453251306784  -49.48316291577597
-193.30570434707033  1510.5686282570368  -47.34012161532609
-201.19383355727774  1516.0404025564742  -41.57560739477258
-206.73625203645662  1520.940865652723  -42.17486703126621
-208.818013857364  1524.956517534204  -43.46065690161463
-211.76380750975468  1528.2516456634028  -42.04859554484443
-214.5831707884904  1530.5880199579801  -35.89121543597798
-217.08627534366792  1532.040143920598  -37.19418225730948
-218.83819119196667  1533.0249740911136  -39.651187755751586
-220.20239796140544  1532.5255251459123  -47.11576241662476
-221.36221097441063  1531.5499385973758  -46.071856578657275
-222.09797328249263  1528.4760752141224  -50.77957481921201
-217.4148529692429  1525.4067696211405  -55.580567609303756
-215.33051298493976  1520.8186978337083  -59.661856399396804
-214.2409289903114  1515.0395258015324  -58.088342227899325
-219.27653849392465  1507.839250883485  -49.52722857930865
-222.1080403713639  1499.4159524192487  -44.44896489189007
-218.22262422622282  1490.8117120698894  -45.78846411972483
-216.12111438334531  1481.988079875983  -47.22894166790246
-216.367463308146  1471.9529651312673  -47.044498263965664
-222.28671447287533  1461.0167075474842  -41.94719248722396
-225.75192678274416  1448.7222396304842  -38.56956877258837
-226.4219858654167  1436.2905630318883  -37.33957164830067
-222.67123083594095  1423.4260944021382  -35.70258465187264
-215.82019340032787  1410.6258212179075  -42.806150118618916
-205.49772888060062  1397.4842407287379  -50.54311077232556
-198.1428927909413  1383.9378073763944  -60.762091901713276
-191.8000277216534  1369.4180158446334  -63.51582315222889
-186.945024203683  1354.7654599462267  -67.5994943324074
-182.04818837465078  1339.9081681392377  -70.684024476068
-177.43639649644115  1324.949249004404  -74.43414273754601
-173.4052755734212  1309.8385250388621  -76.33932990409701
-169.6156871712312  1294.7676022466705  -78.2060279898442
-166.0177621024284  1279.729300546925  -78.90117588727072
-162.54848621477157  1264.7489681220125  -80.13678897799093
-159.21377469478668  1249.754818119859  -80.53119161391247
-156.1466925945799  1234.889539259291  -81.02659132254885
-153.3830309722247  1220.1698910368448  -81.11377237790707
-150.2324214473489  1205.5888271356166  -81.6382191154408
-146.816230740464  1191.017317959203  -81.88280573847501
-143.26608380617552  1176.473624188852  -82.32805842728553
-140.0261886950991  1161.994449947476  -82.36963220083214
-136.21076820766402  1147.689151283499  -82.87755345905506
-131.94999036209393  1133.4896338143308  -82.64748916841731
-127.49560022643706  1119.4385596491702  -82.51060796214877
-123.0269930371837  1105.518477360416  -81.96113994616266
-119.02826456605973  1091.8694465068616  -81.65301546805357
-115.28605442492982  1078.4745773267848  -81.27638979247187
-112.23307020208803  1065.3229355821954  -80.92488229215678
-108.31308793208729  1052.3425483031783  -80.69388093262423
-104.50931527029357  1039.6385018849296  -80.41644874143364
-100.0251514244323  1027.2718249504937  -80.1297225908425
-96.38257740672888  1015.3320922559478  -79.67225873119112
-92.08912327945376  1003.7117178720931  -79.24542541103102
-87.97415853912447  992.4607119083303  -78.84991167589031
-83.60188836500413  981.6049348589744  -78.56716470629857
-79.54156112684294  971.1873702307299  -78.29822579565669
-75.58245071464427  961.1559171407596  -78.02176905563347
-71.4531081281337  951.4960777513609  -77.79571553368876
-67.18364985921869  942.2199739862693  -77.64156126777098
-66.23941571173047  933.3427292460117  -74.92311888863107
-64.26213097382126  925.1107035443915  -73.43648192704762
-65.03708981406854  916.9837977085992  -69.85379126378399
-61.302445443684086  909.6077102795791  -70.20184163745905
-61.21511185422163  901.9795218456063  -67.39274432425846
-57.440396726643876  895.3381178280235  -67.89952610573346
-57.32804147753149  888.190717650775  -65.32600377007829
-56.428988352506984  882.0537931640728  -62.57536918600399
-57.73040488831765  875.8864525960071  -58.05046414405493
-57.83224624064978  870.4906178855606  -54.62032094126613
-57.15898813709782  865.0962598905547  -52.6501467683921
-56.36459861247684  859.9615063983712  -50.39045385122443
-55.34001027888114  855.1585362418209  -48.1974284863677
-54.0793251446779  850.5977328765393  -46.267824648913155
-52.60567617672294  846.3620741616058  -44.66961739952043
-50.87360316873208  842.3938874461114  -43.22670508180223
-49.174646172686366  838.693662140556  -41.69967712097849
-47.41441749271256  835.2347741083291  -40.321308592197745
-45.839297894441486  831.9925950916429  -39.110812292926504
-44.28393386316193  828.9747366185306  -38.13257087342818
-42.87500307396681  826.1796456756463  -37.11767062016664
-41.45075543712115  823.6554867043382  -36.0331534999622
-40.19710372017549  821.4077335248109  -35.05402835983516
-39.03172549860836  819.408670951871  -34.26748054953983
-38.06749294912922  817.5839966843995  -33.818009784741506
-37.145417584875126  815.8826429426332  -33.37179362521817
-36.32576452373867  814.2874101010066  -33.05270405163086
-35.45889240956586  812.80442427559  -32.65843845848006
-34.607866870739656  811.4280793694376  -32.38686688975599
-33.62492604225607  810.1195191716334  -32.10044545425566
-32.590494803896924  808.8174632325375  -31.932716423931264
-31.517057831274645  807.4784320187755  -31.649185466763566
-30.377811619716645  806.0072572584968  -31.344042615151736
