-5.526192617196158  770.2719844942948  -15.044011792881701
-6.559488659913244  771.1291737474338  -14.73397435231649
-7.837953428471505  772.1160423323169  -14.34911741696133
-9.334392251734853  773.2713325167855  -13.836015495560673
-10.994699602034043  774.5664855918337  -13.2410181880632
-12.880973569918725  776.0319923353331  -12.674245824472925
-14.892152689009047  777.641480815463  -12.105976440921827
-17.285648067646022  779.4204779489667  -11.468956508247494
-19.900261647542834  781.3621349010477  -10.677650432158265
-20.009079997018834  783.4961314490804  -12.348193011732963
-21.310223883891933  785.4461021812364  -13.094574652191683
-20.407862416888584  787.9567284119743  -15.97382768065653
-20.897101517248526  790.3637106115382  -17.739274235623363
-19.214753578136342  793.3928334443597  -21.515016289045352
-18.657742200710526  796.3341932622736  -24.261232314906238
-19.23791066679699  799.8882272389228  -26.265635499677895
-20.361781047472622  803.8120403711335  -28.062415491551178
-22.439660251295628  808.1032293660286  -29.538493098381757
-24.650941218051514  812.8260592103397  -31.03104727146093
-27.333875298040912  817.9670824310872  -32.17634023938006
-30.345042810207207  823.5818798271889  -33.18993615249788
-33.71534407813349  829.6374226507221  -34.06173913287968
-37.3123292069661  836.1159654356707  -34.900902037435394
-41.1725792014249  843.0019949443761  -35.65427685803975
-44.664765074346576  850.2446219111306  -36.26509203297343
-49.02686579638478  857.867049346136  -36.85934199547827
-53.05187504465698  865.8312667860044  -37.339634678975806
-57.89644816547241  874.1863685529148  -37.88758378630033
-62.0375945352857  882.8574464425703  -38.36675347365845
-66.64527595201831  891.8529378798446  -38.84068297248578
-71.22096806172728  901.1688273759338  -39.17476448836233
-76.40035759489508  910.8778921296586  -39.70941273747283
-81.22997303867484  921.0664677976154  -40.53431361978497
-86.03020614782514  931.7137814532028  -41.93933972397055
-90.59522509939256  942.7734508295318  -43.079873505259556
-95.22319999281436  954.1728399482428  -44.09204366560628
-99.61452023420023  965.8796915197813  -44.640675359636774
-103.41808743911338  977.8558539435469  -45.52036708584476
-107.1405604891682  990.0705897117882  -46.16612728082099
-111.38808103183608  1002.4848032441114  -47.06889648128667
-115.53923989839153  1015.1314972959337  -47.63708173121975
-119.83089738658867  1028.0164794643952  -48.56324524088628
-123.31734453063723  1041.1968404574718  -49.06387060177489
-126.96913791707769  1054.6030012717124  -49.67471541663236
-130.2266488455664  1068.183165216703  -49.63879299629188
-133.4074491972827  1081.8147854632768  -49.879009029509085
-136.34508660964408  1095.520021484195  -49.79309998871604
-139.253974637526  1109.24908923667  -50.20587985565514
-142.0193802758871  1123.0838453340696  -50.24688621162037
-144.61039307073827  1136.9668633418644  -50.599776723108974
-147.12578672388477  1150.9838881075093  -50.603222895018654
-149.40493203971005  1165.0726009380385  -51.002341606236115
-151.44100021846825  1179.331160869769  -50.96359992244052
-153.15030466608604  1193.6421948239065  -51.582737362795896
-154.67070083986093  1208.091688510136  -47.01289028519642
-156.21610431100126  1221.36539165617  -44.80107336970916
-157.85598900939084  1235.6495795997525  -38.05498581117137
-154.27592944310092  1248.7352394324666  -31.701190858717357
-152.17420350243003  1265.403711752804  -26.8211799242165
-150.561612935098  1279.6616263689161  -29.888924156126347
-154.19910654856514  1294.8694061012636  -38.03274576499258
-156.2037026720106  1307.5273204069001  -43.02443431440302
-156.94608417671307  1321.2523755077937  -44.26990612730698
-157.70972466685208  1334.8521925172097  -45.914343285880676
-158.13276684365485  1347.8238901127604  -47.7562110810887
-158.84718084784944  1360.479885580741  -49.733146321709
-159.8788931430725  1372.6108830156757  -50.56714870379855
-160.4225628308615  1384.4553533417727  -50.50936825247299
-161.33434560208318  1394.9571130710199  -50.45918614311874
-161.11464031371364  1405.7321531402463  -50.879330062773505
-161.32945054483423  1416.067048518682  -52.8408364354841
-161.12982842687921  1426.6835563859245  -54.42256332470598
-160.57213742231596  1435.9977780572056  -56.022692027319415
-159.7630115387283  1444.7283686466346  -56.52175899917522
-158.67765478080892  1453.1004130935864  -57.34891035618228
-158.03552908919582  1460.9772580877543  -58.18357876785837
-157.41786015724102  1468.3932467838881  -59.22086768440516
-156.62238537353625  1475.2091955836338  -60.14268029186755
-155.8761363674388  1481.4864602744374  -60.93228182493607
-155.1101457210276  1487.1417342279128  -61.58640749065618
-154.57550083855492  1491.9986368697034  -62.28505581996542
-154.05878980722483  1496.019584217447  -62.9624740139788
-153.7478835134728  1499.298413896642  -63.524529867675504
-153.58434578096487  1501.765691185768  -64.0380195021515
-153.54455945765562  1503.390170049684  -64.58377702430343
-153.42861867473414  1503.9807995274055  -65.17611402850933
-153.45615777925653  1503.6946323596183  -65.74850574207733
-153.68880627576047  1502.4368758773896  -66.30529852058964
-153.54720974604646  1500.299146124983  -66.8656191647039
-153.45648617918164  1497.224290492385  -67.47417781002295
-152.9358278006224  1493.2665430477227  -68.1287849707379
-153.22232245698345  1488.3310484877622  -68.69506315101646
-153.74237522919933  1482.4651630037804  -69.52961942088385
-154.35291744212918  1475.6679488945792  -70.08786742404563
-155.2902652010145  1468.0108367407786  -70.46913876896335
-156.5889100787436  1459.3585050218278  -70.0352112325809
-163.13880473850875  1448.810225268591  -65.05417385593627
-167.26650783619942  1437.4356848661948  -61.381546247176246
-170.00843753707443  1426.2141000989966  -59.3540618504628
-167.6396459864426  1415.3375939995485  -61.43580373501494
-167.1507953033711  1403.812576156895  -62.3840776463964
-167.53150056582456  1390.9107725487781  -61.09547586999833
-167.70019234892652  1377.6990534588017  -60.31053677019359
-167.66163531536114  1364.2881870328774  -59.294269366820764
-166.95370748881885  1350.5915728996126  -59.3852667594905
-166.58088265220184  1336.5249202621208  -58.40499011411245
-165.80280793359864  1322.1142757752737  -57.64065307882696
-165.41348041096688  1307.7475136785858  -55.63569362055553
-164.41026282192018  1293.295246206059  -54.75769560966327
-163.7920413368392  1278.8415286027064  -52.72929814392484
-162.90263873114128  1264.146748065593  -51.228300068932256
-162.19624362003705  1249.5222390410272  -49.20087499297223
-161.191565770356  1234.9375719492464  -46.83657394708414
-160.1160302850367  1220.479941733079  -44.121177345322096
-158.9478274679263  1205.9605411739565  -40.831227312279445
-157.04893073431214  1191.4721302453627  -37.92406545832377
-154.8526322347085  1177.058065517834  -34.986647881997705
-152.71236456154244  1162.8288813274348  -31.904707493125898
-150.58323191044076  1148.7501074997083  -29.002312936381113
-148.4796108636163  1134.782728220537  -26.228020885263486
-146.0924787880775  1120.9016016013595  -23.874046200636492
-143.55871854479818  1107.2115230208592  -21.645055530925585
-140.9685518335594  1093.8347302087373  -19.510386962041572
-138.3079239925615  1080.7854363189  -17.651333320656033
-135.9875480028266  1068.028938671299  -16.0799032436904
-133.4431201452279  1055.4268049776445  -14.716247932243759
-129.6892240648717  1043.11818289968  -13.392968729944668
-125.99986225488088  1031.0281666345327  -12.081242348572054
-121.88785068254607  1019.2759936877572  -10.854136440638365
-118.52160289379414  1007.7746758588643  -9.775064093136155
-114.66268875516509  996.5944930073099  -8.911681268066873
-110.73141095640725  985.734521511018  -8.116537691294763
-106.9811793178492  975.1299388374351  -7.491457808338526
-102.78849707572023  964.754309112798  -6.914111351746836
-98.505511624867  954.5970772909282  -6.528327059385394
-93.59816446625109  944.7291199699362  -6.14346543954155
-88.88489255513684  935.1503233402643  -5.807967350038384
-84.09723750497804  925.8449548189202  -5.650394457381337
-79.28274202836914  916.7315043166059  -5.608347163511688
-74.51505402245027  907.7796612170818  -5.690299489982294
-69.58304107214816  898.984421707851  -5.710510368806906
-64.75350389788531  890.3877744250904  -5.7349806912150765
-59.68576419072887  881.9415520606935  -5.844649696362164
-54.81093590144773  873.6056704659152  -6.074301188734767
-49.71357938558255  865.3581912345791  -6.310599860637652
-44.810945055974074  857.3185162367661  -6.45229940696957
-39.68252699145231  849.5837043028805  -6.486364555489903
-34.67404452814819  842.2304980376042  -6.536798741649257
-32.485094207825604  835.255403784718  -6.5949982598101435
-29.48243132112284  828.8367904495685  -6.754752212444567
-28.94149141931538  822.6442866014422  -4.60650799079543
-27.19214258035804  817.0983478970268  0.12640928622633796
-27.84375833053376  811.836028346295  5.527945116440868
-24.676100706613205  807.2281671348813  9.286404679952135
-21.980052531852277  802.8399281786518  11.26871048492242
-16.990895877138765  798.8008078947872  11.126002203343292
-15.89628128133935  795.0725305564553  11.927476949485632
-11.694158104948341  791.5949915138838  10.408577455830544
-10.753231132243329  788.3836800348324  11.996810672473003
-9.292489150693676  785.3665366473265  12.865194571147487
-10.27020133567214  782.6075227059107  15.747188594230307
-10.411909071800459  780.110002682301  17.618943586743526
-9.951647228763921  777.8956466980318  18.908237450726936
-9.677270072115624  775.9301185960503  20.14930371725207
-9.37663975978704  774.2025434162026  21.15187641122836
