-14.13472846941864  763.0096748524561  -0.06260335675250275
-15.713608676940803  764.0042079917606  0.0813503624953767
-17.182849275607857  764.9908906640691  0.2928200437703476
-18.738303365005102  766.0339026580511  0.5279895339892521
-20.3283327065231  767.1210499103399  0.7701688462684873
-22.110116811686936  768.3143057595846  1.01646393497137
-23.968115354470473  769.6010996229757  1.358823802686854
-26.07472368916168  771.0552398268775  1.7433002139607887
-28.304027865855915  772.6827922222285  2.2829270977345937
-30.817822678462264  774.5592521677507  2.8252961994527617
-30.59568053120466  776.6720399499271  0.9618705998507959
-28.821537549269376  778.8298354737199  -2.4338985514142757
-25.913783912681737  781.2614962050629  -6.8532590753644165
-24.896723441402997  784.0080082523361  -9.657312351373818
-24.554022210221383  787.2688702560996  -11.838530839934243
-24.648461812628767  790.8152325171433  -13.681441248568557
-25.227191365775532  794.6385590880453  -15.389136681476444
-26.628310217838802  798.829610789836  -16.69595586116195
-28.619306630983434  803.4214776129326  -17.622581463488206
-31.036194529680987  808.4711650330071  -18.226545792053283
-33.77787394461344  813.9672793801205  -18.728937068343555
-36.916565086111525  819.9364489879928  -19.15934717081543
-40.39514542615352  826.3776577254862  -19.519060544482805
-44.26673020219286  833.3308498424424  -19.83890631739791
-48.22315689859404  840.8004513711311  -19.881218986636625
-52.43760788220818  848.8367846633965  -20.06197829220954
-56.77478799940752  857.4598828238061  -20.10745780456779
-61.917053363569515  866.6660420532828  -20.289951446286832
-67.28054016824652  876.4268413442574  -20.188258965262335
-69.09870003900323  886.6906340319842  -20.048958936870388
-71.95057080655437  898.407255614591  -19.86801349314961
-75.10635648459764  909.7234594834902  -20.018039987017122
-82.33378079524641  921.4981115659507  -20.36690030669829
-88.55283584920602  932.7374327550342  -20.95635047674972
-93.96396549682596  945.2905841813812  -21.52199282193564
-99.30235867905381  958.2038304500559  -22.282582385693797
-104.57692841311624  971.3233648044891  -22.902712434761824
-110.62945490418106  984.6105529696138  -23.45905033447991
-116.20323666779788  998.0891206450718  -23.764097697327614
-121.59526427012186  1011.8232566313266  -24.12135028739985
-126.69950724178385  1025.7081656875696  -24.441624251832874
-131.9410620621251  1039.7865950922587  -24.850599000725257
-136.8060375182512  1054.08996137823  -24.801900821470685
-141.47291097001  1068.605462429307  -24.84662500734453
-145.7101140077865  1083.3252051523366  -23.71144742734665
-149.7799683499946  1097.9880737174626  -23.606050385464997
-153.63352598852092  1112.9639497211992  -22.223216028731517
-157.4454752293204  1127.7814440498169  -22.453585964263546
-161.07803681820405  1143.0614668837652  -21.897145260628278
-164.2160281742283  1158.1802924405724  -22.850276900296564
-166.89909619503354  1173.7520283516021  -22.66620851341921
-169.2116359256634  1189.0897851808695  -23.16106780641544
-171.4518902928062  1204.6006646133283  -22.543548542126906
-173.71467467574192  1219.818017183767  -23.236147371110306
-175.90488690793416  1235.1500484712676  -22.968991013295806
-177.98620424964741  1250.2900929751042  -24.13463696660834
-179.90323025647413  1265.415263553042  -24.117972430350793
-181.44595204782547  1280.2087983495637  -25.212616336889614
-183.06292101720285  1294.802227566593  -25.797921913008402
-184.2713705598855  1308.9900288644462  -27.05758669961621
-185.7532172663794  1322.9369514135935  -27.63041551984153
-186.4986995184709  1336.394121218405  -28.176568706213317
-187.33598786372048  1349.5827659265751  -28.53464506882114
-187.48320468445738  1362.2902868737015  -29.243085136875074
-187.6963163147392  1374.6863692870902  -29.80067196563966
-187.62417609659593  1386.5971493399209  -30.410109545767586
-187.477537981623  1398.1559365807116  -31.793440634945846
-187.147945992642  1409.295063501  -33.17064716900616
-186.73983638375722  1420.065163197803  -34.56447318152929
-186.4010922211697  1430.3102602383158  -35.42321449961107
-185.9329498344735  1440.0660091072189  -36.44517934760749
-185.21610967670821  1449.2306665781311  -37.64428932283748
-184.32178363859384  1457.9004453278085  -38.61698572132394
-183.44985271933783  1465.9392180561595  -39.67636513411365
-182.56367726128536  1473.4707374134543  -41.04954550318671
-181.55981914129987  1480.4106470603465  -42.70539075363366
-180.50358280465318  1486.8111393044874  -44.64984680438693
-179.52455569564626  1492.5657608952822  -46.51781923958061
-178.6545747027778  1497.6413878412163  -48.243332554362695
-177.82420745070783  1502.0022340643482  -49.82651016939383
-177.02702122438563  1505.66775864571  -51.371002627669725
-176.32940335977133  1508.7682475938805  -52.94867617442422
-175.5896656166611  1511.2437861300546  -54.50782015817888
-175.00172170053798  1513.113751784401  -56.03838214800366
-174.455170622133  1514.3221097772991  -57.527278534708785
-174.12734008106113  1515.006794241418  -59.03531001787316
-173.88440384439556  1515.1481986908816  -60.58700081664858
-173.72644773309858  1514.7022800780069  -62.19551770942664
-173.5390242476533  1513.6459293215007  -63.8220632158326
-173.49847956604268  1511.9722765136385  -65.34496134931123
-173.44245193403137  1509.7148973556807  -66.74460738863652
-173.64375091565267  1506.8641352449636  -67.99892680998194
-173.3779374245598  1503.3862148142239  -69.21179868414862
-173.7084089484925  1499.233756656251  -69.97299086848886
-173.92217969234738  1494.2479975730946  -70.66942679382089
-174.92816728626048  1488.5200752055268  -70.2027222712596
-175.9367676427891  1481.9909974367577  -70.11967778002499
-177.40346082743113  1474.7845302107319  -69.2740502879991
-178.71721804966504  1466.8473196352952  -69.5657601818398
-179.65862356231165  1458.2641150076756  -69.11216331768836
-180.32785654605718  1449.1772421869982  -69.48469280651163
-180.53748895353175  1439.6211005596824  -70.04519025818377
-186.05456974237458  1429.6705384500478  -66.75020479783643
-189.46765085674252  1418.1909269799623  -64.8174351015075
-197.3312374576272  1407.2223278980457  -58.94529676334096
-192.4992629445416  1396.726429509342  -53.555954106547546
-190.4420156193522  1387.9339279246349  -49.59376528780203
-179.77013614007979  1378.0993750952541  -45.277109782129315
-177.8212505335429  1367.3651421759048  -47.96166072391593
-176.94313861814297  1354.0432565753977  -48.11037739859198
-179.42795220070744  1340.4800039100667  -53.16491456549835
-180.25497726397816  1327.427981960157  -50.8145519603672
-178.81986934455642  1316.5048137145977  -50.32916140068785
-178.48907787011603  1303.6881310420154  -49.79471178582017
-178.03716003718762  1289.8385734002795  -54.27547218730819
-177.5872064645682  1275.1966755033895  -56.26643573277272
-176.7190969975508  1262.286646952555  -57.587851102119515
-175.76979821424737  1249.4721300766046  -58.444518135463554
-174.79012994795877  1236.3719821218556  -59.81425611012302
-173.4860264576891  1223.3535135068355  -60.74529721706713
-171.9231697602518  1210.420243520155  -61.193022205161995
-170.05253767221222  1197.7552895222507  -61.245915568898155
-168.10250275654488  1184.9447073434626  -60.89595134208923
-165.9342795743321  1172.0929920018198  -60.15086586791744
-163.64574827762877  1159.3024932368155  -58.80341658764174
-161.2516960051212  1146.677403203063  -57.582890446463566
-158.8906930357299  1134.1995106634265  -56.31376985162627
-156.4463487061696  1121.7966758060734  -55.18168501196728
-153.8206819498727  1109.4952343638997  -53.91748834570203
-150.97892599681526  1097.40596465916  -52.805853530425104
-148.17672696171357  1085.6117735869527  -51.73296852327303
-145.30120208128764  1074.175369884939  -50.78586028287421
-142.23274946198234  1063.0394435376281  -50.0545342117802
-139.11570455645895  1052.2009957540724  -49.352672424256816
-135.88243113228222  1041.681747177844  -48.93268040282617
-132.87546177421558  1031.5397987426795  -48.40075530875131
-129.74655612577834  1021.7122031371454  -48.30576574287359
-126.17851788133969  1012.1075922936714  -48.17531865584226
-122.70487268375933  1002.6369871381766  -48.31976641447502
-119.0307198246719  993.3616148111896  -48.2822251398148
-115.5690659112206  984.3208032653579  -48.36043490771962
-111.93573717834623  975.5346875806927  -48.58285623259066
-107.90478380991722  966.918009386136  -48.8386113563053
-104.4189226759894  958.4315390226941  -49.05965619386317
-100.30364592501817  950.0609642582589  -49.5324714162867
-96.66104043756145  941.8548354391424  -50.00938151334568
-92.69428500335407  933.7949719608656  -50.701302401548936
-88.77431810648004  925.8722975083872  -51.14510901641872
-84.7927161435504  918.1101935236686  -51.6905013489329
-80.55704445199552  910.5456290862903  -52.152147055816606
-76.6479300178677  903.2348846897944  -52.63490016700785
-72.61343559040597  896.1469608461259  -53.28492587371563
-68.57242241378745  889.2937644567833  -54.07375330773647
-64.47497945220087  882.6877128253328  -54.91038246915118
-60.34760411578219  876.3916114880409  -55.64405173417846
-56.346875573755526  870.4045105382596  -56.2698514439737
-52.46566814324151  864.6873987693178  -56.911023978594436
-48.66568496234594  859.1811910097167  -57.49633811670428
-47.80264496841575  853.8831743288334  -55.47789840532525
-45.842525876692605  849.137405766771  -54.30776511609701
-46.31541558118141  844.2980000516123  -50.99574527321183
-42.63527119929716  840.0246974907816  -51.2456786190541
-42.42091007739786  835.1848823309645  -48.428772195205305
-38.58995743357623  831.1681649961205  -48.61046914056482
-37.967025787619725  826.9196032045311  -45.78478001274319
-36.37093567443483  823.1497341342512  -42.758354034980215
-36.78958747881612  819.1313833945811  -37.98746471027939
-36.31426303817005  815.1492222575561  -34.276120886721614
-34.970570920473605  811.25251974838  -31.980241098161155
-33.44404136243929  807.3552878424124  -29.553026842860696
-31.33862093429174  803.5182346721476  -27.116834946625385
-29.066646341773847  799.7864659893846  -24.855514935581027
-26.544775199643563  796.220126313735  -22.957719901243735
-23.786506244827756  792.8767668207576  -21.380549153059
-20.88260948537203  789.7078527048047  -20.091605597421232
-17.847924477863618  786.7411020626037  -18.939102035491295
-14.7854705083101  783.9268417364107  -18.040323499724536
-11.752972516627132  781.3054987047889  -17.199644546804972
-8.69471500412508  778.8466965036707  -16.580823678281376
-5.699286486537245  776.6106452140349  -15.981124394324802
-2.7809315491828968  774.5663280276887  -15.549811131633058
-0.04240488309780632  772.7360225233243  -15.151021024998437
2.48441107005373  771.0524913716885  -14.84838673714205
4.758852393388838  769.5081492050509  -14.632401834176372
6.808729318078077  768.0702895427235  -14.53438639028434
8.715424543654992  766.7510388338094  -14.559157764779282
10.474721805259728  765.5619901845745  -14.63340109392256
12.11993339130442  764.4936748922307  -14.727822790038076
13.558141806460757  763.5354678322985  -14.840464296650078
14.834277608094748  762.6713189107046  -14.960594979459293
15.946092769346832  761.9262663317022  -15.105816990606161
16.96301429755831  761.2983260189388  -15.26948901883452
17.87969660909563  760.7762629982344  -15.449910259448515
18.664413886319533  760.3292665114849  -15.636100755624822
19.33554570880188  759.9412682213832  -15.820933562996665
19.835187815140273  759.6078856352179  -16.031979698438832
20.195900695864452  759.3287080481575  -16.27993072441792
20.43674655815272  759.1082814268098  -16.624790812615846
