-4.411474433517747  757.2859835600959  -3.932223949208817
-5.687374677979803  758.6621758533431  -4.335045857757924
-6.988400328152727  760.202725608603  -4.87401936107749
-8.473328276619661  761.8546542781529  -5.416069728109933
-10.094959784727891  763.6450769455596  -5.969788597623427
-11.933270187624728  765.5670370307193  -6.564659730472199
-11.207759469388101  767.4141387145473  -7.472625340630121
-11.707071849564137  769.1287365721977  -8.439654344739145
-13.549127789740567  771.521155442647  -9.395333967696853
-18.360530291380677  774.3852143382088  -10.067581372645218
-19.459812229087277  777.80695401229  -10.791684594522941
-20.627581812082592  780.5773286349864  -11.619671452529285
-19.863901637575655  784.0598498750412  -12.525390591516679
-20.73161653428022  787.5347915378966  -18.306267872363872
-19.59114790144924  791.7806397998029  -24.89106123544725
-19.36727569505156  795.9556867325022  -32.094961968297504
-20.06307204946897  800.8149533225287  -35.27502251501932
-21.295627977228207  806.1102001584713  -38.49078552283058
-23.330251519684776  811.7830639439002  -42.224115389244815
-25.608769267860346  817.8719592446506  -45.57790345385494
-28.223652563661734  824.3061254252566  -48.584865043655896
-31.177371547238003  831.1536227618509  -50.957867553075694
-34.35365923445913  838.3940501917662  -53.22492193283273
-37.845034766613  846.058936445928  -55.304308546583
-41.517807047479025  854.1522392586816  -57.232794941250276
-45.45014201993136  862.6490480104354  -58.9494455021747
-49.60382482696507  871.5104033335828  -60.49360580948955
-53.94790386193095  880.6820859050492  -61.783468904041285
-58.47028869036494  890.1571866192096  -62.95908615044235
-62.550695930833925  899.9171753908699  -64.38342647592478
-66.75196491625329  910.0056749073934  -65.86623548025908
-70.62380109079352  920.4135607695132  -67.44130122751963
-74.67966087377208  931.1314516990044  -68.6674550922734
-78.73109287525222  942.1658461732488  -69.78764624080239
-83.11945871086311  953.4942623675037  -70.7221835645974
-87.78998830836679  965.1633244895829  -71.87050848193148
-92.24334148238097  977.1121556873566  -72.85032202901553
-96.4496152813294  989.3773425520872  -73.90166877764003
-100.26214208227405  1001.9261914087223  -74.72136489456085
-104.43743448315179  1014.8054595631567  -75.50928649190567
-108.38692020468787  1028.0267967126133  -76.47174561563169
-112.29201669172801  1041.592405740492  -77.17586111671922
-116.15168859289638  1055.418799497134  -77.89569661986967
-120.06067400684225  1069.3914441152647  -78.24528425639838
-124.16017049741329  1083.4603507035824  -78.67593162975307
-127.72524499919598  1097.6438120961357  -79.01403043604651
-130.9626793485095  1111.9715890190762  -79.56062389797336
-133.75125218060717  1126.399899428899  -79.83329280031762
-136.917447629071  1140.83491192037  -80.04561722521737
-140.02427558184962  1155.186632896008  -80.05394017249162
-143.03736246740417  1169.3796181700611  -80.32274562314643
-145.1794371509302  1183.5193939293017  -80.63106971294019
-142.4796543762328  1197.60954454308  -80.80575637926415
-141.56362340068597  1213.4220001823526  -81.03826595163248
-136.50161180963786  1227.7245112151006  -76.62087777368436
-143.40502205686136  1241.633783504987  -69.84221124570846
-156.60965450554355  1253.4076416718526  -60.2006218235287
-174.9335814873702  1266.5006476396716  -54.18947660610227
-182.29822603251236  1279.8622605267456  -49.43492936258203
-179.76315042399068  1294.0986180697946  -54.780677788950726
-174.79309275078478  1308.3158439266313  -61.54159172835902
-173.43536971252524  1322.5595764793368  -69.24513966369034
-172.90265067589795  1336.3092683302725  -70.36079364371054
-171.93801588696388  1350.0698709165974  -72.11033877341158
-170.3612766500203  1363.7640097153292  -75.87391207476527
-168.36716094389902  1377.143621171021  -79.9531018604921
-167.60821185085078  1390.3227058265695  -83.69681112700871
-166.11699518454773  1403.1046719949736  -87.37481968492352
-164.82014103133207  1415.6628349530613  -91.20237981507515
-163.11572522906565  1427.8851429576193  -94.11875107028308
-161.54241745379002  1439.9401471129056  -94.81534881972283
-160.04854009369828  1451.2394628556412  -95.00119862712666
-158.14659362405422  1462.6617449842752  -96.1682434396414
-156.57909780399254  1473.558516607938  -99.08889103398114
-154.8045927130751  1484.5625143147975  -101.9242359988444
-153.52166192982628  1494.7470107344448  -104.77751411491455
-152.1261528799558  1504.5857936871369  -106.66320852681352
-150.916986665738  1514.022460041074  -108.50400351427437
-149.0591325146985  1522.938461923174  -110.1716372736035
-153.20242583791173  1531.4008175875783  -106.7618111160563
-155.03812185351626  1538.8182554966759  -105.36041641195777
-162.50885778147756  1545.575529841955  -99.42664165221318
-161.14124136291775  1551.699509361307  -101.20677333195064
-167.05164593444024  1557.507134276336  -96.59626145369143
-165.35036710409543  1562.7347495704814  -98.64659186096804
-171.01288575846215  1567.1167285683443  -94.53660139646483
-168.90405236962727  1570.967318952303  -97.01015361571962
-173.83891475466942  1573.9055300910966  -93.86180134675362
-171.4810442094001  1576.1463076823202  -96.81067409140184
-176.40169100915094  1577.779554358068  -94.14789529251456
-173.89794125497332  1578.3272674565164  -97.34769821965733
-178.34925619588242  1578.377009817538  -95.31195225915616
-175.64041817608688  1576.8989586756925  -98.92306493288555
-172.23614785486276  1575.2893497487669  -103.13722680946627
-164.9023285610949  1572.5129175070729  -110.33050780088143
-159.98575525536253  1569.4215629006983  -111.25819644025586
-158.84225450541118  1565.025262331221  -109.75370599908067
-157.12502304410228  1560.3624188954316  -105.52128835719621
-155.47484115260423  1554.590126422899  -105.92645610554754
-153.86139781482188  1548.9303485071655  -106.12409123630772
-152.31586459653778  1542.233564882177  -108.93858165011099
-151.31718732668466  1535.5542901298616  -111.52972416853038
-150.46208892934385  1527.8589311046917  -109.61846487721161
-160.63154778999905  1519.4615826308493  -103.44219256721352
-172.1868808071734  1510.433414656843  -95.60109562492177
-185.29672993121733  1500.9729979255528  -90.52878373599853
-189.73140559805228  1491.3189270559749  -88.11744612173447
-194.75643538197326  1481.215006671739  -85.55364299088498
-195.08696243855192  1470.66725361762  -83.32050300509415
-197.01088614462103  1460.2010624909663  -81.65768568482925
-200.55414681180198  1449.0461684702316  -80.30555131731766
-207.89560704687506  1437.6800772883164  -79.17684601498257
-212.9349694154779  1425.795583567359  -77.75340837663857
-215.00171570091598  1414.0580931793115  -76.64615436235778
-217.4810254837115  1402.197360624523  -75.48201675076574
-219.28378758859776  1390.0411978912175  -75.18809730588279
-221.25450440444726  1377.5687765688408  -74.48470489039093
-222.68690157414377  1364.5344889789064  -73.84679966778573
-224.13592809397704  1351.03267715535  -72.8668156631635
-225.15271339310968  1337.211325152355  -72.18340380232671
-225.94989688178447  1323.2582332183338  -75.68868985955308
-216.28399804343277  1309.5701001342234  -83.9196449229025
-204.94984224830597  1295.755465579896  -93.27831592696644
-191.74044108257624  1281.9447501550196  -99.97590283436404
-186.86708458115118  1267.7452092799783  -103.20978919951409
-181.30210347965632  1253.654219795931  -107.00339323353751
-175.02526430439033  1239.5057556181312  -110.57390271778557
-169.24094071201003  1225.2799125536194  -113.70286509839596
-163.950570519973  1210.934755925335  -115.94051601044964
-159.5310491996476  1196.7679441466244  -117.05388890746035
-155.05850227695967  1182.9091985049552  -117.88642199595363
-150.93855712662256  1169.353583343583  -118.33304559125564
-147.0880537294016  1155.9579493092647  -118.7938847004394
-143.43971910657555  1142.7679664037203  -118.80512902569484
-140.00584642990088  1129.8464802135186  -118.42199315260048
-136.80108983368254  1117.1767722218801  -117.62648930824301
-133.76044827827292  1104.5413189364958  -116.48454459727917
-130.75445092222918  1091.87401088561  -115.03156384803212
-127.18724807133263  1079.1201935826532  -113.36982686648119
-123.94152794192728  1066.5076519800195  -111.47003640907951
-120.60352250593056  1054.0413872008323  -109.32126206613937
-117.69955658996156  1041.7756553232014  -106.93994684837641
-113.90049187892267  1029.5602198715396  -104.39973031726356
-109.97865624850934  1017.4706822447807  -101.53807262591751
-106.21182177065644  1005.5283808275467  -98.48722965834705
-102.88424362424757  993.7896181834877  -95.40502625200548
-99.0493900140372  982.1767045563195  -92.50022202523874
-95.27422394204665  970.7100432104592  -89.50829217234653
-91.05385357493714  959.4722211278241  -86.68863871673192
-87.17296449074061  948.5773434882046  -83.76958847808372
-82.87853083075113  938.028037570787  -81.0216638305508
-78.71808310656408  927.7939324941992  -77.98280727786897
-74.45096761812995  917.8671072364342  -75.17328943444772
-73.00721839014035  908.2803902396811  -72.29811434221038
-70.48687421079077  899.1400563786632  -69.5933318578952
-66.76032155079703  890.1463179899704  -66.84724153037162
-63.00396107830277  881.3500892923686  -64.40489499284924
-62.13996623102011  872.8910451421397  -57.033000094721764
-63.76310749513138  864.9604711303529  -49.255715214756016
-63.16754866450526  857.4826212416868  -40.90217120507423
-61.72649322121957  850.2224343495649  -37.0060935234716
-59.90451324252239  843.2603338945141  -32.894031372609106
-57.97774648179984  836.5980744697822  -28.584397938829092
-55.594373388147304  830.2004356357377  -24.58285175684251
-52.73645174977429  824.0981299489107  -21.11997984710332
-49.648860135432926  818.2964735373137  -18.264058052356955
-46.43968074970959  812.8275546857824  -15.619610445967623
-43.27407768810799  807.6424497846908  -13.272063403262438
-40.03841233889651  802.7071541990545  -11.191084559129106
-36.72368183274016  798.0001527694691  -9.473636437071182
-33.155635218110895  793.5338318720387  -7.824221049020289
-29.529205540945643  789.2717216638794  -6.478553342704767
-25.828891602350147  785.2433925361415  -5.171183558097691
-22.277341804130423  781.4249103800728  -4.1930200853524875
-18.79788372478466  777.8979336527002  -3.246891805080607
-15.402322061290223  774.626467513104  -2.597794236181882
-12.05617989168764  771.6658532182372  -2.0579004808771306
-8.782974135530386  768.9651109125319  -1.690124522284418
-5.643598264677916  766.5348119595808  -1.5114335330006299
-2.6226277597463534  764.3476796570192  -1.5261043884280836
0.2611653608834348  762.4071666575592  -1.8458210413465181
2.931409913655142  760.677481550616  -2.176868433242098
5.39298951432299  759.1301288421633  -2.5569737147877185
7.587195970554662  757.7174510833673  -2.879236276350631
9.530016999958734  756.4628822238408  -3.2600022317693815
11.19652884492187  755.3400150446934  -3.6708658121870434
12.575845905426675  754.3656698430851  -4.0569740085421095
13.704449529398117  753.5111390046437  -4.42948031795461
14.58454890628251  752.7778549624538  -4.813536099600471
15.19379902324849  752.1613846660897  -5.238299865006701
15.598863276159708  751.6462293463708  -5.718383462911367
15.741892955064436  751.2268276965805  -6.223955838001907
15.768737211269158  750.8845419595174  -6.712808241684383
15.61888617150304  750.6087410788765  -7.167714638400604
