1.5039348422597048  762.5681545185728  -14.35955477796975
-0.0783369288200253  763.6265343880816  -14.171188057103857
-1.884313202693214  764.8780765666635  -14.141331910120366
-4.020535012898586  766.3736569222048  -14.059038078615071
-6.483586214648865  768.0716652135823  -14.083727330899542
-9.219994689600124  770.011318451138  -14.040223883892734
-12.123285256082601  772.2131176927087  -14.127817714856027
-12.312750953240425  774.7698956057872  -14.293253603631003
-13.730836125183826  777.1985867356776  -14.645034093597811
-12.968123479531979  780.4465367123618  -15.11718651585964
-16.51608771404862  783.5450506497091  -15.549586101479653
-16.87472638030781  787.8096446745305  -18.403237909928016
-18.091483301187523  791.5113630472582  -23.964411309312016
-17.22664442235669  795.9667452274421  -30.236587897522142
-17.607866968175173  800.4467725389127  -34.761787279262684
-19.17974115859151  805.7141982672315  -37.275052874688065
-21.19707352882734  811.4775329694219  -40.10522609633912
-23.874077047392277  817.6282165062834  -42.76635077589051
-27.057609890667873  824.3078331886613  -45.11356734983782
-30.585537199206772  831.4683616838139  -46.930424593877284
-34.30617010308572  839.2080215769265  -48.5311721644541
-38.64778872114749  847.5337269906382  -50.180925341299854
-42.85308874518752  856.4226337432905  -51.52701613754495
-48.130922707411926  865.8999546479163  -52.891447628064256
-53.15030193450494  875.8738885803232  -54.09193988159256
-58.2509045264172  886.379346942387  -55.57571965193196
-62.709565454333635  897.3787151130693  -57.0092203925542
-67.3065002959819  908.9135023783733  -58.380031523960994
-72.2213101148312  920.9575247077586  -59.911661572263
-76.84277204075862  933.4574909652389  -61.492196377787835
-81.56927030404033  946.3601950133534  -63.03733543981225
-86.32969352624322  959.6686160222242  -64.23161241329728
-91.44753328523191  973.3657911358684  -65.61769591589017
-95.69487990888815  987.3999772305556  -67.20434071488133
-100.18826988314527  1001.663546295905  -68.8344788577086
-104.43284211344361  1016.1193157122384  -70.1826505426987
-108.93668233961904  1030.727543299599  -71.0486877430595
-112.88205469129099  1045.494996709271  -72.16576769052979
-116.68185236704838  1060.398272405946  -72.77758949048474
-120.2743101743184  1075.42758430287  -73.83812087649767
-123.60727396071505  1090.5202265537405  -74.60355777337756
-126.80937669162398  1105.6080154089284  -75.82813247408741
-129.7237972356246  1120.6590994225946  -76.8120972139034
-132.63368130366632  1135.71903726176  -77.70090097854384
-135.28971992074355  1150.8117703687365  -78.26383060205123
-137.80762488904668  1165.93224362697  -78.77343141149542
-140.07119625508813  1181.0275207611237  -74.83403203813516
-152.37599495052118  1195.322333930148  -68.69160763207863
-165.87771591488325  1209.5661257435922  -59.81000959060054
-180.76174899128534  1223.7723368038212  -54.16111893273262
-186.97704512510307  1238.810320108207  -49.5547158568803
-188.29891702961015  1253.8787296683615  -46.12777741255341
-192.10975243892537  1269.6419057817661  -42.67808633435569
-191.1916991562259  1284.6120022632185  -39.53570207839032
-191.99542370201874  1300.1828368281717  -45.52882951436405
-186.5819514783604  1315.0019118312155  -53.01918977456798
-182.99874649126758  1330.4491732965917  -61.53757601427894
-180.49244790834973  1345.1110662501205  -63.850203839494625
-178.8865485920278  1359.484311308665  -67.589611777637
-177.72600352150303  1373.5055874393456  -71.65220999004283
-176.48334724893857  1387.2504562657423  -73.70391804950268
-175.28440047026086  1399.8587743200578  -74.90692408386951
-173.671674717635  1412.8408744479914  -76.03533059256833
-171.77173619379568  1425.4044754727254  -77.85553243670255
-170.07719839401665  1437.6424709932328  -79.09607333158574
-168.61363962808085  1449.3720314374686  -79.9886126555286
-167.37191586297362  1460.5513033339344  -80.74101148128184
-165.89308356831273  1472.110544460669  -81.79716153095839
-164.47910881527244  1482.5824032122537  -83.62072136700714
-162.98012508045701  1492.5926816796948  -85.53550160829522
-161.74424513501208  1502.1320205155025  -86.9256041428839
-160.13783980775347  1511.183031650257  -87.76894445380331
-158.54794092585098  1519.7496351897971  -88.27052163786848
-157.10304559554325  1527.7179965309383  -89.14744274498226
-155.8964945680771  1535.1309831957738  -89.89058999535416
-154.50763012902962  1542.0448083852834  -90.90165348123651
-152.9496376282818  1548.387606869006  -91.54343380478059
-151.46655923084785  1554.1769287713498  -92.29822539552775
-150.16824276897245  1559.3214404690439  -93.31975449023516
-148.99079554065113  1563.8456709613072  -94.26483939589176
-147.89773253722285  1567.646350681999  -95.14064632095898
-146.81984408824698  1570.821118469088  -95.75465923842428
-145.89267302074265  1573.2966199190985  -96.80761363637973
-145.14749536947951  1574.9976375625672  -97.67420565086124
-144.59273319454292  1575.8853246992576  -98.89518691312699
-144.1065510262794  1575.9483939165016  -99.66052028637515
-143.66810021241145  1575.3535743208142  -101.05306887384903
-143.473881915432  1573.97895630228  -102.09513287417558
-143.55360927726815  1571.8118483501778  -103.63587730184929
-143.69874539074172  1568.6918871986288  -104.78453601969741
-143.7696878527666  1564.6621200110503  -106.697518913756
-143.7485899560775  1559.739248272869  -107.96521837004724
-143.87706054903575  1554.0300325168757  -109.47669312100638
-144.06604350323622  1547.5058045437004  -110.60143054553699
-144.28361153148222  1540.1527615678906  -110.05018196033633
-144.4347585490748  1532.1878083640481  -109.46359945758536
-145.0317989486133  1523.367931908173  -108.10204791618904
-145.41427397893028  1513.8710048625858  -108.49220536726926
-146.5701894857921  1503.2695139057996  -106.89693371445838
-148.07731867111158  1491.8980150760622  -103.75607434494854
-154.50649628231525  1479.0083342645837  -97.61675644771259
-165.51798529584528  1465.5020375021504  -91.38566941132224
-177.41001483924933  1451.2809382013977  -85.14821322321389
-186.0790849467892  1437.173567368749  -79.38581420520696
-191.26487469191383  1422.6498615516175  -73.78198182905052
-196.36184497576411  1407.8318423610622  -68.62417976456328
-201.40291207807024  1392.8684433731219  -64.78540005416961
-205.56907011334835  1377.7901691069935  -65.14398957202553
-208.5403068663607  1363.466960470193  -64.599821584377
-210.35368296568217  1348.8156721078738  -67.33353736614824
-211.5760177499032  1334.9875859274057  -65.10293723797295
-212.59016497167056  1320.3880788731985  -67.87832926199292
-209.11131658337067  1307.028408310708  -69.9050838328927
-200.4110698921234  1293.4036507111725  -75.42968924831361
-189.71183277034376  1280.4519994912948  -78.75406077271192
-181.79323149592648  1267.2663154142226  -80.99955516923552
-176.91779821417936  1254.2085191000747  -83.20828316064333
-171.93696611949298  1241.2076991284341  -85.06991671047464
-166.85011231150827  1228.0725979806498  -86.63464869517239
-162.45558636393133  1214.8666788893345  -87.31959918852974
-158.4462711881298  1201.6050638140894  -88.12251705300696
-154.45281614965523  1188.291057364073  -89.01633872597839
-150.2786921415897  1174.8707496470727  -89.74720520289527
-146.38729101935178  1161.3346434619025  -89.87998487382285
-142.86180585783222  1147.807111647059  -90.03338538834166
-139.45213016956984  1134.3560782417744  -89.98826797191191
-136.12458879224985  1121.0624050452352  -90.16322097740003
-132.79082662257417  1107.9287360053806  -90.00942989164022
-129.14435780769722  1095.046096800169  -89.65978295038958
-125.78331365624041  1082.4757034674524  -89.11072195996043
-122.14883088104145  1070.1869999450014  -88.63505878141278
-118.81504721997538  1058.0477689079046  -87.98943447635038
-115.54370739844109  1046.0163018907383  -87.46663308559418
-112.14543099542443  1034.1634138764084  -86.86208113327592
-108.55230276889034  1022.5984760109382  -86.4673901873867
-104.67583053297159  1011.2573475788739  -86.01091954393999
-101.13526673946285  1000.041899783108  -85.52174880331839
-97.85761017939879  989.0021761425082  -84.7629532191894
-94.3363524020185  978.2854529239796  -84.02237123588878
-90.64328170284276  968.002279054926  -83.3124983737154
-87.05297856958681  958.0318569354246  -82.8393121470065
-83.4413576991637  948.1403556049933  -82.3383255973898
-80.0076414441263  938.2277863327289  -81.47763919664874
-76.13798722721725  928.3435363565065  -80.39696306883116
-71.9160712053671  918.7065317855723  -79.21803254794895
-67.64432326818263  909.4876571269032  -78.19336756972814
-63.558356105507116  900.672777150838  -77.25014699756835
-59.813905156300045  892.1615198440686  -76.23444979759066
-55.92390362032177  883.8482590329862  -75.20941162270839
-54.846743481959834  875.7733031175461  -74.22069819194307
-55.59118242278393  868.3747907840428  -70.71934383494234
-54.843811207734085  861.4182699911853  -68.1728055243441
-53.44447854082496  854.4907128462286  -63.507677855816056
-51.82475462404682  847.9327694714985  -59.050050675594235
-53.11415139209058  841.6885145263127  -52.95134365095497
-53.33134924804442  836.1672709524084  -48.081801067706465
-52.55808740979574  830.6077534734542  -44.87885397180198
-51.35271452685032  825.3374801587378  -41.67754852773421
-49.79778165010349  820.4086035728014  -38.778568924223976
-48.326116278360566  815.8338553354642  -36.2240629553027
-46.53569351414431  811.5564066866082  -34.123812118346166
-44.51473754740681  807.4521011533832  -32.36587968717613
-42.364678064608185  803.4853371133744  -30.769586776597897
-40.046650131827924  799.6834054827041  -29.35877618270586
-37.54294206704347  796.0546357214419  -28.116418090016094
-34.84570491562884  792.6262732696889  -27.03565410685527
-32.1906418408144  789.3383790925741  -26.148353230418905
-29.46350700249035  786.2313288349729  -25.31536223582425
-26.753597994725624  783.2864540501728  -24.636217261977542
-24.004656465087837  780.5479188711064  -23.923654131261507
-21.406649952343383  777.9619680148144  -23.320456191104682
-18.9528337194327  775.545741107955  -22.70714248288586
-16.619195516759987  773.2644626098777  -22.16824246756923
-14.437398181043694  771.1428393317408  -21.66122262934985
-12.363945975583452  769.1538449919369  -21.06529642527139
-10.394890789395403  767.3072482570406  -20.505935274522628
-8.517362656526904  765.5757782873188  -19.90322940994987
-6.763372639913681  763.9466941847393  -19.390491150832872
-5.091867742807893  762.384726881597  -18.77739086124083
-3.4452187880284173  760.9348153253292  -18.2339032652272
-1.748927652084037  759.6110903670032  -17.658024870221677
-0.06489037242011642  758.4307768807485  -17.186198944684058
1.5463236880932318  757.3270942049271  -16.68478001152583
2.987966766594096  756.2928704574506  -16.27266249411245
4.348457205269344  755.3309146544323  -15.898985573221402
