41.60084985320822  744.8465233033942  18.26797339053887
38.385900036045264  745.8154774462378  18.18185329442507
34.93545215767057  746.9303400689578  18.11596459502996
31.191460298470464  748.1975540294371  18.02256799971753
27.13633643510638  749.6518159284146  17.89211340969951
22.681494347562612  751.3010438470552  17.743939742426367
17.93364348435691  753.1788139150127  17.616090442662305
12.882453952895865  755.3153297236097  17.436053711191956
7.73165793979903  757.7555434304412  17.248592350712208
2.4979813949650995  760.5315746055668  17.067596113336542
-0.03879646005255988  763.6444131902107  14.415862123166175
-0.9768754422544561  766.8551031081051  10.208853444196148
-0.9390341237058781  770.4765917572416  4.238240850637879
-2.4509495332810958  774.5363182614458  -0.15386917880637974
-4.963066461166111  779.3101201153213  -3.9486075809337047
-7.967567002557514  784.5477583040407  -7.051016917717485
-11.578538195370633  790.2699039432694  -10.107270422827943
-15.842302414510154  796.5765490476648  -13.046437281205955
-20.51986682586069  803.5508299589677  -15.958309422686433
-25.606096612433138  811.3285601711581  -18.79466251567144
-31.139676256341517  819.9509639281376  -21.620728132513655
-37.18462503806451  829.3863071311498  -24.297586909363176
-43.728565643401254  839.5841912796348  -26.93995178268008
-49.681817297012635  850.475621558631  -29.37735709536435
-55.55525423090663  862.037169258589  -31.507985179449086
-61.43601955821582  874.2098241445178  -33.95460176242129
-67.8418452209501  886.9522904215653  -36.93878109115975
-74.27099074381081  900.2377633328672  -40.05605255138432
-80.608620881362  914.0059210895212  -42.74237052247235
-86.73602507940566  928.2316072808826  -44.923040825860845
-92.69827268546805  942.8589107836692  -47.063521469162325
-98.59165932637458  957.8573491135631  -48.76170418250495
-104.20547608955265  973.137818950063  -50.464332506423105
-109.49587050777036  988.6735759022124  -51.75104890705295
-114.44590358607141  1004.4212702537989  -54.00965622075053
-119.32329464940464  1020.4653531254133  -56.14894421542424
-123.9455623948967  1036.7077959181313  -58.563298402456965
-128.21489465346198  1053.1751142687024  -59.97448641432597
-132.11990009895064  1069.6914011835324  -61.76366208250133
-135.84951129784818  1086.3116418436973  -63.26818526068237
-140.36392726182027  1102.9477882924346  -65.09559909379885
-144.67474696337223  1119.6984551883122  -66.54719589109568
-148.44163315943163  1136.4963000970852  -68.07490923342553
-151.30621266017786  1153.5065483256328  -69.38860463268796
-153.6803003240813  1170.5219042183953  -71.6766425764613
-157.1638526242354  1187.6174120152325  -73.66872886593367
-159.60394013047483  1204.4422899805822  -76.00650968120053
-162.3780039443314  1221.2606693296161  -76.17940563933863
-163.77848200142822  1237.7954654836824  -75.56354375257776
-165.7150465235767  1254.2217176284387  -74.76706548631398
-167.1839071007597  1270.211919304694  -74.68977977192057
-168.8663906864483  1285.8052452158768  -75.45857963516893
-170.26939851900653  1300.7899146202885  -76.45548181691498
-171.58467727687605  1315.2527327816226  -75.37998049536203
-172.78209577932464  1329.185466193865  -75.09471993196006
-174.0499955453019  1342.6135347645434  -74.18098547204082
-175.29266035086968  1355.4206241970244  -74.83736392674335
-176.38174843392235  1367.536971569668  -74.88185189678391
-177.24074717328682  1378.9328661883405  -75.03106879739252
-178.20053716033817  1389.6419828641801  -75.63880946795884
-179.04683858296485  1399.7228599479695  -76.14696041386495
-179.84890521267275  1409.2521130958976  -76.62163215659294
-180.3795445703981  1418.2022367082568  -77.22077324782413
-180.8012465874576  1426.5281948505803  -77.96068701045418
-181.15882526422894  1434.1185234333602  -78.29606178708688
-181.34765127721528  1441.0436785045079  -78.9735748269779
-181.42148661399656  1447.3124183240752  -79.44564750361701
-181.36021178916207  1453.0189689775975  -80.57528548449503
-181.30401269150758  1458.1094230112649  -81.20127873282887
-181.14373345451378  1462.6342515313504  -82.12219487000071
-180.92879260329937  1466.5733175435992  -82.73847552880244
-186.45816870655992  1469.4741036734858  -83.42932252278051
-189.86589068688033  1472.0568612171623  -83.87832735330095
-198.09846578347012  1473.789183684608  -79.72119181346419
-198.01406066215293  1475.8284404875258  -77.46220085479361
-204.9288375592016  1476.8856324664227  -71.19237618101772
-204.57369492673627  1478.226574761463  -71.64785748910712
-211.06788095328176  1478.697660112304  -66.45045559817922
-209.98857423609365  1479.5380169566185  -67.22003362292962
-215.33877254242742  1479.524368356831  -62.18589784618311
-221.1753470987508  1479.1844774069004  -56.577750700575535
-230.86554795183895  1478.130860807663  -47.88633178700463
-237.98382753529904  1477.0034104550396  -41.711702709984
-241.60795913930127  1475.8674917478816  -38.8055162473971
-245.7097145178272  1474.3151010967895  -35.75054224342429
-249.73582652256465  1472.3599551892844  -32.92461162120444
-247.47978857944764  1470.3611586620825  -30.630558087845557
-246.45363784735187  1468.6015708938846  -28.847287176231927
-245.62780185608503  1465.5472284487403  -27.413065078262917
-251.34491303552673  1461.6466892863475  -25.943104728996136
-254.63082202016108  1456.7474503100425  -24.67332085219262
-256.33301666732154  1452.201712200137  -24.043764412316143
-257.4089064283057  1447.195143892394  -23.60185584349997
-258.326620625925  1441.458990517208  -23.778572020658473
-259.359894222155  1436.216642025766  -18.467070060332915
-259.4606474954835  1431.5556986181934  -15.806660187687518
-259.45340036739884  1424.9841796567125  -13.465859835093127
-259.5226170799085  1416.9186068387844  -17.012455216065252
-259.66466778635885  1407.307202207083  -19.21931273919841
-259.6218927439131  1399.8346911683175  -20.814068754797155
-259.50291537163287  1391.2536598111365  -22.039290966605183
-258.9623740124015  1382.016942460254  -22.84929118896989
-258.08291384302686  1371.581662810697  -24.346262108204485
-256.83495875091666  1362.334757307186  -26.02630209472189
-255.5817712152364  1352.306901694699  -27.419694514162323
-254.30752664915175  1342.4545280104965  -28.43676948408297
-252.85059993384164  1330.7844240354166  -32.89876636126769
-241.9754144240216  1320.1605092323118  -41.288203132804924
-229.43209637164603  1308.6143025350138  -50.675543948379975
-215.5820148242372  1297.3653081884922  -57.56135124258723
-209.78861902536232  1285.038884000216  -61.101437396140355
-203.9922436973886  1272.3254284989312  -64.38957307264752
-197.69152791783196  1259.4967665568706  -67.01333278656999
-191.61954147955828  1246.5483362224406  -69.16185330579064
-186.2360052430473  1233.5159904333689  -70.68554197546698
-181.67222029539857  1220.3865132139783  -71.83793212957693
-177.1136898291531  1207.2528043656987  -72.7950397212565
-172.5786493456237  1194.2748388490445  -73.62184942733262
-168.2511782740976  1181.4036978855663  -74.07186344492796
-164.207710373415  1168.649655593457  -74.35826421232012
-160.303689764711  1155.9917137384682  -74.44625261692677
-156.49420969837507  1143.5462388040294  -74.5658778653455
-152.6871071820278  1131.3357306088208  -74.54462788335663
-148.63966691157833  1119.3291420787928  -74.41456681535962
-144.88838674126342  1107.442435102946  -74.09737617416359
-141.21442066224444  1095.7132325416321  -73.731509669394
-137.9268720244361  1084.1681223920277  -73.0588369259524
-134.09775106519376  1072.8016828405275  -72.44812318352828
-130.64544342558952  1061.5188081194908  -71.35340122104975
-126.8790292398409  1050.2797901245779  -70.197574021761
-123.66583830216308  1039.126710752282  -68.91093187771068
-119.80778125715293  1028.1401730286132  -67.76477277875027
-116.49064103624252  1017.3735568581862  -66.30849576035
-113.19355928262362  1006.7406511103936  -64.60724664495271
-109.70821026475286  996.2349102342564  -62.83926782294058
-106.08932301786689  985.8618689979664  -61.23683723558804
-102.03997010732984  975.677050028677  -59.547743467822706
-98.66473246360196  965.6372534036849  -57.35104555395675
-94.9581848920219  955.7075167218723  -55.1787724656576
-91.35809559319668  945.9466436733071  -52.75056469324571
-87.23747088425216  936.4327503531886  -50.812238427033854
-83.34750686755031  927.2121780225913  -48.662715700964576
-79.24868383757787  918.2426377718306  -46.82672748010731
-75.39762588432487  909.5159658178486  -44.838176345876136
-71.21470063336274  901.0532919548458  -43.18088795590345
-67.22331588838348  892.932154240038  -41.677546551235665
-63.042457888899904  885.1678122258943  -40.47798094176089
-59.1630262665686  877.7537602513071  -39.458065596860436
-55.133534570192445  870.6353568112419  -38.62551692395457
-51.1315481559259  863.791711935416  -38.122760746214375
-47.09634059624629  857.2163256829872  -37.72561009500324
-43.04487480972914  850.8805883633559  -37.60135466297419
-39.1492814248328  844.7691528805385  -37.487115753125856
-35.07030956961583  838.8565157091923  -37.65259914765903
-31.173446682043746  833.2072643214362  -37.80586655062209
-27.274787572808474  827.8544458696888  -38.193247151173054
-23.54121899862875  822.8369121430264  -38.60800665819428
-22.7080944991162  818.3598619904853  -36.71973668884679
-23.716089353089124  814.4031306292286  -33.330953890186905
-26.136186044617038  810.8102099942333  -28.87429128769039
-26.88214863673557  807.3213813283328  -25.914798569667674
-27.17175722503896  803.9025007606633  -23.53358968565138
-27.301586105996485  800.6651393378679  -21.21489870939602
-27.216105670684644  797.6135590062906  -19.131646409620924
-26.600291585384085  794.7478888034234  -17.2724401733783
-25.666893402979966  792.0512811545723  -15.867266282526787
-24.602206123760514  789.5239648828522  -14.571361027102927
-23.525599236100714  787.1483278981259  -13.470500478768745
-22.32741300236374  784.939763968158  -12.468923516932522
-21.08390879382363  782.8688233383915  -11.656362251342564
-19.81282769487857  780.9526089052624  -10.921089309086145
-18.587183356365898  779.1802273740986  -10.278061017655089
-17.27940144794157  777.5627289355044  -9.688403608759266
