54.50613737666252  741.7056466462776  55.47002216657033
51.83915115990285  742.7374134160544  54.27624258419047
48.939224041313715  743.9210406473563  52.91601680737929
45.77078991305258  745.2779680165074  51.57277382744202
42.294797841032185  746.8517366427192  50.14651990264599
38.40290216649548  748.6898381711145  48.6005726610285
34.167446577724604  750.819784611719  46.84468134783578
29.651037917452324  753.2408310111771  44.99420181829146
24.905570339469644  755.9623973066548  43.166740944655466
19.87454670527178  759.0630572179231  41.22906908430715
14.53613302580173  762.6088347898234  39.36097385701479
8.882525445715013  766.7441981171621  37.22466125651308
2.9961566792138123  771.5548135553425  34.92579124509774
-3.1498497255660025  777.1002263733633  32.30991567344853
-9.540974358695458  783.3449425067018  29.708481764547663
-16.259885991691363  790.2551731677992  26.963954599577725
-23.314104493878  797.8023842150461  24.386642779898096
-30.578868736327124  805.9610862272816  21.906178401571218
-38.18966553826974  814.6781128112739  19.695743571130407
-45.84783438985771  823.9453986160128  17.57971051459064
-53.937307518752995  833.7129143796767  15.775371705221012
-58.829394147135694  843.9931582811615  11.339445144988924
-61.92022232254291  854.952246289426  3.7766927718752736
-63.43210538019488  866.5340987971939  -4.579856584961718
-66.58877329793552  878.7471795454339  -10.865130806035733
-70.75789294269524  891.3860009116116  -14.752724721114031
-75.15665351131302  904.5210529781035  -18.85780339940591
-80.1982851818352  918.1282660652212  -23.458158467455263
-84.73059628924675  932.1639672871956  -28.079438122371585
-88.70094890287822  946.5727158484458  -32.46753231454782
-92.73235460349605  961.2796628863223  -36.03983356561182
-97.62987481109616  976.2322956331611  -39.15614845242405
-103.18651872356905  991.3844509650432  -41.855500209051314
-108.55332791628578  1006.705686577521  -44.466790739250825
-113.39917936966567  1022.1885389888117  -46.90110528511073
-118.0055369280141  1037.7776418813576  -49.220665406431095
-122.30211596857885  1053.442714255737  -51.55152776153351
-126.74843236326419  1069.0609290835587  -53.65079086267218
-131.20406406822607  1084.6248013483732  -55.6705172881248
-135.2795298372186  1100.1029031947296  -57.02300440360904
-138.6941017706627  1115.5035362204694  -58.580288754358826
-141.7575211259938  1130.8514105128584  -59.91837590331854
-145.2948555206707  1146.0757475449986  -61.00507741127605
-148.91626279034648  1161.1650373526786  -61.816321224968725
-152.63108763061155  1176.1143668532168  -62.60746814285546
-155.82999360478564  1190.9493123105278  -63.63800488565189
-158.72886258405103  1205.5826593217853  -64.43977238350882
-161.3340840163082  1220.0999279229009  -64.74494669353261
-163.73241382826288  1234.3687004701387  -65.19933216631469
-165.9078902080024  1248.655345859821  -65.12736015898294
-167.77758365517627  1262.6580807356468  -66.20909459849887
-169.4377299114751  1276.5874142887865  -66.38430578135474
-170.93460082740313  1290.1362211596615  -67.37447231546048
-172.32788855379  1303.481582814257  -66.76931138538897
-173.62361101948085  1316.4281181072715  -67.702343408867
-174.80246862091568  1329.097164638203  -68.44642081314939
-175.9627898666331  1341.3690251260223  -69.9312182852932
-177.13534673602783  1353.274876480677  -70.45287625844176
-178.15266747460592  1364.661258395804  -71.43483239389255
-179.0331935897079  1375.5057928434971  -72.1188978949555
-179.7285585984863  1385.7373521855254  -73.07326833071654
-180.41963609568262  1395.3772131289409  -72.71147152041245
-180.96889812431382  1404.3785741293057  -72.91538579980235
-181.50549829784956  1412.7248988353842  -72.90264930497241
-181.86524574450505  1420.3601288903315  -73.23657838760741
-182.0828303888547  1427.2746458961858  -72.87389532418891
-182.15511967515073  1433.4334826100185  -72.49562676087294
-182.24650027883425  1438.9252162951532  -72.5222613221805
-182.29484679814928  1443.7880715658841  -72.64919769997778
-182.19992286068674  1448.0457056571965  -72.94672578060343
-182.03756312520946  1451.6785965030547  -72.79672322035293
-181.8993472172538  1454.7348028289134  -73.13644990268594
-181.8233662850167  1457.2907053562753  -73.09206351806883
-181.7433764107895  1459.3648352389155  -73.59465121638299
-181.5791419873695  1461.0113181980446  -73.67848980534771
-181.32113000320484  1462.2506572656505  -74.14405269564779
-180.98477211295426  1463.215552360975  -74.09864488616316
-180.64237084991686  1463.8823335524826  -74.44119451214955
-180.26873392052937  1464.2558620770087  -74.57709907543551
-179.89438110924686  1464.3505779317704  -75.31796383983003
-179.52975349948153  1464.151097898486  -75.77491704764678
-179.43373518651612  1463.7797029775902  -76.2158212558999
-179.19656119571135  1463.0848718046673  -76.46031432174362
-178.8013424889357  1462.0936765861902  -76.82810280915808
-178.20301730998645  1460.5769408998383  -77.52305615648099
-177.65181433507888  1458.5418862708466  -78.40962044886618
-177.30378037702854  1455.7941348173915  -78.8039161240186
-176.9506572758426  1452.3624887973667  -79.42321085753343
-176.30537928585898  1448.1718659214544  -79.24150098700716
-176.09419701047443  1443.308589588362  -79.37434541548829
-175.6121458792854  1437.5593081744278  -79.16581190098921
-175.90122990043625  1431.0503484123751  -79.21512699656708
-175.4191861299247  1423.6721376117484  -79.12827882438565
-175.57428975621622  1415.685818713546  -78.68282630461717
-175.1030635747765  1406.8538628125573  -78.46939683650592
-175.24613065019705  1397.379521965582  -78.47767401413311
-174.67555249900244  1387.1379611894763  -77.98967871577612
-173.93265211093257  1376.398687786614  -78.02052796192724
-172.51577125211327  1364.988031558472  -78.65209772911994
-171.04327376087775  1353.0146581640877  -79.95180696968279
-169.7994050341404  1340.331032583029  -80.74229048632989
-168.40796058213328  1326.9340214102099  -81.2230757953545
-166.13202659252465  1312.7582914378015  -81.7435754303018
-163.64364277772367  1297.9591168942  -82.24389811384862
-161.25070171842498  1282.724690061166  -82.3826421619397
-159.30156021311836  1267.339669048301  -82.44731287347182
-156.96810273549062  1251.8023236064598  -82.61544629686455
-158.44305425466032  1236.207923880991  -79.1427966095533
-158.0412589624272  1220.0780279363896  -76.99912863195974
-156.93601286051518  1204.6085293166636  -76.22994519672363
-150.80513675327646  1189.3519967236007  -79.10291382607163
-146.59417882079623  1174.7237001830133  -80.42298475764662
-143.09088020645945  1159.6364597550823  -79.98311294024435
-143.69082657543433  1144.6117142393437  -79.77129973158074
-142.09176783956022  1129.553537527213  -79.90385005653337
-138.10675971194084  1115.0895510535315  -80.25199878900959
-134.3282138317739  1100.854582844773  -79.99216990937683
-134.4597857081461  1086.6533594274931  -76.52336749084311
-134.3728043646069  1072.1254493865442  -74.16293359091794
-132.45734682262852  1057.7572100299444  -69.5050963389601
-129.80548681269954  1043.8562828427857  -64.87063368676344
-130.6107836963881  1030.2750518164426  -57.91075714273267
-130.3036415700899  1016.9388254379012  -52.31758590627715
-128.95390437314538  1004.0592649392022  -48.79326233320641
-126.77578915936893  991.6618118832845  -45.208774050992474
-124.09639695146149  979.717060864952  -41.81592126499651
-121.20391321880672  968.1264243677226  -38.51130458727565
-117.95263815910906  956.8713371866327  -35.60885351784353
-114.10867623273644  946.0252586552242  -33.102709406789316
-109.94458434018532  935.655580369727  -30.778054165987186
-105.58445398778737  925.7004489305322  -28.526482055361527
-101.04273161732812  916.1084686887297  -26.330514466657156
-96.3586217921433  906.8099529788557  -24.006870701579842
-91.37641649627257  897.8513187028836  -21.884369799546878
-86.32304740421458  889.226926208841  -19.690482236141573
-81.20182991221823  880.9174856887304  -17.80868621991087
-76.00163152777209  872.884714033505  -15.85776022797954
-70.60411739157759  865.1287959516019  -13.984741785644838
-65.04230709150688  857.6832425731953  -11.959997598652963
-59.36243029091116  850.5656818069842  -9.932813311041224
-53.678137401748245  843.7865812567521  -8.058433007903679
-47.9811282129395  837.3106957027549  -6.034589928902779
-42.35799881108542  831.129360911411  -3.964240166518185
-36.70650768852391  825.2022727813871  -1.6901114266273538
-31.05515602565103  819.5278065574112  0.5145694448758475
-25.382376704993515  814.0857859012145  2.7356423643654812
-19.827694667899173  808.8579039817724  4.955019410899126
-14.460435337269132  803.8188100166496  7.318572828374364
-9.264777928042093  798.9815899048044  9.662766077735933
-4.198947582981868  794.3356182952314  12.141203765781345
0.7382288473517771  789.9280485124591  14.281523680894532
5.520759791394939  785.7322013388646  16.475153220460662
10.003837348806703  781.8064697585012  18.328725946655855
14.484095559566182  778.1161472262327  20.19712683644104
18.838672370517216  774.7270656414112  21.81840018127918
22.8748359897046  771.5831528096837  23.295624483216407
26.562236257498704  768.6437958468367  24.668082146006643
29.964014190761677  765.8185276603333  25.828818292949894
33.401216921006046  763.1925986480622  26.917590851861647
36.68268871618603  760.8360300757909  27.804101916289223
39.93429863439463  758.7720181300883  28.57545872691548
43.04590596498088  756.9434025451388  29.273222054252862
46.16784717841615  755.2880208824266  29.90128854278364
49.21193142687297  753.7598887851884  30.710690199012856
52.251587240106346  752.3264475523292  31.526276179906755
55.10630455559637  751.0015372368964  32.34488733785895
57.962677795746586  749.7889646252473  32.95371353922688
60.7660307745923  748.6490361352611  33.73593334984864
63.59667622411432  747.5828267918655  34.52985732573176
66.31455819876949  746.5846927927  35.533049341571626
69.04205244360239  745.6990034477462  36.34439923677973
71.61140417960314  744.9382992241025  37.15826972414483
73.7717494775852  744.3103835489594  37.753156872259574
75.45532669045933  743.8060707256717  38.18528275006094
76.64888724875246  743.3670755923974  38.435408678102085
77.35374988000031  742.9879681298597  38.57251322016839
