41.56037971347831  739.3874151596779  28.07283861788724
37.90840547679312  740.5612455208402  26.158000044870438
33.814450424925866  742.1289834147512  24.115433252202692
29.351659622403435  744.1178741654325  21.79300982249598
24.553843670992833  746.5198603353917  19.47161930471668
19.483749338574196  749.3572610745117  17.01481968027163
13.97340691671118  752.6907655638659  14.696319834319677
8.00955887170094  756.548619319244  12.355176933000832
1.4373938025478212  760.9390213073058  10.1061123806006
-5.523386924934129  765.87674095004  7.818538754113678
-12.783690124425  771.418312276871  5.619831085288302
-20.2408484322999  777.5985611771658  3.6048340984153864
-27.91180797592628  784.3881293788284  1.75210123142735
-35.87745758187968  791.7011856362764  0.12894138123066456
-44.07860375493312  799.5107974273977  -1.3504457311905773
-49.229554046183  807.8576069870675  -2.7476759668536093
-52.34935350515275  816.8301563258422  -9.492640498371347
-54.03742606113435  826.4997082194266  -16.960654447969688
-57.37131225928536  836.8835443245013  -25.011014657894318
-61.77940525021107  847.9954229105296  -28.41430866278494
-66.35908714024582  859.8099485959209  -32.07825602923423
-71.50509465200368  872.3357262970276  -36.12064228703182
-75.93323042036003  885.5897450434259  -40.86254738561438
-80.48169621526324  899.6025346464256  -45.47673200281996
-85.42283045976049  914.3377546866662  -49.97185204593566
-90.98621173595414  929.7230299086832  -53.61648059382951
-96.6095360604177  945.7074113227786  -57.61981753940392
-101.98152373646944  962.2451719509975  -60.89485419595043
-107.52039102598312  979.320350314444  -64.51598842224243
-112.71759037732309  996.8004397729462  -66.01803209967024
-117.54687536701843  1014.6505629087313  -68.35116560638706
-122.04263332090147  1032.713767033737  -69.91597110795675
-126.76098110346194  1050.906823997607  -72.41767367902587
-131.48855827433601  1069.1379930034332  -74.1699828019103
-135.74359855538012  1087.3576108395569  -75.90988984936877
-139.41880895263725  1105.6355072228832  -77.85869681808109
-142.5515381508396  1123.8528002621522  -79.71742890704284
-145.5777268795819  1141.992454415704  -80.82376844442862
-148.3844994765969  1159.945708217966  -82.65109457135395
-150.87943712687945  1177.7315976197829  -84.0244062456594
-153.0111325733169  1195.373820967311  -86.76626070925825
-154.87839365090184  1212.7848726853645  -88.12025284018662
-156.58894308840962  1229.965831738266  -90.50573227909524
-158.2080044895131  1246.872116403586  -93.01502453186606
-159.5811082411276  1263.5370924267888  -96.06970997614883
-160.79873494290862  1279.9981417776646  -97.70086316706937
-161.8868552391076  1296.2933943789587  -98.70927503679576
-162.78076356263333  1312.292584590658  -99.9532128113719
-169.19849830941126  1328.050128697207  -97.53171637790649
-181.84197378689854  1342.6978302339098  -89.82132954616155
-196.07911885511987  1357.0246849597997  -80.30422624241314
-206.2506380941463  1370.9909278575667  -73.60505025183112
-212.05403220102616  1385.2627570423929  -69.39470509121053
-218.13797953082528  1399.2637660988596  -64.33752884494035
-224.291729996002  1412.947170774066  -58.78584690331958
-229.10402030338997  1426.3517883415855  -54.150074947964335
-232.7306073594237  1439.5190887643087  -50.17640694240824
-235.43501508008336  1452.2214901276516  -46.29113515373038
-238.1002421587155  1464.590856763309  -42.427703286545366
-240.8942812372018  1476.3335430963652  -38.69469521674599
-243.32514451735176  1487.5647208866524  -35.321764005924294
-239.53753691909702  1498.1608124547856  -32.29832082566928
-237.5380396765562  1508.0854529160956  -29.268943886076915
-236.17721915736527  1517.3820482646506  -26.95566332762023
-235.05708136032152  1525.9157722023183  -18.90643057025459
-233.73482516477395  1533.5321508405627  -13.730298220693163
-233.86997383945175  1540.0494795848015  -9.61231505066427
-239.55002650137106  1545.4812442260536  -12.835568466288644
-242.95638825291041  1550.0994681397983  -13.908371170065113
-243.72501313985356  1553.6513331241915  -14.020355497245724
-238.9145914872951  1556.9054907394259  -8.019896738119616
-236.68729321511023  1558.4965801017838  -4.837476615297921
-235.57395173081758  1558.7147051664067  -4.693081310877128
-240.93449800949838  1557.098381533951  -9.972340791450687
-237.69083204157187  1555.6497613332199  -7.2531980566238845
-235.60767393553667  1554.5231023593487  -4.446762782796155
-233.7188770540668  1550.5390538118386  -3.1341292415057227
-238.96445003393643  1544.6137255255956  -8.848992132281698
-241.88981669682627  1536.4665655704941  -12.040341016207268
-243.58107309524226  1528.943038575062  -13.71181434117684
-244.95948197695105  1520.1845107302925  -14.316717814245958
-246.58030610712785  1510.1293867766603  -16.395148661927184
-248.0727853637605  1499.2924283972632  -19.94457258947987
-249.2205322799885  1488.4491537562217  -23.394147959129644
-245.04212422788376  1476.3428647794374  -29.473710483244936
-237.70680968196396  1464.1521555549846  -38.70199300100345
-227.56059142634058  1450.695811158071  -49.011371774348135
-220.01720896624215  1437.6792017057471  -57.770556600900754
-214.0625272290524  1423.4337233693077  -62.458665039828375
-208.01269550393536  1408.6557445709436  -68.3506505186657
-203.00891925719182  1393.316117044882  -72.68461144496831
-198.2235547509703  1377.723312231119  -77.83272521140142
-194.567834229049  1361.95528736525  -80.86362030900183
-191.00304254314983  1346.1049855726878  -83.04179510063946
-187.62363328553707  1330.1475433481103  -84.01474095980336
-184.43196300823726  1314.2555181952562  -84.74839562822682
-181.52809347711792  1298.413755839053  -84.91684627613411
-178.6668158178864  1282.5598237900447  -84.62778465922571
-175.72584164149103  1266.693428343144  -83.95310095300367
-172.84372777878372  1250.884883689451  -83.7361481220492
-169.86407834043953  1235.3729137321186  -82.80090048607993
-166.9514246319648  1220.1069256742264  -81.74179626518657
-163.8854535263207  1204.9144594036231  -80.41173491225564
-160.194570739875  1189.7268013553203  -79.87533685013437
-156.36410812717295  1174.6825479818424  -79.18491497790072
-152.4403394207216  1159.9528185183913  -78.29608128019466
-148.99350080575692  1145.4367691166754  -77.273821129459
-145.30662907748086  1130.9832370469817  -76.32780223749305
-141.8123760213759  1116.6100217524013  -75.37740087189772
-138.63091168156353  1102.5233993020365  -74.44131037461814
-135.07821087586234  1088.8496807170607  -73.59296036170781
-131.74293980775496  1075.5396584918944  -72.61189805939696
-127.8351246830047  1062.5384496637969  -71.37976367563921
-124.38411413369518  1049.8995137408988  -70.01266523040748
-120.59503152273508  1037.7159952394609  -68.68862346272121
-116.93356537788154  1025.977134731639  -67.46386197373408
-113.30491294063393  1014.6172577334613  -66.18280105023736
-109.41696458224382  1003.5469213886571  -64.71008067409242
-105.6306998196487  992.7256391042647  -63.27762717389906
-101.65128553039288  982.1524847746855  -61.625542791835514
-97.7139459063501  971.8040847165885  -60.116017457974806
-93.60913884740869  961.6700984647072  -58.453613893504894
-89.47117508575553  951.7318523061128  -56.922652748913336
-88.4024232736945  941.9974449207949  -55.39466313326595
-89.23557451795021  932.3900181478612  -48.29424343943681
-91.31568242264487  922.9453248195081  -40.63937235663697
-91.28412000280672  913.651961082373  -32.29156851896974
-90.52362783473149  904.6220189095812  -28.73149558590285
-89.27274727210346  895.7962059850147  -24.86845256677654
-87.4218241312796  887.1479698680423  -20.662111308465366
-84.62799808294577  878.579941333065  -16.731039717093932
-81.10644541548339  870.0470408972595  -13.043742124651056
-77.09491859206797  861.5702321241204  -9.799651962861219
-72.63405856173502  853.1979350259378  -6.4479786599810165
-67.72418397293896  844.9911436560533  -3.1205609716315736
-62.435924578146384  836.9791903795544  0.15172769547264942
-56.77337764004647  829.2061015103657  3.4617299970434727
-50.889826543116854  821.707830337004  6.867884512255289
-44.67388081199797  814.5300101136145  10.368006946644853
-38.26549210253083  807.6980832495742  13.771703397473086
-31.675075768729815  801.248319448764  17.16233119361117
-25.06592639255274  795.1953305824153  20.54391100587848
-18.578372727366023  789.5311904664215  23.86854225698286
-12.135987350397173  784.1886367325988  27.15478785007381
-5.806637792697073  779.2119550599718  30.404578088002424
0.7940973710321462  774.5876952862715  33.91056004931859
7.217875388502392  770.4456872659599  37.240140031282024
13.597568236134283  766.645083101403  40.63697353445746
19.540669606571825  763.1874171807756  43.72831919414179
25.250023351192944  759.9563959867977  46.832705237150286
30.7017958691792  757.0348823526509  49.667140130793776
35.82287843144758  754.4285669859484  52.29078664097817
40.73852656181573  752.142035700947  54.66148746719019
45.20299522752591  750.1136572758899  56.797390208781785
49.52359330514517  748.3396985377792  58.761853710611774
53.5022440493892  746.820571356652  60.44991714479446
57.27838282191544  745.551061232152  61.912783271544555
60.62016974572393  744.4683080129274  63.11209010036534
63.624631893712454  743.5363145519251  64.20569911701223
66.23635647698578  742.7317192114294  65.08203751179104
68.46981387346585  742.0273961706357  65.88818112756346
70.37681510147543  741.4117458348837  66.45479188322207
72.01102694892043  740.8745876602251  66.98129540108802
73.40777809931998  740.4187338661374  67.37937929805334
