74.22770863750571  748.697311871947  34.386853466561455
69.64567641904654  749.8345516629548  32.22671394103871
64.52378873625784  751.2212293341091  29.86661794938718
58.94250003631674  752.9106138241541  27.471355351993054
52.991200808071  754.9840580335956  24.766624164723147
46.57924469214972  757.468974340845  22.04560938421294
39.78763205898022  760.4009958994574  19.139568948919383
32.61308686397194  763.8406589290202  16.23801352490446
25.055821392436208  767.825750128384  13.318373096844123
17.20977357695114  772.4517021664128  10.195419814950508
9.122228323061154  777.782963933015  7.178105058728929
0.8690670269250802  783.9020138820363  3.9880472555434263
-7.489867102081812  790.8330461298585  0.7432377188714314
-16.047917347838528  798.5840282799634  -2.748213506882698
-24.66752556537287  807.1957767989107  -6.24232595734855
-33.44818558316337  816.705697377973  -10.068483928885932
-42.392009821441434  827.1719615585928  -13.94488455233779
-51.24766330248725  838.5866162681624  -18.07157727832294
-60.332028452537934  850.8833612854503  -21.926902902972238
-65.90952177812537  863.9499866611362  -25.784756452483435
-69.46260627346942  877.6366228939143  -35.15322576437529
-71.25572646913267  892.012934833407  -45.18809174381146
-74.48735447978157  906.9946364927588  -56.43538726774567
-77.69970553319338  922.5198002708332  -63.155396766423515
-80.97674380890031  938.4848588940063  -70.02072724935492
-85.27060419555967  954.8840816731149  -76.35230234896386
-89.83931181082096  971.736076520515  -81.55238692203741
-93.963856853532  988.8606067314035  -86.14998256931567
-97.0653946502508  1006.1129905112341  -90.21569948201193
-100.79683828988297  1023.4154517912842  -93.56740544646047
-104.8969688500058  1040.7317509034438  -96.99832303359867
-109.28476943181157  1057.9053220572353  -99.608567650428
-113.0641816344354  1074.936715249325  -103.05872563210184
-116.55904160704833  1091.6808913140653  -106.32912445245013
-120.06353497664799  1108.2435789144192  -109.7533855425049
-123.96258081249363  1124.598969804811  -108.10491241388544
-127.39769293280462  1140.328022167482  -107.87797002392129
-130.35336868292876  1156.2337846812627  -108.47862103935796
-132.1428928452404  1171.891018360255  -114.30023009026499
-139.4077558906394  1187.8031092410288  -113.41120829499184
-144.43666682520086  1202.8838755318548  -113.5041611390527
-148.6791686119455  1218.1622637477353  -113.7305694640736
-146.95272983941624  1233.4096314452672  -118.23974469878013
-152.13379524276624  1248.8364997907677  -120.4740281874579
-156.31199692185152  1263.3867474695817  -120.78327571523202
-159.5433139904503  1278.0549272481508  -121.56674802557454
-156.5404247445049  1292.5767337126879  -122.76097638638976
-160.807184815274  1307.1135924583068  -119.7924647516793
-163.77286008935587  1320.7323750849368  -119.41340788329168
-171.85311288267957  1334.3318469967082  -114.76826303277092
-165.7284327840331  1347.4755844375989  -112.41580885371327
-162.70906596135592  1360.62914158628  -110.4742914103556
-155.66937402752478  1373.2318550704788  -114.05088557741384
-156.72048102280615  1385.6937503970005  -122.43096702438066
-156.37566843636242  1397.5945348110083  -127.56138321389179
-160.62299215401032  1408.7388582877957  -126.86049763496939
-162.89277426275746  1419.0450925190703  -126.79544092012642
-170.37548764418264  1428.996786385669  -122.32650089009779
-170.00660614313986  1438.0386153000682  -125.10081031980826
-176.53232330661908  1446.8840734129512  -121.38802792704921
-175.41567217711992  1454.4239782381944  -124.27211567635013
-181.392386935868  1461.4589744819943  -120.97467688660086
-179.8275877729365  1467.5441972273597  -123.7141530474492
-184.96159054049556  1473.172823582571  -120.95400333713766
-182.90939121589744  1478.2397183678836  -124.09164959931361
-187.54750476742348  1482.4898052372503  -121.69245687585155
-185.13972637264453  1486.1660117371323  -124.99910262204168
-183.91186506795816  1489.0852679565244  -129.0168853582589
-177.26654670310242  1491.4810830476702  -136.65142628175363
-178.6558247100616  1493.0674248558075  -137.9158340921524
-179.02440751514877  1493.658136604298  -137.97045852875726
-184.65323020236445  1493.645415525179  -135.18587942287047
-176.42234679045444  1494.0008097486848  -133.26996252297405
-177.27216131045398  1493.4072868477049  -127.82901829356348
-172.54989403871664  1491.3971123227093  -127.72618723253971
-180.70220759347038  1487.894067006072  -128.28918918758814
-187.31724361107308  1484.0531989312938  -127.47201551994199
-196.53991329106793  1480.028409357058  -122.20040853207593
-198.17669560559776  1476.046178058105  -117.94479222071365
-198.19432770499074  1472.8005394594052  -115.66202883660742
-199.978695194525  1466.8679678514918  -113.49600891211588
-206.65386903528182  1459.2906367071691  -110.92966244018186
-205.5247499086204  1449.8074164291536  -112.10727871146184
-204.66404520847072  1442.0069048131654  -112.07850412451009
-199.03378802015797  1433.1741081575483  -116.08814412029716
-200.95968386521793  1423.7808667448162  -114.41761328466463
-203.12507969514826  1413.2283166064817  -112.31745044060818
-208.20393777567844  1402.3207765938957  -107.264035432849
-211.21449588308417  1390.8336716144886  -103.98595386286614
-211.58276768616085  1378.893692464654  -102.38240376766066
-213.3684332694112  1366.556828003042  -99.60368741108107
-214.58963100743537  1353.6061356603202  -100.27794055188312
-205.47018070272125  1340.56518804205  -105.36400587829249
-194.3271198186016  1327.1578769730695  -112.28026918397293
-181.55318906054129  1313.4729151428921  -116.38070272411127
-177.23239673233886  1299.3027179776718  -118.0885197811676
-171.54625466520477  1284.8073167245007  -119.71805117117843
-165.10594074742596  1270.2927143575228  -122.23821867046534
-159.10976450301405  1255.637792646957  -123.11366523042446
-154.2325869635656  1241.090944606193  -123.69249596669965
-149.98474107644367  1226.2324107891056  -123.4671595751482
-145.36848161945676  1211.355334890535  -123.62021615095827
-140.86618811373825  1196.4141246612892  -123.462015699212
-136.5725696595273  1181.7227634492601  -122.33120657780532
-132.47796280409145  1167.2212972995478  -120.99197674622793
-128.4629472841572  1152.8866038862172  -119.43085934366897
-124.54176618512136  1138.620515523356  -118.23175431473408
-120.05918425582944  1124.4163631024587  -116.97130283520603
-115.59891777359084  1110.391855407605  -115.8225974772053
-114.76460078784879  1096.622929402398  -111.37353733963029
-113.07619291081846  1083.2107334152543  -108.11092478880559
-114.2593126766511  1069.887119606384  -101.87296153194767
-113.56860801934234  1056.8483151167625  -97.18625946534937
-115.73671438040645  1043.9221553685506  -89.24693541911728
-116.2792475265709  1031.3142291136687  -82.99805722435629
-115.93624933766117  1018.8250378275775  -77.58491655369701
-114.9767481253915  1006.5820308791178  -73.06188689930846
-113.37676967367153  994.6105185382097  -68.66614669522855
-111.1425575054627  982.8436827158905  -64.36326034896345
-108.31695427109473  971.196771134308  -60.38356634019422
-104.8312613641602  959.6521388868879  -56.65433885467396
-101.09715274247259  948.3247865193018  -53.065118892296084
-96.81220294460772  937.3051434743247  -49.705688516419535
-92.22420060347474  926.5748890913392  -46.66008924406841
-87.21699324072624  916.0597073882702  -43.64584435595653
-82.1409109869302  905.7487194200155  -40.35409173292682
-76.55770843977643  895.7154244866564  -37.05130746770842
-70.72692277693942  886.0468967325758  -33.89173478963496
-64.65638500598088  876.7356908898572  -31.032152823786895
-58.70768680629415  867.7239636146719  -27.945191433751706
-52.641084626990136  858.9726893929721  -24.7009524684761
-46.39017345699764  850.5299818895918  -21.30899451041976
-40.16395428415028  842.4668903149586  -17.95360669075868
-33.92367749755164  834.7644357627565  -14.455762653399141
-27.80852797149798  827.3986101218688  -10.955088057100673
-21.64835004214846  820.3538596852685  -7.259991797519292
-15.553511194043246  813.7080347218055  -3.7076135886496937
-9.714655373673953  807.5023675758322  -0.1680482234284355
-4.14347050986441  801.7231947334413  3.1636907099878457
1.1993411135964935  796.3399371047769  6.367452755411219
6.550268249233304  791.3962029776405  9.530291231975205
11.942205660656024  786.907180889187  12.789702860662018
17.24885889249343  782.9206841601097  15.932823666825982
22.304594925764356  779.3242349831444  19.174362528107782
26.99530323021795  776.1247200143573  22.06959800537277
31.408488369795634  773.2178466280548  24.98328578661797
35.608625509865924  770.6108370843565  27.432527105948317
39.56676086601716  768.1777228587528  30.030613011609102
43.288316612707625  765.9335639460833  32.495402179706986
46.83006457357554  763.8857925664506  34.7337570111569
50.21207186649523  762.0939566354623  36.573109511879906
53.450230303582686  760.4865741363882  38.079813790037655
56.49586277779728  759.0477962678922  39.506172500548814
59.36411689176979  757.7237654440346  40.675114311666285
61.993490301652564  756.5877168812785  41.66035926566119
64.4495361426622  755.551967420632  42.47133179747423
66.80361967718306  754.6267237687782  43.13900858317352
69.0398389738831  753.779922472827  43.67177818231551
71.21526324839384  753.0479444984438  44.11678545503635
73.19320441797184  752.442160005245  44.37079462920761
