30.32912550238823  750.794587320745  45.62073375122215
26.9663090582486  751.4940187551879  44.7460517659589
23.034129887924085  752.5931462637359  43.5462264486137
18.636161192326057  754.0949797655774  42.07390804660649
13.774194853754231  756.0326648635516  40.25791346964501
8.67253992433015  758.4267421210998  38.295590435255775
3.223049989572892  761.2841964711441  36.171649395759985
-2.5242822690115747  764.6274386856387  33.97760634948512
-8.64500603862853  768.4877889883766  31.611508212094044
-14.885637692497852  772.9063401412265  29.01400160777999
-21.240138010779365  777.8651608009357  26.356492250046863
-27.629693002668056  783.4163281359151  23.646974164395747
-34.279800501698176  789.6308395940116  20.900094685475217
-38.076355718284  796.6135197075582  18.00729456247398
-43.26840858449093  804.341546047456  15.044737361271475
-45.977613149115065  812.9312592857347  11.98249795545791
-50.09264101796953  822.2569690963344  3.5696630836342935
-51.75625382066346  832.3520454663868  -5.61384574396089
-54.53521790740912  843.1164424504336  -15.518266847640405
-58.25207151698726  854.6426615432931  -21.0239688989047
-61.682722051518056  866.9465309802729  -27.087881806426722
-65.74376016431842  880.0037211920901  -33.660421651662304
-69.32342380761204  893.7722539540596  -40.22687386857438
-73.25902393098062  908.1929125150186  -46.265892884151064
-77.62458618392705  923.2692625230919  -50.968541638714896
-82.26558401729453  939.0068538955666  -55.87890729369117
-87.25222226301658  955.3166130099784  -60.25721782334922
-91.73130377535385  972.2052494872144  -64.87460759481009
-96.07526377132157  989.6534489288587  -68.72721137308955
-100.0290612513642  1007.7203659805887  -72.45872421545687
-103.49682188479385  1026.2468164127758  -75.42691335004962
-107.37798536823126  1045.158286727427  -78.91755001334441
-111.15883325638309  1064.184020942108  -81.86826224021881
-115.00070194151175  1083.3577048739699  -86.2518599849574
-118.04607421278553  1102.4124118671089  -88.73543764347214
-120.91879895796318  1121.5948926029237  -92.44344973798967
-123.54761859210933  1140.585627126692  -90.66086093199
-125.8275571200941  1159.2034571766003  -91.9281419945746
-133.41619854055796  1178.0047742059116  -87.64666706274602
-138.55062827168877  1196.2659453724045  -90.27138030940809
-148.23348635717664  1215.1445995605663  -86.23939757361931
-154.97430607114086  1232.900450430272  -84.54939533105764
-166.85469559976977  1250.8190783432194  -78.54025927193231
-176.31487095660424  1267.8035184890468  -75.00995268959761
-183.88640340704754  1284.7507115244387  -72.41602658445187
-190.0495271739674  1301.1765197934428  -69.72996096258234
-194.94144508856624  1316.9911848225524  -67.64649118307773
-199.97131387199437  1332.2547891215875  -65.28471450051774
-203.85373560914746  1346.7622779688834  -63.58717107205967
-207.31369779227788  1360.700310403863  -61.97957794799242
-210.06647039121293  1373.8397727637912  -60.643525219997485
-212.45036321524364  1386.2497793850848  -59.469330115455634
-214.3272641920158  1397.7772787054014  -58.26327541950286
-216.0646223374872  1408.562752403378  -57.063061034376005
-217.69200520977967  1418.4804242076898  -55.809031779665546
-219.2040321525924  1427.617113433168  -54.6218419461247
-220.35134788057732  1435.8811935168403  -53.533176786890586
-221.23089393249407  1443.4164702833098  -52.42959987081996
-222.02793600942886  1450.1724504805484  -51.38111142723459
-217.29019314810904  1456.2383002401946  -50.33659460134192
-214.57534914040022  1461.5015284942576  -49.449449704051474
-214.0300850138762  1466.007039751894  -48.708267423792314
-219.05130715553855  1469.7691955312755  -48.118977503405034
-221.85832130841914  1472.8925549372711  -47.70614433247817
-222.1332613457929  1475.3723773693614  -47.28669207063361
-222.85573205800338  1477.2144870105076  -46.85929687929508
-224.10300367270378  1478.3391068250387  -46.37692996370053
-225.68789288005723  1478.7713777091817  -45.96756553118905
-226.76416390812204  1478.41530048142  -45.397439847162055
-222.01537860808492  1478.2391811744387  -44.583750098997534
-219.55184545337144  1476.9901066500734  -43.77502735254303
-218.09729259654245  1474.7160466050193  -42.83559634919902
-222.48433019639728  1470.8823640775167  -42.32060464738633
-224.91201267343976  1466.7413748735585  -41.08650197441099
-226.15665830035448  1462.1825841725754  -40.38592139656711
-222.25695615251317  1456.8947970473425  -39.751384058763314
-220.52730311490586  1451.4600458470015  -39.66596889704085
-214.7344628672013  1444.7954957522495  -43.248497653021076
-210.9929855448018  1438.234549711591  -50.90440840372541
-202.53851270059707  1430.682696566345  -59.19644389488971
-196.3717828990649  1423.4364106155663  -64.97061698843004
-191.60616044160258  1415.1274623115942  -66.98870460463837
-187.1681289355647  1406.3150268696681  -70.11387925558807
-183.33198223317262  1396.9879682593455  -72.30882336215895
-179.67864777625022  1387.2444330778148  -74.39348331008814
-176.73560341070686  1377.1293751417488  -75.34343967448794
-174.16708159966214  1366.6310832075217  -76.82295066649517
-171.66812236941956  1355.7007108195123  -77.45131787735228
-169.29097029865142  1344.3795713132426  -78.02773447069781
-166.8003925568363  1332.6463966949802  -77.56236380457766
-164.5205887794095  1320.4354296471258  -78.11520627654511
-162.30348445049736  1307.5542614602978  -78.16493268188039
-159.40196855685176  1294.0516462418948  -78.07966217599103
-156.63797245528076  1280.0860631696928  -75.62936802191463
-153.62212241235946  1265.8535746517489  -73.20707324511359
-151.57173223804983  1251.383259396345  -70.49514473768059
-149.4803670453799  1236.6805006149975  -69.27338920157253
-147.44066768224022  1221.877230509335  -67.37825040715904
-145.35949960416377  1207.040528542765  -65.19378649855504
-143.21448924777414  1192.325211714399  -63.4007548393851
-140.934750727201  1177.8412788472303  -62.16586986679404
-138.16058366334488  1163.661506278591  -61.595104132933216
-134.6329782405905  1149.83211948654  -60.4780616243533
-131.54877893538426  1136.2480931086907  -59.186377307752586
-128.15138885178683  1122.9584011794313  -58.021112221402284
-124.97880630228843  1109.9631748625604  -56.99762417540443
-121.33525949917434  1097.3001493644767  -56.35663063585574
-117.83363147865303  1084.9103547502125  -55.47020715965854
-114.72254113341086  1072.7165904081717  -54.73447951954045
-111.1784340331642  1060.6898725706067  -53.89735124913892
-107.52086255583637  1048.7874839945036  -53.26018185416851
-103.42468533752987  1036.9665838859964  -52.422630677295274
-99.41808756732429  1025.2070582011863  -51.50857043247522
-98.8777443909082  1013.550713632558  -50.3209450915773
-100.13754176684537  1001.8925202856063  -43.34535515058191
-102.78415584293052  990.3896162499813  -35.51650547576228
-99.78900480850479  978.997341531916  -29.682400034711492
-97.09486520722041  967.9195412376561  -27.51593395751352
-94.62186295712928  956.9264716172147  -23.642868185643312
-95.23130886286788  946.1870576152968  -16.569278216151567
-94.32021794127692  935.6956735315081  -10.78442460872277
-92.00062642427335  925.577245691699  -6.656690875342832
-89.31234167409599  915.7492837116719  -2.69876510542175
-86.12730385745543  906.2094365209239  1.4156375010897206
-82.9216424699962  896.9558196338875  5.587910586931351
-79.04421754588724  887.9349236362112  9.380706312316715
-74.84007912146352  879.1098298992991  12.93925705244665
-70.1796848336123  870.4867816752492  16.336274168420335
-65.26630460355184  862.0972501706964  19.595015452650596
-59.94192082181389  853.999728126918  22.677404071595706
-54.423068615791095  846.1944716885469  25.882786882178753
-48.71548249952908  838.7348376950887  29.173240828411505
-43.00405084678727  831.6556536695623  32.38814567540711
-37.41167869843415  824.9659901688515  35.44775461378046
-31.941373797794434  818.6477276686207  38.28750713392169
-26.514937907292005  812.6141988613336  41.19794889171244
-20.976061843729617  806.858439757932  43.96332389290415
-15.485754674254686  801.3671237657876  46.89517365096574
-9.97358674018811  796.1983837778157  49.79604827291057
-4.641827870407357  791.3655154789362  52.61627285530183
0.5198101205160297  786.8505089552256  55.47260594547434
5.612616623992032  782.6785914669622  57.99230607719458
10.650122307457238  778.8208854305909  60.61311097523088
15.729943555171229  775.2918543886913  62.92552601576402
20.737679592091148  772.0405757150507  65.3164861086207
25.69925152490346  769.0996344945651  67.40208839028556
30.58494745045189  766.4174114369825  69.38224944588697
35.363283428759374  764.030432683235  71.27598636697351
40.04812906892214  761.8810648398155  73.16495366594134
44.670709633141  759.9927123962061  74.88189249721351
49.14443338827223  758.2872169813506  76.48854367078762
53.65389387119333  756.7920472921987  77.87595045585036
58.00421979878601  755.5078830241008  79.1546125820958
62.29149384503934  754.399447441709  80.22867748398609
66.41461919205399  753.4194840169457  81.33209889874168
67.28358113691812  752.8097935945381  79.70240429268269
64.47791673049885  752.4573097336865  76.33948279229458
60.232531837912035  752.3044123826223  70.9124440218501
60.342528467802794  751.7692340993127  69.9258846080694
63.96432042064823  750.9454164940132  72.63269645170482
68.1875453242225  750.0831294598967  76.86222102082519
70.45843872263555  749.4258027711915  79.204388736843
72.38817784665264  748.9758106508796  79.67126135491156
74.56088947274522  748.4881529344117  80.95906489654425
76.722733723363  748.015017788799  82.5195451826036
78.44081588620237  747.5683467006472  83.84636077396594
79.76707401894984  747.176181355741  84.67600161810854
