88.222387205034  735.8632850987268  15.930815454248123
85.95571291879537  735.8003077502906  16.03173481019826
83.47352330705314  735.8194542632075  16.171958114609755
80.53816013157102  735.9662910505584  16.125704857465003
77.43113302058204  736.2721661596411  16.033305940930664
73.96171469787946  736.751058040303  15.863831268090014
70.31911863448512  737.440674658  15.710203268381225
66.34867134894635  738.3185405214638  15.475402743684581
62.228087354182996  739.4201738037458  15.142961197318934
57.8068855070095  740.7244728978942  14.773337177300677
53.14744231781293  742.3075274901759  14.337469081846928
48.10770927030462  744.17762742141  13.838119808566542
42.848746349782054  746.3828365168363  13.280805357339709
37.20019438738652  748.9096272662578  12.6986086465466
31.30697991653695  751.8018251990717  12.180249677700058
24.952741842727885  755.0815892367189  11.72292399649998
18.386074245842252  758.8101194550368  11.287446385831611
11.44874146778446  762.9915622092402  10.851138657989743
7.089905457534758  767.6555441707906  10.367846120570999
1.289349391303288  772.5499700338573  9.98035432982405
-2.357036899350919  778.2484706382055  7.175203742589549
-7.424394017110769  784.3837720633913  1.695854423350744
-9.744849849979897  791.4633661394356  -4.491076521959364
-13.583186039700443  799.02292538071  -9.002758925703002
-18.389796676854843  807.51346553195  -11.596552181487253
-23.83752356037461  816.8056537192117  -14.319860120401167
-29.90248376800257  826.9248428543374  -17.117438009525003
-35.51718373686404  837.9413229532055  -19.464139829259473
-42.14097397272457  849.8762175549268  -21.696857187984488
-47.719653339352575  862.7213103267039  -23.385513568425928
-53.7345420471648  876.4088509260482  -25.372929103121383
-59.25573385801357  890.8586755769029  -26.86677378162547
-65.35250611926494  905.9756321672235  -28.712577593470062
-71.38181791706505  921.7049833189756  -29.967910234162396
-76.75717016010762  937.8813527894816  -32.02494795001764
-81.655176262702  954.4879243473289  -33.32965154025811
-86.09128616464415  971.340758524989  -35.985761616170954
-90.52140520297296  988.4959313934997  -37.80654229362452
-95.39057571343648  1005.7190312967844  -40.25733435521151
-100.6324673129829  1023.0470247940104  -40.9950729198765
-105.93650758209232  1040.2839212945767  -42.294944128375775
-110.8523946220161  1057.5551459129824  -42.96334462052395
-115.2612475541876  1074.7096443364817  -44.0139350803848
-119.53934347308943  1091.8131209543544  -44.0856702208882
-123.46701631804603  1108.7147196615506  -44.941424225176966
-127.08197181867892  1125.516444019993  -45.72893258637912
-130.24610672325227  1142.1276968606703  -46.876244617649334
-133.10002761090678  1158.6652282291311  -46.85374197929991
-135.88269699299667  1175.0052387157125  -47.39480102266925
-138.6927980579851  1191.2818284358823  -47.48322465089434
-141.34059452547746  1207.4070295326737  -48.68332715561025
-143.6031229888273  1223.5073152217587  -48.97647626501477
-145.24916877202415  1239.4530425168948  -50.51849586506075
-146.87417829216383  1255.2845193028654  -51.10575767284352
-147.92472376705973  1270.9205418762594  -52.55096760264663
-149.15437901194403  1286.4726685563064  -52.562299583381325
-149.79030933837737  1301.8468859342606  -53.50889600523555
-150.39356731957116  1317.1229572733234  -53.75645134445456
-150.4782851067645  1332.1342841178769  -55.07572884022449
-150.5115755679646  1346.8740797197531  -56.129766391569966
-150.53760204307767  1361.22649695019  -57.64158390042701
-150.4402605469694  1375.2116379994254  -58.424743145178546
-150.16779444804342  1388.8110445075713  -59.52415201523182
-150.12064471410247  1402.004155411852  -59.838233630328986
-150.45404279001968  1414.7495268235991  -59.72715672909205
-150.64452806777658  1426.2165327115797  -59.0155776462823
-150.27811319586394  1437.9615746817535  -58.799699333264215
-149.40070790197575  1449.2450667670444  -59.32161510677492
-148.54778645871733  1460.8323820494786  -59.7474878682178
-153.51001542679415  1470.644054129182  -55.351851116703905
-164.86661888139096  1479.42130754238  -48.3059970495304
-177.81253460809276  1487.56195439623  -38.466616087436414
-186.81367197212137  1495.4324206105393  -32.239027606707936
-191.4408074808896  1502.8840523409763  -27.172596897324553
-196.6885676086611  1509.4787361274134  -23.4144746884629
-201.89423319389448  1515.1814463771923  -19.683850591182775
-206.00822498295742  1520.116801231544  -16.355862583889326
-209.1034306548155  1524.1991133359584  -13.923329384070936
-211.80088174015222  1527.5776249266355  -11.842676706553812
-214.65415414756006  1530.0393464998428  -10.27273311411372
-211.36398777742244  1531.9795165463966  -9.03049970419507
-209.86354475661344  1533.4444378175474  -8.386768180509108
-203.11450418144545  1533.4136548907977  -8.065609998680332
-199.23830747383667  1532.9360725851525  -12.216592881756505
-189.69266678429722  1531.2199410424673  -21.36770811615684
-182.6217807857644  1529.4345528602955  -32.30288665391223
-176.95398487274466  1526.1802948995326  -39.82460141637688
-172.64094988726106  1522.0412270347806  -43.431356695860345
-179.314624350488  1516.4600485527785  -37.58410276675785
-187.36560521006942  1509.7848205487317  -30.85522551925801
-192.19885845079094  1502.2980679870147  -26.59050429683316
-191.34641050266924  1495.1787698778548  -28.491349319542028
-186.77791487828483  1486.7181417501452  -32.58081912860955
-191.02380483810032  1478.1142310895657  -30.51454787453914
-188.17349644202062  1467.3977914066638  -33.40372892142977
-186.6186229924989  1457.5436877639056  -37.99755557115436
-179.23492328677486  1446.545627736017  -45.70204912392107
-179.53030787306932  1435.7549974682872  -50.606643764956736
-179.43165724155799  1423.007879433055  -52.260611157000135
-183.6886642607402  1410.2171479759909  -54.55244550480776
-185.63152297245514  1396.299692547157  -52.986538496480016
-192.0333145324497  1382.5667181450633  -46.69475463714572
-196.45449296940905  1367.6843169461943  -38.589315963798796
-199.8039233720765  1352.9391068809327  -32.76658724490405
-201.9968916383913  1337.7599103119173  -33.26641081839204
-203.81282943559773  1323.0464306039082  -31.34775393884008
-205.25657836849055  1307.4360228610021  -32.081218116010085
-205.43239197299565  1292.4165234504944  -28.22072654930563
-204.78567872344397  1276.076086763532  -29.454891477962736
-195.20424814236492  1261.0225467488567  -31.227338210220072
-184.41941020536163  1245.3097263034742  -35.37100411076108
-172.3278678015821  1230.16731326592  -38.35704749553245
-166.9840314807185  1214.5220870665348  -39.06213963672275
-160.9781207941839  1198.7693325185396  -40.51694031952489
-154.17308480302637  1183.0288007379158  -41.24072426065765
-147.55799063560906  1167.1181199865482  -42.0657265599311
-141.21917943939  1151.3029691969323  -42.23084306920235
-135.223802019116  1135.5189386883087  -42.22968299247359
-129.37723146141565  1119.7644451410306  -42.1442780252237
-123.22386816981962  1103.927296718842  -42.13897111343605
-116.7991137156688  1088.0887849664578  -42.025302782533345
-110.38091835067624  1072.3811318389462  -41.98596615410864
-104.26696083958704  1056.8782034191981  -41.63043208659691
-102.1873259421459  1041.5499302605594  -41.387256660862334
-101.7861105022372  1026.3023359005003  -35.09450694656716
-102.74707923128938  1011.3424507982077  -28.140383303833545
-101.85341492074195  996.7659040271765  -20.455759168996074
-100.13559774200019  982.7204518007052  -17.742432327107004
-97.89234329230182  969.1456090983936  -14.720649419670766
-94.7949768360713  956.0246439531229  -11.389968883271818
-91.26890700280056  943.4035887097007  -8.400300747234901
-87.34763322423946  931.2181659486373  -5.984970066722569
-83.15325576217667  919.5623111888199  -4.219366954719632
-78.50937776469873  908.4265136123345  -2.6447017175462104
-73.64760057374835  897.8337129265768  -1.2359784219681418
-68.49566454095797  887.6795452982585  -0.08810636977393171
-63.229112233227646  877.9418023718283  0.8351547274086893
-57.85449535935116  868.5356294247273  1.5981272704250968
-52.413826683997975  859.4996629542158  2.322232467318188
-46.87353417391038  850.8084491219508  2.876447124801238
-41.26990313643064  842.5373386463725  3.3902783228349103
-35.48902179586472  834.6242465648868  3.726061768004765
-29.64489295369436  827.0783045890192  4.16827920237615
-23.785080890487258  819.8339252345556  4.501232452268469
-17.993756081298415  812.9632905195981  4.935771079586472
-12.237438232221924  806.4712856943041  5.271446207284237
-6.483588994195836  800.4306903252955  5.619985667254465
-0.7474057689872238  794.8173070453466  6.088296198117709
4.970778379101168  789.6375211023875  6.660542463063919
10.683454412799723  784.8444968358665  7.379733451913349
16.31658559956199  780.4149788754  8.02688224845421
21.835221328534978  776.318965523037  8.626102066100456
27.239411868876328  772.5624636727548  9.153434740956204
32.51545332360927  769.1051032511808  10.081879683811017
37.74904706667279  765.96347851978  11.205471023904405
42.77100914840692  763.1765624802691  12.530233970403286
47.798436842012535  760.7195191808778  13.56707818564692
52.52401203119723  758.5595596381079  14.661023075590231
57.14603455148734  756.611082883777  15.770897492419483
61.3211848299721  754.9096865878515  16.774224905995542
65.25762030038452  753.4217888463605  17.729695860006935
68.73782319438172  752.0872283921218  18.46414851808239
71.88065611342785  750.8963845435272  19.24991614557432
74.58292437370669  749.8126001567048  19.888700947291085
77.01446285148411  748.8587160658208  20.559466832275035
79.1120801041731  747.9832472505669  21.31036854962247
80.96949707964669  747.2031458010927  22.04421012410566
82.5595386903048  746.5170342272141  22.76789313735857
83.91992001241444  745.935642312675  23.263728292581604
85.0576890922529  745.4426800821711  23.680345460742917
85.93331849734898  745.043654334215  23.8071312268014
86.55757992149599  744.736289594671  23.78151190519877
86.99160227672715  744.5159588188683  23.62167425283541
87.16666097502994  744.365738142825  23.527417517270013
87.26567422035687  744.2703601215937  23.338128607856063
