80.13812481897824  733.4276148222401  -14.794535411359416
78.49516806283492  733.9682837013088  -14.701357193867365
76.43423336661606  734.6660398617428  -14.708587130854319
74.10313360383535  735.4972188781351  -14.775571344668837
71.20930070197079  736.4914933227572  -14.833199502678639
67.97408981927941  737.6798338232729  -14.87569894792857
64.30430769431707  739.1125874484021  -14.947839702499717
60.351791148252325  740.8397841667886  -15.13437657857876
56.055147620956866  742.8958259549194  -15.430121822044315
51.47098274809706  745.3195105895176  -15.974940506716251
46.417063253862835  748.1593539978626  -16.53967781972095
40.935533058185776  751.4674640196863  -17.219340241195
34.97103899441936  755.2737385910967  -17.890904933531907
28.601276387690238  759.6200028941353  -18.871890852901053
21.80977098353191  764.5410500115372  -19.928268544258145
14.54816024721126  770.1112749392898  -21.033641173950883
6.7803775838798135  776.4118325569681  -22.003547843229622
-1.2403531004084307  783.5376148741284  -17.80625985598395
-9.593745362261902  790.6083269095074  -15.676755002540457
-18.101497706005922  799.3694136614289  -15.864756771245382
-23.854197417198147  808.9438578676654  -21.022870737118787
-27.807257250249325  819.9789669837123  -29.76923590126478
-30.405328542015468  831.0417537870553  -36.89210878351917
-34.58071184721634  842.9689336511711  -45.542337524461075
-39.759011032835645  856.1057819938791  -49.52631315220114
-45.189762136189366  870.0119905354354  -54.319308168570615
-51.26014197606327  884.6105683689067  -58.40982676937709
-57.46885331679001  899.8376072920561  -63.00030852632864
-63.07222728863683  915.6059452301812  -66.81183413089857
-68.74800521881438  931.9578466775574  -70.46874715006263
-74.69481274206173  948.7062072630172  -73.100189683975
-81.00747381779578  965.8669843539649  -75.9468179529904
-86.46060654801235  983.296836352097  -78.53594051573697
-91.62193070191513  1001.0030399846022  -81.11761609681048
-96.48299612857491  1018.9459768289048  -82.9110993212482
-101.95907874229499  1037.0452430978232  -84.84391064449576
-106.36020949232415  1055.181585077174  -86.55924866548554
-110.87571645164019  1073.2637601675751  -88.2835644657901
-114.79317893959366  1091.1381506445098  -89.34279425266811
-118.7280562193035  1108.7998269769982  -90.45844404371098
-122.32086373064456  1126.2311582455102  -87.3359542590188
-125.47318435418825  1142.936735138971  -86.28757427333419
-128.30975996192126  1159.9483913966956  -80.91789356806528
-140.9856604007064  1176.1913453003356  -77.21186606522468
-154.9296880833455  1192.7713821323139  -70.15163072148175
-164.94639206635074  1208.5760390267285  -69.73143745854684
-163.514217483314  1225.2777366243806  -72.01562387215972
-159.21341412445474  1241.907499310057  -75.9879102048254
-159.12103339477142  1258.379025299227  -77.29596847582667
-159.47698939402954  1274.1904727990884  -75.27250324785504
-159.87945393286503  1289.106484132435  -75.34499867302671
-164.31281885367935  1304.4572897706485  -72.36815337952419
-166.57936136872502  1318.822196413932  -74.5029731577885
-167.06616164925882  1334.0418960519164  -76.75275504253389
-162.14919299356973  1348.2437298960026  -82.1063709961848
-159.22963734976224  1362.7125120331166  -85.78366265613226
-158.68444652687438  1376.2455780207022  -87.03073109152047
-163.46271186102376  1389.3925140519586  -88.52342543051999
-171.5046947350611  1401.5050287567121  -80.96452721461142
-176.0963640270364  1413.0178703448114  -77.39624404862113
-179.93976673434474  1424.5914004009123  -69.83603686767566
-183.62999982148006  1435.5475114468868  -68.66442080036859
-194.06249632705578  1446.0409781251599  -61.078084013974596
-201.31606305718478  1455.2838736343103  -55.16033058690642
-206.78354155838772  1464.6477292440102  -50.27018097719329
-210.67295999980664  1473.39278660641  -46.08046415576482
-214.64706103298934  1481.5223348820973  -42.355264004275966
-218.512123996928  1488.8858378114985  -38.38093690476439
-221.41173620566204  1495.4619452722907  -35.32535401611311
-223.72847722422173  1501.1589229770384  -32.802731663513946
-225.69574543245096  1505.9235378186668  -31.155249046179023
-227.5831436115315  1509.8497942201989  -29.4165989934183
-229.0807064338493  1512.8804453874614  -28.47225116002985
-230.4081076759645  1515.0986057094572  -27.470155150922405
-231.15139770350223  1516.2367382641028  -27.60297114726575
-232.02876081028734  1516.608677674986  -27.59701438498082
-232.84586679501683  1515.854357657026  -27.877149546471667
-233.92258672420255  1514.1727280866294  -28.10269273767365
-234.86678933862166  1511.4633509240252  -28.49750037091429
-235.75503704645385  1507.883444075846  -29.089949023413276
-230.8152957143228  1503.383582302314  -29.376610507931712
-222.3636735148272  1498.53690788073  -39.709222773300574
-209.89686060480352  1492.9089641586932  -51.52083505165419
-201.40102046487863  1486.600606167701  -64.40196659090175
-194.41257529316078  1479.0668130731603  -69.26774205590019
-189.12694382399914  1470.8141216978247  -73.11020871621105
-189.10755858770867  1461.9853641222637  -76.44801324224596
-187.48796047181884  1451.7792211524554  -78.81265067586415
-184.57002170519576  1441.4896907766758  -81.66586134764039
-177.1104418602354  1430.3914888527975  -86.73911906723272
-171.56553455611973  1419.416398325252  -91.50433913114928
-168.8301577726348  1407.3871829036807  -95.69801105801656
-165.95722767075057  1394.9239227513578  -97.5076820349879
-168.05540419561703  1381.5582354512205  -91.71619032987836
-175.0399926319197  1367.6249660355386  -84.91439989015811
-178.4550764783802  1353.1537881833815  -80.53234577427378
-180.7631410936628  1339.0601494156474  -80.67361005778935
-175.25223900879126  1324.241970229643  -83.45017665932343
-177.32861167604642  1309.4510136644287  -80.37973060064664
-173.49392011110007  1293.4922609410798  -82.01911362863329
-175.03148854599763  1277.9843728042724  -79.207532593013
-170.02813192944976  1261.5780083818838  -81.26896456889057
-170.31195234642314  1245.5468157526634  -78.46486119454579
-164.92992104487715  1228.617746443041  -79.92023779233237
-164.27778823160597  1211.9537380403676  -77.27492189423499
-158.10534100448172  1194.7885976777784  -78.23058865390614
-152.95641531569845  1177.965600786967  -78.03702833725325
-144.02308659835455  1160.880837337602  -80.03192464616633
-140.53425630953348  1143.9402275357195  -77.79490174655277
-136.06738499495927  1126.9246126723044  -76.44545788779726
-135.06919037162842  1110.2283970012963  -72.60442964797599
-132.03215943314677  1093.8125006667362  -70.17238202772647
-131.91818170564034  1077.7874306517074  -64.82315880428148
-130.40547906280102  1062.0470310659703  -63.647254731668816
-127.78147776633449  1046.5630452572518  -62.02667437111978
-124.77142854244389  1031.6040305803701  -59.105499851570215
-120.88882468879582  1017.0652747777546  -53.56762452453707
-116.94742709575195  1003.1004477916317  -49.34585003539716
-112.55686239451589  989.4756824341223  -46.804567939286635
-107.87435481098025  976.3355976051413  -44.21939621523886
-102.79043806656097  963.6856066486275  -41.430624383253736
-97.50087750707561  951.4490424071596  -38.74014469971418
-91.80581185936059  939.5064233608355  -36.08301834661132
-86.02019895481168  927.7540365569859  -33.59140719801309
-79.84698689984864  916.2588833223438  -30.8096377303539
-73.61063341095719  905.139006536994  -28.184424919743275
-67.13194695400672  894.3947152730399  -25.47118088680447
-60.478362134873095  883.9612218812749  -23.126092460190755
-53.47521829431216  873.7526666963298  -20.56900823688819
-46.16171907424973  863.8481567137478  -18.03993415424758
-38.65395347104986  854.2887971376733  -15.39875009723428
-31.002726228561446  845.1627372127582  -12.990207744420658
-23.082581275380786  836.469478705223  -10.563925764122681
-14.886384417944246  828.3235745582165  -8.303006824614174
-6.523059058398257  820.7577680409524  -5.956873648079923
1.8021168185831744  813.7680882068528  -3.968818022308965
9.985113729787304  807.2460333405003  -1.6330779254432999
17.957682974580898  801.1795366064682  0.3496088144288698
25.649594255826113  795.5648000941238  2.4675569867478133
33.049420090047406  790.4770482861121  4.258433463168062
39.98266798360311  785.815557066757  6.2997297895740605
46.453882379230606  781.6178069242451  8.449521078559439
52.31047208541102  777.8206173722133  10.367909141559782
57.731758599264786  774.4874337179314  11.968260369951146
62.649957017194616  771.5094804209074  13.206382230351561
67.21801350808802  768.8869831877569  14.387879513749498
71.29006269864863  766.5181839528818  15.542367104271428
75.04929523857588  764.4442773314613  16.640437169985425
78.44069038272148  762.5664948263673  17.71929536103863
81.69732085565357  760.9150612149218  18.748299359924566
84.66706708546094  759.4147200641737  19.71043650112119
87.46472453263256  758.0637946737256  20.589094062042655
89.92357226188055  756.8320735138312  21.304445494264055
92.29029438979363  755.7488105366275  22.170059691048888
94.41987489067765  754.74480375041  22.90393874792517
96.56536914505566  753.840597817346  23.852933304237744
98.465803152505  752.9580200364926  24.781420748377315
