34.18721098295816  749.896959651242  -25.08587781238856
32.69755454132697  749.8490962925416  -25.021211029566942
30.59378865173779  750.2184603649495  -15.23041992340617
27.9539636656964  750.2727347153508  -8.918535728293474
24.733285310498733  751.8709779903737  -6.51983659238268
20.960574731527256  754.1159173768073  -13.495071698254728
16.68254296259839  757.1294333425028  -16.699114371488
11.87252787775732  759.800061723748  -15.48908691422813
6.5101114560097635  763.0067018935978  -15.379316538080877
0.5183307922989329  766.8781265408786  -15.9980937643043
-5.9640733974760405  771.3141901096917  -17.145704473294504
-12.785714538601454  776.3750867013023  -17.562049913924476
-19.850277351251435  782.0511458711522  -17.775743403604036
-27.336416129877527  788.4821063895778  -18.290567402276025
-34.94916170311344  795.7055819515753  -19.000913291550418
-42.82452676503999  803.7547363779124  -19.948674435581182
-50.644950685985485  812.66721216144  -20.850154430867015
-59.01830395440849  822.4625915939573  -21.960464745484835
-67.03649890480311  833.1670385593079  -23.16639503821994
-71.72843925166882  844.7017600805241  -24.579307992712923
-77.42507407023824  857.0038160966427  -26.09367233035824
-80.14641517088802  870.008561061484  -27.599994192205365
-84.48162307525084  883.7659696739895  -32.436027912372666
-85.78145726223113  898.3119156839934  -40.96053393323364
-88.51182561940962  913.5806178245792  -50.03909417011035
-91.60226757162724  929.497657542586  -57.328050879785025
-94.63735233742587  945.896477723329  -62.18297941721338
-98.10784073324308  962.7983298060595  -67.67472230471438
-102.17486419049212  980.1271498225684  -68.50279428344459
-106.88141443152475  997.5656165898903  -69.75039472956472
-110.93980584553911  1015.6593914355541  -71.61014181512151
-114.33310891102812  1034.0297706721751  -77.97042200235107
-117.39610410772839  1052.976857290781  -82.94459954814954
-120.82486171703907  1071.8683982263713  -86.27980982857893
-123.90257937660743  1090.9510292768464  -89.01535145922072
-126.43940561974277  1110.149018362716  -92.05810620667773
-128.72000559151823  1129.2259467286112  -95.66450050562226
-130.6301964265795  1148.242131235666  -99.22120219353116
-132.78335171643587  1167.0530904787763  -101.96200002420386
-134.81140515386045  1185.7819520103271  -104.13164129865696
-136.9078896260171  1204.173492352012  -101.22505827858649
-138.5253551268014  1221.687501600674  -100.20902141257508
-139.9886691312118  1239.1312959596821  -98.97332108844421
-141.37802321929084  1256.176704050184  -102.00534270030832
-142.7352377821477  1273.2146182466101  -103.00096078482139
-144.16190936068358  1289.4690265261454  -103.61668490809193
-145.60500682751692  1305.205043297912  -104.30680573678012
-146.94931891510635  1320.7237985100667  -105.07744565230574
-148.11179013809317  1335.6925238288648  -105.61323622278843
-144.09360025294345  1350.2020263012  -105.48410666309843
-141.85376956179294  1364.0351773080235  -105.80065364788308
-141.6059108369316  1377.3814461557583  -107.01896474035699
-146.01795771310844  1390.2549715129892  -98.5171784908041
-148.45874637535871  1402.4098181383545  -94.13455515811637
-148.7045996550169  1414.2851674270405  -90.26978755628237
-149.36581770527607  1425.8350600677707  -97.79600504293037
-150.61167966071147  1437.140745412739  -90.68307577981128
-152.26626951368397  1446.6187828198617  -82.26334712849305
-158.7276934887559  1454.7108654832207  -71.65806739570418
-161.98378687793056  1461.6183339013292  -69.47394417540264
-163.95307434329476  1470.7737172106154  -70.95467981529269
-159.8205414230471  1480.2887181034707  -77.06492247433799
-157.35631101833906  1489.8637521898124  -85.15343056115383
-161.2328833939209  1496.1055858610557  -90.24564492773642
-171.64200463206654  1500.5040384082852  -98.12056024424044
-178.39268622633355  1505.1687952216548  -93.58884437784516
-174.6285964617134  1511.0891924730347  -92.37404132316422
-165.2451852165467  1517.9252767692303  -86.40342124176749
-160.44394511632262  1523.3218048416577  -93.4064114205942
-165.81935158162287  1526.315235339233  -91.99616452907642
-176.3798480753174  1527.2875599556014  -96.04674683811842
-181.82415705644038  1528.3697117973445  -87.78348215737134
-179.89976963078126  1530.6187110878832  -88.22604439250661
-171.88287205756058  1533.100740377715  -72.01729110177867
-174.1719257377153  1534.253244819722  -77.86706759464158
-175.82516391347687  1534.473721004783  -79.46853874419465
-181.79754784637183  1534.863516135931  -96.00175161563288
-186.94241638261326  1531.9217291782543  -105.19714098950496
-196.20050207034222  1528.0194064395507  -117.84214274503793
-198.02694824381496  1523.78544594728  -111.13041085339945
-190.2045560570774  1522.654117963225  -103.84029396222122
-181.26907507502747  1521.0328410205302  -84.03997506759956
-175.95774972860943  1518.061112881105  -83.43515953815788
-174.82703889685894  1514.5530014689614  -80.66209356377075
-172.70040475017353  1510.8818399101376  -87.40910133798735
-170.11285618846836  1506.8881391554946  -87.78505798449835
-167.9591702673922  1501.7897543045285  -88.11569271775173
-166.26999044768777  1495.8579184650284  -79.19293440839576
-164.9017096781976  1488.7644816630186  -75.97695700936299
-163.6255769633649  1481.4274541872755  -73.32025399865577
-162.10600770876385  1473.5642684719185  -80.86890659686432
-161.17941250817577  1465.6528846364713  -83.04542936872258
-160.86568028827372  1456.632138427964  -83.23477979775018
-160.42547464334697  1446.3153284233308  -83.20579559641949
-164.46699557649066  1435.88778426837  -80.39549648230155
-173.53894040313136  1424.2997880285068  -74.38630879275726
-184.56685448992732  1412.5697654730805  -65.7137490672439
-192.02221786264624  1399.7154255776566  -59.25751565455906
-195.38185380944282  1387.0386989713681  -55.69665729291015
-199.1565155802048  1374.2040702898728  -52.3487805049715
-202.9026265181691  1360.7943310425603  -49.18776107030524
-205.9878147825488  1346.848386419317  -46.86985069874873
-206.9870785691265  1332.3819265375969  -45.32803452768683
-207.5078386574365  1317.7026266575895  -39.8542745743278
-207.46536426343573  1304.5149426183668  -35.50552214075501
-207.4246978488396  1289.4203391594287  -32.901105470227954
-205.6597667651734  1274.0230776740375  -34.86784183271829
-203.80948826300147  1256.4466515808774  -35.33822875571448
-201.63173447473585  1240.1583547112875  -34.37693862796794
-199.50112645189824  1223.5987832179997  -34.091938134672965
-195.9592467254561  1206.7497132929539  -35.5069141964127
-192.16243908503313  1189.8407350596447  -36.7059180059358
-188.35034812501559  1172.8884422328454  -37.880565621337986
-183.62271185776737  1156.1357035643416  -38.37157647954093
-178.40971153064632  1139.265209670973  -39.77273152348755
-172.0531996654898  1122.4353754775948  -41.05153060333937
-166.10100628299404  1105.705770750675  -41.9801821542052
-159.82279343273913  1089.2632664620535  -42.728894547738875
-153.7586665962046  1073.0991457407047  -43.549945163538986
-147.52187968850922  1057.2377022627502  -44.51755362403875
-140.5589284582421  1041.7363625867222  -45.410691511607645
-133.42256705733615  1026.596538475363  -46.12024081264118
-126.1241601541289  1011.7992119409491  -46.687298644945685
-118.88236461930262  997.3584926258112  -47.119366907096534
-111.48418399718987  983.3425347364495  -47.468061000041224
-104.18644266077494  969.8791825456619  -47.70463942204153
-96.91226331109155  957.0058362905293  -47.77899728584577
-89.63197959281098  944.7042785174251  -47.73137790749634
-82.31704214764625  932.9089880894846  -47.464045440315175
-75.0534558386892  921.5997500224437  -47.1796380069675
-67.84952181887661  910.7950494331932  -46.67160200783329
-60.71907758863933  900.5294365441346  -46.248106706057264
-53.4998357483328  889.9836378258352  -45.6283855710837
-46.30196869277302  880.6155264893864  -45.01799852903212
-39.017558923413866  871.5907162893741  -44.05000504012173
-31.709480059004452  863.6584608227404  -43.01432010676602
-24.32792928902043  855.3578484964338  -41.7751849316326
-16.801667714068067  847.4083787404711  -40.47036383482952
-9.316333209784977  839.9526701048007  -38.89105861779775
-1.914201024411473  832.9226393067274  -37.40408431639346
5.3337560879638275  826.3903221838966  -35.839967100927424
12.566031106334858  820.2627861040413  -34.2327423501976
19.79906190575427  814.5298158049922  -32.253705402518214
27.01680010823206  809.1708054380573  -30.286570473479305
34.0083626479842  804.1610673547143  -28.2914464554395
40.82829398203366  799.5297908607128  -26.523735285320257
47.14873071879238  795.2931981953146  -24.825242433369354
53.20909692034957  791.3767972067237  -23.27428881876583
58.80675579717398  787.7998823819403  -21.843207245796783
64.18057813329172  784.5077894999257  -20.545493967336466
69.32349031895515  781.5390497680772  -19.305109968823587
74.27140973607034  778.8091108814978  -18.024645116761505
79.0484032382301  776.3474999672707  -16.740325439685524
83.58515527796516  774.129011562339  -15.539223429800483
87.78146521306405  772.1777552098888  -14.739071565300947
91.7920054730356  770.3990859236342  -11.562460146296507
101.34811486729565  768.1151066930787  -9.49998598410562
108.51362863369881  766.2701174195263  -8.373612067523634
114.5240333706324  764.7389614760584  -9.582601121003398
117.2543957884658  763.7144011527735  -9.613650891778763
123.83352218851604  762.385455489384  -6.632056270088491
132.0537393170136  760.8659473101027  -8.032506591812487
137.7118659669783  758.8557364497306  -12.102313705275845
142.03185618051327  756.9109939847563  -19.566669053744874
145.9588961801859  754.9823980483434  -24.071945242212557
146.8477287291509  753.8878514102897  -27.51667639851678
148.32825204673026  752.7709615254029  -30.799057095820316
146.65511051294482  751.7489279898153  -36.762132061946296
148.80357451869062  750.7551367760759  -41.1863281690301
147.19117852971283  749.9581570468658  -47.52315296469075
149.02909280777868  749.2309037576186  -49.558086320625534
147.19063968479463  748.6166999690035  -54.83126719370162
144.9871026708027  748.0572117275786  -56.74568883484304
138.20360926865993  748.3902694213616  -59.18446518340826
129.68463318271858  749.2588433653036  -59.07458874868209
124.89571095184434  749.6825888426083  -61.93241456591929
124.49079853235251  748.826110728232  -63.979316393700145
