-10.404791051829255  849.7241238110604  78.11643745647463
-9.775519688955448  850.4724016101716  78.62543636113814
-8.991231509735346  851.4421967055505  79.16222424429101
-8.128310101924594  852.7182981249438  79.59209439804361
-7.11573982893273  854.3939746228547  79.99838762401856
-6.129415335172172  856.4771781093227  80.32676501049575
-4.926883983090035  858.9771748966054  80.62547904849839
-3.6497331698568587  861.7929253074096  80.83109890004343
-2.2429070023720485  864.9162063826419  81.02093355232499
-0.8343435024279804  868.2808649148542  81.1727128567664
0.7124468008851133  871.8777212013542  81.33799537023486
2.326040817892274  875.6635853378582  81.50138228238976
4.022118030515062  879.6271678930148  81.62022474521993
5.752569518061553  883.7315582162154  81.74997453836698
7.5247103331157525  887.9102146954122  81.89505866162224
9.18341581255872  892.126320917982  82.15327463722922
10.79901593901792  896.4902783825603  82.42461242060352
12.379353704158627  901.0580825131482  82.71094918788025
14.014414788364071  905.8743143406648  82.82950318071278
15.599245322151887  911.0069538562209  82.821018698506
17.110765070781405  916.4290662513221  82.93289132811648
18.59595910305924  922.1103019179895  83.29166322697738
19.944640873564403  927.9904273599182  83.84355407777412
21.281765769740126  934.1196904657645  84.26919512651084
22.461034392412135  940.5705249814018  84.5737779947356
23.54403871369466  947.2602176220495  84.8580502817643
24.411318919058818  954.1701140433904  85.22345383847028
25.170489021058764  961.1986543090655  85.6104936649069
25.85062672699556  968.3439401777089  85.98073686329849
26.44329759665249  975.536981391702  86.38173608039695
26.810037497182535  982.8262634429896  86.9252254661046
27.026316470118523  990.182619170607  87.49036398914716
27.084759289000985  997.705682311509  87.99326163298176
27.07369407249376  1005.3703358118146  88.39038812899113
26.859103240681033  1013.2105977660777  88.8118127872027
26.390653321184608  1021.1247498128747  89.24889700055343
25.809168049184866  1029.1171106091103  89.66484919235953
25.033772871568157  1037.1179845389233  90.08043103026108
24.230106569389054  1045.16813481735  90.51120770492098
23.084862756500964  1053.1990846930419  91.00090240191221
21.93748894597846  1061.3078205589127  91.5277332912509
20.52606764907769  1069.4210669021672  91.93802545258808
19.13651884906429  1077.6803614387995  92.38982054761665
17.472459996251306  1085.930483551284  92.8883527372861
15.86061663710909  1094.2402771430257  93.72476274133173
14.012129422185104  1102.5761386992735  94.47413884625918
11.930635952960934  1110.9624034668188  95.16534604063521
9.56533717844634  1119.3682080374003  95.6337071141411
7.106606719619097  1127.6008138622253  96.23723330995666
4.618615438790071  1135.803105151093  96.94259188154048
2.116459639000194  1143.9040336521014  97.71861577406658
-0.5445075088979208  1152.1168455212046  98.4551742650425
-3.2005379416302775  1160.278875778003  99.12891279309343
-6.085389206639855  1168.4327592455782  99.73372225296245
-9.011283572422222  1176.4564649184977  100.31922712083818
-12.11726219882376  1184.411697389423  100.81599527575038
-15.321442553551755  1192.3329303565883  101.29524083846086
-18.660129184133485  1200.2511659610113  101.65473572263815
-22.037171589446384  1208.2015647338872  102.03448749508125
-25.5079655122972  1216.183477919926  102.31018635347111
-28.946186754781575  1224.2538795451046  102.60399410911273
-32.3943665742763  1232.3332523145648  102.82901976406427
-35.90717020186687  1240.4353800593117  103.09208330163968
-39.35707020408354  1248.4857943215993  103.23491795995238
-42.94712653091319  1256.5517355200634  103.35679362353001
-46.416051908240185  1264.5403052200807  103.35045031353738
-50.043044802422514  1272.4471959294524  103.27266671409046
-53.57378995594079  1280.1764388813135  102.95772227034374
-57.29934905020003  1287.7624087340637  102.57689761018175
-60.918869155964586  1295.2122855356215  102.12219981646042
-64.69397085909601  1302.5718417875667  101.54178696557672
-68.31912622795298  1309.8330088585021  100.70929579708164
-72.2112054061443  1316.9400354746333  99.66717443245552
-75.93478046241975  1323.8890350487982  98.26626057771952
-79.75836226394719  1330.6078258381401  96.95374082366175
-83.40047415244503  1337.102793375955  95.50838694956188
-87.30937856411366  1343.2815123245039  94.40031619756004
-91.38041885613376  1349.1395002577538  93.19227649761983
-95.60784178738243  1354.6503458556438  91.91846388076537
-99.76384570300276  1359.8394222064996  90.34695279364611
-103.76131238288471  1364.6861092525444  88.80022041489416
-107.75741216168967  1369.191061237118  86.9929307230607
-111.70610886138667  1373.3301673511949  85.41359291374827
-115.77601386204327  1377.163363237875  83.53183409076432
-119.8996891213759  1380.679340410654  81.6084148670142
-124.12218579867253  1383.8638301861733  79.3304751261852
-128.11953997564598  1386.699370302877  76.9869509650966
-132.16444095239055  1389.1641089360967  74.90609224535108
-136.16127746376603  1391.2660891342096  72.87788453680142
-140.47752666398137  1393.0367923712513  70.96035434255607
-144.53663010680705  1394.415111366326  68.7963936519988
-148.6739606453239  1395.3181965138451  66.6702724677255
-153.0568682290336  1395.6510372902162  64.5266572805541
-158.063309138614  1395.371103334481  62.58827803495449
-163.05451559796998  1394.5925051095148  60.732624659723626
-168.05092546471855  1393.1392692017978  58.94086207436956
-172.7122086344575  1391.174001431232  57.238299377165916
-177.3355258830992  1388.6623270459054  55.575200428345966
-181.30348558985742  1386.0223507653661  54.07525719681995
-184.83984577126284  1383.302006694227  52.74669071705313
-188.00865579292446  1380.7601068923161  51.12156122421932
-190.94509958395014  1378.379099103631  49.536995117950525
-193.58090282763672  1376.2881363126808  47.96177152304861
-195.83515182070397  1374.4691874710277  46.871146409886435
-197.76917134955977  1372.9156295592354  45.75212762401975
-199.49441767184686  1371.5178199173615  44.604885174890576
-201.0788172817122  1370.2711340454923  43.48109241872449
-202.63514949393243  1369.1177009132248  42.433027268821235
-204.0128797022194  1368.1335089882928  41.555043549542816
-205.21777006240885  1367.1824616779509  40.78969569199986
-206.24978833901497  1366.3446156927903  40.10976913799737
-207.14471764116098  1365.5112776647188  39.44341382088572
-207.92263456109205  1365.2374831171223  38.57753862115587
-208.53460738198703  1364.8791933926093  37.7869221651977
-203.78343131070798  1365.0069226931491  32.53548483590456
-200.9937981854954  1364.5498146950486  29.24953852576765
-193.75541715068044  1364.6361255078311  22.285084347676438
-194.13290845655786  1364.1844744569703  21.878361800244026
-188.16758650208484  1364.2528323588263  16.20547695348942
-188.86222767139395  1363.7506042217906  16.279097742455576
-183.38456160612813  1363.7600854089646  11.216969013489294
-184.76178610353145  1363.239629746251  12.044929778311921
-187.26399383396594  1362.6556023463659  13.893375430774169
-193.547976561806  1361.761460617697  18.992011058906847
-197.8434700971032  1361.0720227926336  22.416719784242225
-198.97164696281683  1360.661112613989  23.17203252384056
-200.95092778865293  1360.213753514617  24.678013579821965
-202.91017432741813  1359.750731485663  26.24175567610447
-204.87191942816213  1359.3067476280748  27.810833347395757
-206.21043418098787  1358.8828710043722  28.93165470376937
-207.2386150137391  1358.4843520308395  29.765487728866518
-208.04943868123723  1358.0254694579457  30.518854066994763
-208.75145824837668  1357.5894589508619  31.27071834664136
-209.25572771310584  1357.0875373840117  31.807400602333473
-209.6786769860285  1356.6319611035037  32.446170095138186
-209.9323845803109  1356.0710473658955  32.83745631202804
-209.74102202613238  1355.5414717827773  33.386120531407606
-209.43798744424427  1354.883034573381  33.72825603770139
-208.74627484372772  1354.1789690261962  34.30456241070499
-208.21483573505546  1353.6823104814694  30.344138592561976
-207.33864932868383  1352.8355979037149  28.124089570145223
