-2.4881015590556976  863.3927588575605  62.29702944645564
0.7304371818656605  867.6573993920545  64.63023862475832
4.498252158278351  873.9135058659692  67.11781159375407
8.786828645293713  881.9384037089629  70.65708103383409
13.038832295048422  891.7590304745174  74.59188172337119
17.153064840178807  903.331096037383  78.98927692777167
20.59457039008312  916.8467806848608  83.08615123793618
23.487437728610303  932.3679933464616  86.9824465645834
25.807363049901795  949.9191855315232  90.45019656093707
27.779131850477803  969.3771607593433  93.42765850182494
29.070220357406477  990.4253895449466  96.05774372413165
29.502161922059933  1013.0441387333921  98.15290738617665
28.876532988557038  1037.1157959894583  99.68384940470672
27.14733964605038  1062.548471319833  99.90357038472213
24.00052093306895  1088.7842445433716  99.07539017519527
19.07748548089285  1115.344980016375  96.75033913436654
12.555081871328646  1141.8894788253037  93.7270404981459
4.383738027487234  1167.9587588367926  90.08296701214206
-4.403208880146492  1193.5638291927096  86.96323508807149
-14.845243445921103  1218.378711426819  84.19898911349016
-25.90426436829486  1242.46105728725  81.73054635577702
-38.59745859944332  1265.1724544461092  78.66628125845332
-51.33414840828982  1286.0239763987101  75.69348410349176
-64.44967046276194  1304.6456535939499  72.92874855241047
-77.43601691058889  1321.0009441441048  70.67533186045284
-90.19970609367235  1335.5662482337657  68.24472607882318
-102.62907130934454  1348.46629710208  65.85647604420394
-114.2419216480822  1359.5791399340762  63.590354017422776
-124.90866330305624  1368.9173228759971  61.63117550666416
-129.19814615809304  1376.861650286253  59.33092006344586
-134.34972168903104  1383.3574604290216  57.10648746381998
-140.85755488845086  1388.4474369534287  54.84202113694459
-151.57009596083918  1392.154660684847  53.15531964853717
-159.3185958749338  1395.0384289036933  51.11661860242647
-163.66218682141852  1397.0854171571552  49.120305739396755
-167.82391502933422  1398.2765505160182  46.679956448890614
-171.76572169687205  1398.733236776893  44.704162447024444
-175.39265567292475  1398.772074254826  42.58613754828443
-178.13976938693543  1398.3383134510732  40.731397410752834
-180.06094045093562  1397.5560615194959  38.788407949293635
-181.56509465462526  1396.3548795647885  36.93394366303074
-182.84122460778661  1395.0703331958846  35.120422502298254
-184.00253184665095  1393.7041452482586  33.213033196707485
-185.02347886836674  1392.4058666224378  31.310948465260367
-185.77811130354564  1390.987910768858  29.49607303457381
-186.2745289101219  1389.5594544250282  27.786171857733837
-186.58312569205896  1388.0535762825584  26.09017369457172
-186.81581582759298  1386.6495066683926  24.4244885936059
-187.0393175752108  1385.2936268459093  22.808806580718205
-187.2361199135663  1384.0778218738435  21.072844595150436
-187.32928598981889  1382.9006357619667  19.511322165222513
-187.36691874978098  1381.7934834290836  18.076523447408594
-187.39946163199622  1380.6773343223992  16.958421404013205
-187.43970235754665  1379.6248127791503  15.859480905314118
-187.46097108033862  1378.5463235208053  14.832245764638609
-187.44864497618516  1377.5320987266755  13.95421962332463
-187.40754359948096  1376.4604065972642  13.154201905587394
-187.32946983069343  1375.4143219932869  12.546716719109742
-187.2260271055306  1374.310632952148  12.025579792871811
-187.0963414490286  1373.2532979737725  11.660123553816522
-186.95104587011485  1372.1831197803933  11.472772958713763
-186.79990285685605  1371.130547412108  11.350367641262405
-186.64251901402793  1370.0412775139635  11.445882208221782
-186.45653391194475  1368.9450219540481  11.691044269360784
-186.23402913774652  1367.8024830792856  12.106671391421905
-185.93115822383626  1366.6463062174748  12.540004121122578
-185.56602851805147  1365.4379295221097  13.016542078923681
-184.96642547570087  1364.2293772858602  13.674593321131342
-184.37753690841  1362.9537772573474  14.448038272745034
-183.76653228296811  1361.6793091702598  15.225949835668068
-183.30037517612084  1360.3263124316315  15.987434453698837
-182.41412604515642  1359.0159507084013  16.78979430777087
-181.49912448604454  1357.6217158566876  17.654830711376768
-180.30508686233748  1356.217458178041  18.567832822657444
-179.26689310657838  1354.6697307931277  19.563776453896498
-177.76502445952968  1353.078133495986  20.63037840617505
-176.08050061995579  1351.3724986290306  21.844329525234578
-174.2391836918057  1349.5801921191094  23.17553473991754
-172.43545109252588  1347.642539151912  24.815290493485136
-170.51361537129944  1345.5591742736456  26.382954202338603
