-28.61388004670639  793.9514417360335  63.720207631912416
-26.81071454744767  793.788611853461  64.05448645859803
-24.767527712790272  794.0751598605104  64.24870474952864
-22.412910159462978  794.9115611554589  64.28635076715082
-19.90090504837496  796.1721247965509  64.3672601520403
-17.300921376847782  797.8200949252519  64.43621162615378
-14.552619868115457  799.9740928239041  64.66560548480895
-11.49950097069893  802.7104991952095  64.97967180058531
-8.135837552937513  806.215079112047  65.37752121321739
-4.50091911462183  810.5791526066205  65.74558515960072
-0.8041481104026893  815.9568835828791  66.08587141054576
3.1010122979029475  822.3189646650826  66.91152600859476
7.207496693655249  829.7515323952298  67.992614199068
11.28766340169952  838.2636015452325  69.65728374887833
15.09129939602915  847.9695680993806  71.12659931583595
18.402501584860524  858.7583375359757  72.71374596036536
21.212789171768424  870.5706955301126  74.4556004040928
23.54778240600161  883.3473868882414  76.55195332853006
25.2988326200449  897.136363699868  78.6478649072128
26.536752647338076  912.0098777191973  80.33371517700462
27.127360803751692  927.8614926716745  81.8712251596507
27.127363331113088  944.6254770636368  83.41700130956137
26.57469735103117  962.2269747553273  84.87582520399495
25.547543594159865  980.641610738713  86.03733995405307
24.17118246592424  999.7978916185687  86.96860414740809
22.097480680747505  1019.6296058559901  87.53009523745853
19.450673990371982  1040.1182325040295  87.4211557315595
16.175939322779342  1061.1207019340786  87.10135240930926
12.53454476924787  1082.5313803314225  86.40637755997355
8.697281341133868  1104.1843140305111  85.7114498857136
4.176429700535071  1126.128291832004  84.5828903530018
-0.3372837344914834  1148.3819775790057  83.2679149924447
-5.634378950099416  1170.8445332133779  81.75159027505536
-10.839837234209261  1193.4497496232902  79.92692800827363
-16.476973984641404  1216.0767582847734  77.84876062681114
-21.682825775363312  1238.5581138165564  76.72207925069833
-27.59622808485061  1260.6035415646254  75.7179309410354
-33.5707230036455  1282.321824562828  75.23865378617174
-40.39534726033876  1303.5826859815093  74.13834019381129
-46.85446526360495  1324.5503405262866  73.22050457637849
-54.098626298475395  1344.3256258064757  72.2619796560119
-61.7833633638644  1363.1468148052156  70.99959695667611
-69.75827702374113  1380.5549489602895  69.5657883961312
-78.21184365125308  1396.948452009972  68.15109115987612
-86.41515445011737  1411.84082276353  66.97467028063423
-95.63460809843143  1425.2462205431852  65.1351527436662
-104.62058707342592  1436.7670761352738  63.27141719212298
-114.18416878712112  1446.4434681765315  61.07789540905384
-123.19300025754362  1454.4422330785615  59.76952800441917
-132.70511108332994  1460.566386962135  57.72589909436205
-141.8088344124815  1464.887648111961  56.01550856326553
-151.8751877017378  1466.8882890580578  53.6536824118092
-161.18280903027676  1467.298590673406  52.02528431231684
-164.8557978106712  1466.787749735515  45.13521673674816
-163.83863625481214  1465.9285643176343  35.623666046551
-159.94909065124742  1464.5507364870718  22.52600605815275
-158.81925455609317  1462.4605037839603  13.060077378802712
-158.30309447538758  1459.9957681246983  5.135564566571432
-157.39010515602644  1457.6070153061098  -1.085174651646744
-156.25260919919583  1455.3344985024341  -7.160888575196105
-155.15473925474382  1453.2447277755346  -12.739499402914495
-154.35777033018087  1451.3582891865924  -17.3719648355479
-153.5267823019418  1449.702662361921  -21.436095862341723
-152.43332703026107  1448.217661641574  -25.13559679095587
-151.44454726454043  1446.8732549335073  -28.459931308369512
-150.49220827270852  1445.6885369873914  -31.412981150016186
-149.70694064995408  1444.6757693888735  -33.9346687434039
-148.92078818992573  1443.8294419141585  -36.2306090443859
-153.71029767592375  1442.6672143581882  -33.61752378589142
-156.40918713163154  1441.8066584477647  -32.46150364463336
-156.646650865018  1441.267908887047  -33.028239749166346
-157.11161493905664  1440.773392874504  -33.156931230310114
-166.20768110019446  1439.6041520602078  -28.341499494298393
-179.41656083897806  1438.076540828464  -17.992147550537453
-188.08057498435986  1437.3454816372484  -16.102135021118205
-186.2844659659509  1437.230109535934  -21.117849380678813
-178.62568347856748  1437.2291096170447  -28.93678902211787
-169.94761704600631  1436.875317959862  -33.12972408984384
-164.6983415392328  1436.451701197319  -33.635705461162026
-168.22729225176465  1436.0429087434259  -35.4359768874901
-168.26692222269028  1435.6278558816982  -37.49793015203658
-172.55374191103272  1435.1287991749186  -39.2167735765813
-169.28695929321583  1434.580735369653  -40.177609708389234
-167.79999898817954  1434.0002125458768  -40.895932441957406
-160.97568351304787  1433.3389514644466  -41.521885142681825
-156.22921421758326  1432.562606804574  -42.09381040114329
-158.0593459903824  1431.6103506699337  -42.38914002603163
-163.94316087530115  1429.6226821068105  -37.939372941587926
-172.19671326056178  1427.3790129489553  -28.056053431675256
-176.73923801335957  1424.87092549934  -17.05520268038999
-180.00087756027352  1422.890584753702  -9.347462497603509
-183.1465845406098  1420.5757694973427  -5.573140978411039
-185.37539014063822  1417.9516843507686  -0.9879225193334666
-187.09046418943035  1415.1115221312634  3.515485135010842
-187.81839118053892  1412.1918107790518  7.716935756627855
-188.39376157643636  1409.0509339390157  10.51406558664571
-187.4823070784567  1405.8134400871802  12.325466058114362
