-31.21963084883791  832.3352913648444  62.02334667152987
-28.8950907194714  831.630788018684  62.84273426707206
-26.37905019993076  831.5332207947586  63.47683214741695
-23.70946409660325  832.217888974969  64.17289145238495
-20.80089704515129  833.4972679980453  64.89505779645283
-17.520392976249326  835.4286083939126  65.72172669810708
-13.861779992175753  838.0904480225461  66.71363467017923
-9.947266063763799  841.5541967730288  68.10826384556763
-5.795073584242928  845.8914900203126  69.74299530783647
-1.482826332697889  851.2268289009806  71.2988002897679
2.9741845063587875  857.6954140138475  72.53505760143229
7.515691066684802  865.2999172163395  73.99809871434795
11.899631699042372  873.9874058655636  75.55837453236902
16.141026419393143  883.7046720021306  77.0530566494692
19.93006816984765  894.4320984998577  78.2286839577983
23.550649357665847  906.0040534497173  79.3979728538021
26.734489589079228  918.2624246292011  81.03943272909834
29.425319216878528  931.3340568058087  82.97183484031713
31.553647281608047  945.2594244233394  85.08118750381064
33.26340226438491  960.0545947259907  86.8681312356033
34.33115458870207  975.343419254257  88.89595464532894
34.7780792425816  991.0562024798246  90.77930949426981
34.6079950742694  1007.1740997111526  92.70215346491622
33.65537193144325  1023.8205675743206  94.10857516799112
31.948108262672655  1041.0455979681933  95.29141643851368
29.385610137458617  1058.8238233734685  96.26303083887747
26.368478343553193  1077.06374888837  96.79675348807105
22.67647190367464  1095.701429689438  96.79051942479619
18.29546990735029  1114.7233334367238  96.40916216978118
13.474815891838674  1134.2840791695241  95.58775629500494
8.197660672984426  1154.2241018196905  94.53957252706635
2.696130589925152  1174.5030741254682  93.37943861308997
-3.192406504278353  1194.6825397801058  92.36160850371733
-9.199330180272476  1214.987878541439  89.77417588858248
-15.101808441225323  1235.1561716795284  87.14367016593263
-21.307897857858322  1255.1374707432792  84.1926148685486
-27.903734424213667  1274.6593418587277  82.97280708310888
-34.80963955098102  1293.535637825385  81.19235204029874
-41.46965193181885  1311.800012581045  79.85807111909017
-48.291638275762146  1328.9204793359957  78.155840841263
-55.33664463007925  1345.1339802930538  76.5374709647418
-62.84602122660687  1360.2029314867757  74.4403674962972
-70.18647707690602  1374.390030190282  71.88138805771136
-77.32531914264665  1387.4053042358942  69.14383018488795
-84.7603050440001  1399.1434781927503  66.36118869311267
-92.13457964002986  1409.5565030498444  63.932458799593874
-100.25408901627368  1418.4917746444435  61.380194528950376
-108.42614623998203  1426.1055706641519  58.69436178303202
-117.37524863536653  1432.4925007233855  55.79712512369711
-126.04763982195652  1437.7363565343219  52.99432342854826
-135.35242416920107  1441.6252632020185  49.99179502047771
-143.9850972353475  1444.2071207210402  47.00151136058819
-152.7402645127317  1445.6333014806146  43.970754027042915
-160.5281317968254  1446.4467678326723  40.87750980754427
-167.60593094200777  1446.8274387213335  37.780469330525165
-168.2609942070142  1447.31903024471  34.34845644327228
-169.8074513992408  1447.4120667500463  30.677093783621604
-173.18856066972748  1447.065335003672  26.68057728650078
-175.92721081435195  1446.4152391940543  23.136107356433016
-169.94819600404276  1445.8676231142272  15.42140671879411
-165.06254538679713  1445.4893961633388  9.962342058265225
-170.29628428427003  1444.0740731531673  5.453618503733092
-181.35086214489866  1442.3024583285573  5.862140640543902
-187.91257357929504  1440.2988237441682  4.896537418861793
-189.43412017491298  1438.8106093129325  3.2736055580716394
-191.91978757127174  1437.3823575877705  2.2219802599344574
-195.27403128183104  1435.8332277658242  1.4664365288931105
-198.5575476252762  1434.3699345924065  1.1153564570381125
-200.84640604469834  1432.9586066253878  0.6833225215998892
-202.6572716653738  1431.73852948554  0.32187899069215115
-204.3994470079314  1430.6478257571162  0.18112916914471505
-206.03876732813882  1429.6799967782842  0.13856621904599725
-207.44532183392732  1428.831042904842  0.3028111178151081
-208.6087742350087  1428.0872376938964  0.48404168853723256
-209.71811838379747  1427.4730540774601  0.8020974981544005
-210.83482172360047  1426.96479465145  1.2066860740871816
-211.8984398130591  1426.5615282632414  1.81510573720499
-212.82014449867415  1426.223825948861  2.360097289474864
-213.53198858176748  1425.9450238293637  2.9375422109323335
-214.13620475011234  1425.693672096297  3.521307301231721
-214.66616085840167  1425.4932618486516  4.573325001616386
-215.19095825025184  1425.3369202483018  5.654093655057537
-215.68848992990092  1425.2260192464346  6.741728244789106
-216.14335279630427  1425.107337158631  7.854184739203385
-216.53340144812137  1424.9725388247894  9.064673055237266
-216.90287447287247  1424.8094971658509  10.384657149487957
-217.12724914343136  1424.6051890805008  11.459652292971906
-217.3826213644538  1424.303647684526  12.5388328102112
-217.36363072346043  1423.7418012392875  13.681598130888965
-217.2928269291987  1422.9947717493694  14.887886554849661
-217.02129112995837  1421.929500864942  16.089997117301213
