-19.209101823844644  846.4090777456024  68.40633441761828
-14.970678656093382  849.7286001051674  69.97609072546163
-10.532310479053105  854.1076722041628  71.98413931400323
-6.0327294285371895  859.6763357606226  73.80294269526613
-1.5819859562555783  866.297917408114  76.1067157097489
3.0383373320270133  874.0226579029585  78.31414373276228
7.37254135151097  882.7580141726282  81.04557177215527
11.464456477461512  892.5382546810607  83.77879152799197
14.90775584702584  903.344809990673  86.34664455474055
18.01339775647122  915.1324255194293  88.51747653717486
20.64100059556207  927.8127515333438  90.85274289060311
22.85107000350395  941.3611532371419  93.28255841033322
24.439125335003073  955.666786870206  95.99774299010545
25.487105817195765  970.6880158938492  98.59109192286967
25.86224931346701  986.3016916317463  101.3179478438858
25.95130113309148  1002.5024123957859  103.98356925722467
25.60768845028266  1019.2743325035912  106.23379567805236
24.84198788113  1036.5553799118973  108.22306658651725
23.404650199395864  1054.2577915421089  109.86122328606872
21.317495572170877  1072.2927759981412  111.3758965814686
18.76650847950886  1090.4816490439405  112.65278704866645
15.669304910311032  1109.05200362496  113.70825052259669
12.484006430314578  1127.946450015131  114.68437425316472
9.12764537396265  1147.248608778035  115.68603583649565
5.762078008283501  1166.731248432526  116.52723178029902
2.0438779002975784  1186.442119986824  117.05115805515281
-1.9301701721038325  1206.3786538546842  117.14062130596362
-5.93557755740569  1226.0565351333998  117.00207702888447
-10.330827680870724  1245.4967957731835  116.75533425084944
-15.098491937724894  1264.1882191475772  116.49093342764367
-20.109683930975947  1282.6139904869588  114.93056363356175
-25.123339159885134  1300.2843742994753  113.09844870586288
-30.222422658357797  1317.2112018550743  110.89069713085028
-36.06677154597681  1332.8526726952837  109.507879643596
-42.12841377911508  1347.1835823105462  107.42427506768934
-48.96106738428885  1360.1733777059173  104.92401514769503
-56.027388565952954  1371.7901136082871  101.80548258696169
-63.644980866711435  1381.8134122718886  98.60857557209904
-71.03412926775565  1390.2723916989903  95.12214137725513
-78.670538732978  1397.3299940744537  91.58119996896252
-86.73764685221087  1402.9880767949421  88.05052195662168
-95.06301928570112  1407.1865485560702  84.68906649523751
-103.54072687566963  1409.5901904245432  81.60961185877198
-111.8180101267894  1410.4467001936248  78.8925753321061
-120.68886773416864  1409.7688262554543  76.51687463896248
-128.71193135931748  1408.0991177780793  74.38976134771247
-136.66829442270577  1405.5126354009715  72.29586483409882
-143.42466381483138  1402.6478087565843  69.99659362645649
-149.74562218222658  1399.6307485480897  67.57325459741705
-154.83784056415624  1396.9099170923976  64.9965023805809
-159.10798966790466  1394.4266534470153  62.771222848283216
-162.77670008147808  1392.2589704056322  60.84002128585456
-165.8101739138246  1390.3360372812149  59.20403996732403
-168.3515551761988  1388.6729158467938  57.61653463493247
-170.49303867544532  1387.1830492591318  56.1693286396219
-172.37936656435642  1385.8809407799733  54.89495642200202
-173.99216398891292  1384.6613016965932  53.735267993716874
-175.42403775859225  1383.5667181079634  52.660317957199666
-176.6906401141882  1382.550490711307  51.64797570593412
-177.8216104189369  1381.661950069371  50.689152214809326
-178.85945735562333  1380.887350170651  49.85475134920775
-179.7832849545317  1380.2427700944856  49.13872171510847
-180.62193695023404  1379.7070536442222  48.55584711778242
-181.32628809918924  1379.2862580862545  48.055981169105266
-181.95139097231439  1378.959672758123  47.64167397700166
-182.5232916664866  1378.7294505942173  47.37436575977569
-183.0245072053445  1378.5713756471628  47.188508467346686
-183.5006787366961  1378.5018763412477  47.140846311376464
-183.9044873975038  1378.4862791783758  47.090305085575714
-184.30265527854314  1378.4774380648907  47.11549070013453
-184.58728105119675  1378.4469493532365  47.15381491552614
-184.91724484147304  1378.405861698114  47.285491934994944
-185.15840585458284  1378.377259954483  47.477953118450976
-185.42682114861557  1378.3550172811374  47.66192996933529
-185.51819131965297  1378.3474970439825  47.80939001730523
-185.57398442586592  1378.3544481663691  47.90135555695157
-185.5467658340277  1378.3788855180107  47.953928887129756
-185.3225602012611  1378.4050384954978  48.0311952561466
-185.05351161617793  1378.4315608131249  47.98743586710856
-184.43117792462323  1378.4326975046233  48.08803696370522
-183.8418075002445  1378.4084100622033  48.10507326169271
-182.7255453845418  1378.3534302991825  48.2630685646291
-181.52099157835607  1378.183042146829  48.34002353994153
