-16.33284492271653  847.0134143687437  48.74097604404746
-14.316412606256433  846.1448113393138  50.6194327299825
-11.925782371516881  845.6955332141403  52.239618915124595
-9.272600156687728  845.6873284219971  53.991181093766194
-6.42683457392584  846.2691973502447  55.65591846016075
-3.514045378887926  847.376845586805  57.442904030385186
-0.4448800109093516  849.0813457390626  59.253126778677405
2.700344313509034  851.4399512890311  61.34241953476427
5.826401774137274  854.5474310483926  63.39926086221922
8.902890390490398  858.378737626692  65.50267108327586
11.70455513604243  862.8721589112479  67.65486466116525
14.344090325408722  867.9493293268032  69.79166874001275
16.764364742448482  873.6625397752708  71.94544823517968
18.986757796065916  880.0280445860508  74.0432998227316
20.908772173806994  887.1196575282581  76.29488356779565
22.487980896721567  894.925243765954  78.44741037836063
23.79763367930646  903.5579656227922  80.36895684301004
24.824302223543675  912.9899314097906  82.4816599808847
25.587662033680576  923.2967041141055  84.59171044909783
26.14227087588241  934.3921828051125  86.96391990239361
26.514371463641837  946.2650897147194  89.13227219421836
26.662422784506873  958.836371708315  91.50092367120057
26.557533672656923  972.1082974690053  93.60126452472439
25.88745585379608  986.0511682264073  95.69698009270435
24.996354206310514  1000.5482637404451  97.67911004815517
23.679563122614034  1015.4361113573616  99.70583756637537
22.32393382998555  1030.756764062692  101.56198698789498
20.480797835670383  1046.3532881069889  103.28116990248178
18.36227905604707  1062.321061936737  104.93902057470146
15.836771093828446  1078.412923650528  106.64182563495109
13.061324242268185  1094.752268639288  108.2169775833006
9.995403944724954  1111.2353632995291  109.65075508541624
6.749263446567378  1127.942775704134  110.7395448476064
3.101883360429505  1144.8612241537771  111.66345671574697
-0.8654634890226918  1161.9791569309073  112.27493810837765
-5.189158936879084  1179.1927235909545  112.62320466755597
-9.623948959272493  1196.4963804599126  112.5837786780879
-14.152175822272174  1213.7635951049606  112.25266975217184
-18.747804605877114  1231.103085030064  111.48756036524254
-23.124421101665448  1248.3341176395998  110.75251394642949
-27.742249678245788  1265.2190627281866  110.09034217618597
-32.81678689591662  1281.5791426203405  109.0651706147647
-38.51448776299715  1297.343462890394  107.37890835684931
-44.20588688058777  1312.685621363573  105.034296182434
-50.01568178992659  1327.4780634052615  102.82995153458293
-56.01672550095924  1341.5208441259695  100.55668085810211
-62.52833385379842  1354.5043418006924  98.24350156834163
-69.27989434853365  1366.2394041982363  95.84006131253875
-76.40447904672571  1376.8134093617166  93.48761980699993
-83.90187806749294  1386.3269203614843  91.21510063507067
-91.43287510218875  1394.8382274810124  88.77910664763164
-99.47750880234243  1402.0556379003929  86.28388449632283
-107.54978442091043  1408.0753374128553  83.78524061232048
-116.29141192995755  1412.6350290646828  81.4108796497932
-124.50075729036152  1415.8496065275533  79.23599238014235
-132.8159484432201  1417.499192298312  77.1239889732763
-140.58589136084902  1417.8765879004745  75.2938452639819
-148.66782793066233  1417.1907441504848  73.67017110993929
-155.8313983693813  1415.8823324926884  71.54985292214162
-162.2952816743093  1414.123370421189  69.40861395618518
-167.74214847230274  1412.2251909078939  67.24000709069054
-172.69600160093808  1410.1391532340915  65.81949898036731
-177.03588381844924  1408.1862489007935  64.2509875699155
-180.5397225231726  1406.424449494582  62.46906156491252
-183.4351474173965  1404.942764119819  60.66174314525889
-185.8054234477824  1403.6759133321475  59.048783293893095
-187.78133735096733  1402.5382848851793  57.70191638179341
-189.437308069721  1401.576410716565  56.40827318197167
-190.76614735112997  1400.7275434435364  55.21846332097869
-191.91653545462464  1399.9708239371557  54.12812422798697
-192.89982520927816  1399.3086470393228  53.22406586332798
-193.77747917946513  1398.73786375272  52.40720193450734
-194.57277565802735  1398.2826111111624  51.78583709734658
-195.29293535656566  1397.906411160487  51.21137857114345
-195.98482010724513  1397.566663375106  50.87273521960154
-196.56810193882268  1397.2564058048497  50.501841089647115
-197.05287528001577  1396.9654506505406  50.28067792848388
-197.42738104258459  1396.681342762768  49.92831958300439
-197.7776167156542  1396.4193467192188  49.78424284634832
-198.04185751054027  1396.1340761640602  49.58620241956729
-198.26721874845217  1395.8911027626796  49.63780458897219
-198.40882538090585  1395.6116023824086  49.570118723592415
-198.58141390914213  1395.364796348892  49.68609367158327
-198.69279102527435  1395.0750780471574  49.65237566945679
-198.8041749428831  1394.8291194631497  49.77531945324592
-198.8315138113791  1394.542974875536  49.73805161040603
-198.90641528897152  1394.267408889643  49.894860314560404
-198.90046007484298  1393.8994472030472  49.89222792666898
-198.92041761923724  1393.5299160598167  50.054290352673476
-198.79399183032342  1393.0893708113992  50.014406510134954
-198.68718750967386  1392.6882772299302  50.09334580327578
-198.54220661820096  1392.2497650242294  49.96824397039935
-198.39291985747474  1391.878809541053  49.939393248886645
-198.17156480436375  1391.5272735833034  49.73988888741756
-197.8710988275046  1391.2307557737392  49.64911506588743
-197.55408282715223  1390.9020413940318  49.418155941169914
-197.22710099183703  1390.5749681645443  49.2896781113134
-196.88847466354156  1390.1934560570837  49.02725595538101
-196.53071776429988  1389.8412868715877  48.842831456919484
-196.14934188429194  1389.4305135326233  48.53070417222057
-195.56912476639036  1389.0414582524838  48.25970082006888
-194.9773637587951  1388.5632978597903  47.948102649677914
-194.34688847966484  1388.044776571696  47.72737395184681
-193.85647395668025  1387.4056041360225  47.4737386313417
-193.2994697307278  1386.702256294077  47.23350952814448
-192.69747758653227  1385.8894491392587  46.989868947634974
-192.01964543905004  1385.0295230001054  46.864457213580735
-191.2809706490819  1384.021063642645  46.603553971568594
-190.32526467025903  1382.9303870265137  46.529998255283815
