5.044128350099142  808.5616299051133  50.65734089405451
8.074834095134802  809.4655244653259  52.04985416747443
11.025249218098956  810.9376082233739  53.370283516675144
14.14154891384202  813.0523550518907  54.57570994860028
17.270878878135456  815.8504213447978  55.97748416253488
20.491599556913798  819.4253923738128  57.4398264611674
23.70131370776563  823.8507689324001  58.72680978205652
27.02588865934448  829.2380332407844  59.73091160887928
30.277657464500177  835.4937663679607  60.7129768704048
33.44235240833244  842.5578502824695  61.74951873563036
36.18499434960707  850.3869326496784  62.594213619767295
38.758874698693724  859.0174526841618  63.24898279584228
41.069572947559735  868.4667894031319  63.8383039225655
43.295827671086634  878.6607676734252  64.56952089927628
45.28277332190995  889.5700003366082  65.20942987163521
46.888885311107146  901.1348515933757  65.73980776363582
48.31153493129465  913.3649714613379  65.9518397816194
49.44630655411977  926.1871213084848  66.14532152984152
50.51183667681477  939.594076546654  66.33134785575103
51.383255013468286  953.4421026558076  66.50454278781038
52.16878925616307  967.6848904457074  66.57909002733227
52.74327457742007  982.2149078022488  66.63092093529433
53.14762813474825  996.9670748448629  66.54101720450369
53.16778245732681  1011.9582690369101  66.72561569508646
53.077335492390816  1027.0613305981922  67.1401575500034
52.868453552256135  1042.3118465909902  67.85514620777751
52.417313464267764  1057.5480911091504  68.47659094908317
51.462174887623725  1072.7879015225133  68.91255145080677
49.878599356733154  1087.9383673572195  69.40027010659466
48.16183646915894  1102.9823046472582  69.73236690803319
46.27350159125496  1117.9428514033914  69.94373307778692
44.350140721129826  1132.8070395049417  70.0047488115381
42.00814162823758  1147.5785830544155  69.85162616934495
39.22704659581431  1162.2687682459032  69.62902744666223
35.85766900069945  1176.7889433569885  69.21741636417067
31.988830654642012  1191.0777106957053  68.90014423368785
27.669501350065396  1204.9715431072443  68.55585069067547
23.10728497868234  1218.5642935575322  67.77795730056765
18.45936533498794  1231.9969823704218  66.63380544197048
13.995996239884642  1245.2388716359867  65.08629731638402
9.51767896978279  1258.3968376708613  62.799736435410686
5.062819484175389  1271.1898160427559  60.69751764812605
0.3673375009391373  1283.6160626596948  58.40009951780736
-4.363344558778762  1295.5411212974652  56.66818016996233
-9.4828870454996  1307.0238011633455  54.360093885961305
-14.788089206172632  1318.1493923542653  51.596634707158465
-20.435369353167058  1328.8150491896909  48.81102574112694
-26.001551832834863  1339.0225783330575  45.79242662775206
-31.774197249556615  1348.7150302922282  42.806339516495136
-37.85972383590384  1357.8129814165736  39.38844305981174
-44.24145293470438  1366.225678948227  35.80590970654305
-50.81002540077085  1373.7777522724723  32.46224958146612
-57.67657803172132  1380.41721515782  29.03391842400851
-64.80649068158213  1386.0678572609154  25.54599274854057
-72.11855886058532  1390.877960632001  21.94093581504625
-78.8891644886705  1394.7522705339293  18.529746815700562
-85.90510843291626  1397.5361944821425  15.383337479345252
-92.90457631193445  1399.094912258351  12.343532560330145
-100.60355359696108  1399.4950118959173  9.518684071120347
-108.01386021138345  1398.9869562252925  6.659070736442819
-115.31178038023322  1397.5608556744542  3.9873990953673912
-121.94147611667856  1395.2905913170196  0.9756878678257452
-128.51660457714885  1392.2396534213794  -1.9688500836141927
-134.38624436030065  1388.663671066758  -5.069988539107236
-140.3996782057181  1384.7593409631127  -7.846931615385683
-145.47230420500992  1380.8339265553404  -10.376730784364247
-150.327536558107  1376.9684979154513  -12.811942269330702
-154.26385036328557  1373.3580987402552  -15.07113166147526
-157.96894233655263  1369.9114169051147  -17.217546483707892
-161.41264020858415  1366.811785134909  -19.15053066428297
-164.3442417089424  1364.0364406563835  -20.91103579539513
-166.830138896934  1361.666979919014  -22.464228796773995
-168.84179293928736  1359.5747151694598  -23.863003300204404
-170.59818888628757  1357.74089222311  -25.08901613004555
-172.07434470500442  1356.1493766378594  -26.17893508583776
-173.32990089205697  1354.8002880757283  -27.103578388532107
-174.43794766494628  1353.6960065031465  -27.90056321267423
-175.44747376094784  1352.8257723261631  -28.515507452161756
-176.36811573865538  1352.163216970751  -28.98380722115643
-177.24752909520137  1351.651295064206  -29.274168357545285
-178.149414643976  1351.2202348674994  -29.304198329008724
-179.02811886296584  1350.8747157164707  -29.1991098215683
-179.9034590127183  1350.6061293681364  -28.80514177268006
-180.6970134191896  1350.4282739983828  -28.322433312744852
-181.43129375425636  1350.300406126837  -27.543703824193404
-182.07290933663822  1350.1974387596658  -26.656115132524416
-182.74085367322104  1350.0908111211866  -25.533052857963874
-183.36662364950294  1349.991598046776  -24.345080737513328
-184.003927979101  1349.859700381606  -22.974640983117485
-184.57582354908993  1349.6964568045091  -21.64615944191406
-185.1361566484441  1349.4821381392176  -20.207479644129144
-185.63650506241987  1349.288800561662  -18.925870583079735
-186.15746148606974  1349.1294992417213  -17.531166836219217
-186.6736643406406  1349.0171243910895  -16.223619336057453
-187.21654263583304  1348.944427392275  -14.723222555174953
-187.70622502167592  1348.9277362157459  -13.338866969332562
-188.1350048183299  1348.9606109753117  -11.87275979748299
-188.51719603781868  1349.0528497770179  -10.556211174283398
-188.7157647317873  1349.19393109393  -9.24223801654142
-188.7938885306806  1349.441169431785  -8.126393657851915
-188.74284426753653  1349.7410621867239  -7.239624305061535
-188.35773229826913  1350.103802933096  -6.399146496090157
-187.80400573326153  1350.4285519278192  -5.613777797947304
-186.83580069519186  1350.6723771966692  -4.79009342153029
-185.95697769061746  1350.7982954595118  -3.6775997855913998
