-11.501196116551311  833.1384938396983  31.906287748306838
-12.500395701036641  831.1672899644889  38.009107828559436
-12.152555490246609  829.9267291194694  45.2593109741618
-10.755145091241765  829.4305780866184  48.599068170286756
-8.698133215990222  830.0704876384466  52.16314399489599
-5.761643126883319  831.9233110810903  56.457032714526356
-2.43881219067482  835.0693432362642  60.82540971030379
1.0694077356204081  839.5329061452361  65.29477532052184
4.806124013853786  845.4408107734569  69.25849398881684
8.44803977699073  852.9055698593118  72.8775387161331
12.312470776113347  862.1003201369199  76.02965405628774
15.93903801398793  872.9399162688985  78.9295360990079
19.269909289570776  885.3063228979779  81.44071864759593
21.888110421314572  898.9259037420707  83.50199068848019
24.07991409724717  913.7173528631474  84.61692715093811
25.686635762279224  929.5947969886269  85.35381008028872
26.739346948049963  946.6021740950903  85.39849783328886
27.020857189807714  964.6648688233641  85.33706692507398
26.70764942733733  983.6312620640375  84.73381058475874
25.477254303090174  1003.2901193542833  83.75568257179354
23.36260045382055  1023.5465901656752  82.06145537440048
20.28773105276322  1044.4316018128063  80.16076891116445
16.58213050335237  1065.933505277521  77.98927804589891
12.499068042545456  1087.9801598342904  75.58443606100202
8.184324231946473  1110.389734555572  72.93943624553242
3.6407060355535097  1133.0081239557328  70.35086857974979
-1.1985011417298703  1155.7090531794902  67.90317373041844
-6.187211791041509  1178.4090596003257  65.9352710203252
-11.190373577840742  1200.6537163906764  64.27150623587849
-16.269072030389015  1222.3469359602245  62.96224500773805
-21.356067688180953  1243.2858986358062  61.670429040513746
-26.638319653647763  1263.4303829708153  59.71905237935924
-32.1669339676375  1282.712611694731  57.00806083547683
-37.621571614712  1300.8687057065317  54.307965999870795
-43.34250949432091  1317.7009543710137  52.310067501619834
-49.03953980231239  1332.8991441723624  51.057826938355056
-55.053526816578824  1346.3939373644318  48.82294673808522
-60.99171396194521  1358.331669163634  46.27140625167596
-67.13080283623367  1368.7857013472467  42.90511630370085
-73.66918623892388  1377.896088302336  40.13661734167961
-80.29848995699926  1385.6554862937514  37.025907821687085
-86.5961549763351  1392.1670290589252  34.44758943210359
-92.68381974630465  1397.1888655207367  31.42101851885589
-98.91355046934957  1400.6587088153747  28.26607626475338
-105.29833392348905  1402.2954847488907  25.027011397384943
-111.6460936340597  1402.20988430471  22.054671591848106
-117.97733284369225  1400.5479465560798  18.21550362561824
-124.45984882711191  1397.388061243224  14.403371974807568
-130.5843124622128  1393.0657482085348  10.56118273805153
-136.2353927113207  1387.88492813268  8.000927722213799
-141.03195505979966  1382.5871210556536  5.400800337817406
-145.23267961301718  1377.6256881495215  2.838980912313568
-148.65531295918277  1373.3774558487016  0.35215287315048416
-151.57126222569164  1369.7854864243864  -2.045470802056651
-154.19985032112652  1366.7193318263678  -4.054609307070175
-156.50332377235222  1364.1036276005789  -5.89886046698067
-158.58167361142128  1361.8760221686946  -7.3610170832054305
-160.2877966112218  1360.086098296091  -8.861471902957804
-161.78139519272668  1358.685183289515  -10.06499253512759
-163.02414775110609  1357.580507897656  -11.272550456839584
-164.12595289860351  1356.714204906567  -12.12411814059982
-160.08051989875995  1356.0102270698153  -17.189883619821746
-157.78481548936475  1355.5430026824554  -20.41766019690855
-156.18422025147638  1355.268390730751  -22.94925617615728
-159.76687208499197  1355.1860166609056  -20.301708169860206
-156.40405110231364  1355.2163302563117  -23.651233965774896
-153.91918261557035  1355.30630217503  -26.055630234815332
-152.23702819906816  1355.434936563182  -28.200911264814536
-156.61005307000767  1355.5111470482725  -24.95171858580278
-159.10079256343732  1355.5416228379627  -23.231484293258468
-160.26110719379963  1355.4648736100949  -22.547790980558254
-160.7995785802354  1355.2932227793178  -22.26504079490617
-161.72266807581852  1355.034787854854  -21.630866052417527
-162.85346431041233  1354.6536567663127  -20.569720963367903
-163.4543325904629  1354.2368454810676  -19.718074698063543
-163.77104634384108  1353.7436233114558  -18.976653123664175
-164.12848998759628  1353.257467024126  -18.293673829052416
-164.5136832885164  1352.7358725547272  -17.672094458320693
-164.85060175260364  1352.2263581422112  -17.09785975905859
-165.03779643287754  1351.7043083141984  -16.579968858519926
-165.19609128817936  1351.2014786683399  -16.053507128576975
-165.31208034372168  1350.7040230879502  -15.546263629191074
-165.45411476323733  1350.2617425959284  -15.103625604208407
-165.60275088507746  1349.8909513510785  -14.64511605994437
-165.76484827663666  1349.592531752187  -14.120194472555093
-165.82593663210656  1349.3408971819356  -13.56992936180949
-165.88740948759744  1349.114124496135  -13.073101828463555
-165.90242031808194  1348.920443422158  -12.594881015872614
-165.98924398118749  1348.7710060254367  -12.07310407983064
-166.01354085257628  1348.6591253597314  -11.511687901066423
-166.04399254175624  1348.6008870606747  -10.95308735463034
-166.02279406171243  1348.5667232955168  -10.433836016232945
-165.8863175241018  1348.5889481454399  -9.944795383454121
-165.6842061201668  1348.65508623585  -9.40935151690181
-165.2995201375392  1348.8003462621514  -8.862002671535704
-164.99241879815955  1348.9851113749542  -8.159312517844365
-164.44199208020996  1349.2205644142389  -7.532065313246118
-163.96198558252217  1349.4464570540792  -6.835753800372764
-163.04937533982473  1349.6285206676594  -6.204871714987594
-162.19805899228197  1349.7377874716353  -5.459089053373318
-160.9334738491248  1349.7280801228208  -4.66668251585302
-159.70781198049545  1349.5005887163043  -3.8990282917291013
-158.06613321803115  1348.9769292540623  -3.171609700414474
