-38.27845012064744  838.6200104156082  61.367538103821396
-34.05965929073047  838.154888818662  64.5935545034982
-29.88160854463232  838.8998296807207  68.39684181043377
-25.84707522472469  840.8968923799866  72.18747151757289
-21.82388120026609  844.2661936134463  75.7099110269634
-17.591906685125128  849.273718113553  78.8510438077862
-13.00141856818484  855.918212825796  82.19628614578181
-8.477936877866636  864.3656333266879  85.70477328856725
-4.116822444520924  874.4390700324337  89.00008822333395
-0.21430028449545224  886.2305584889897  91.69548531155407
3.4704937049758775  899.4319328484326  93.85540022212791
6.6097677537385024  914.0287334402924  95.78522477392063
9.27689010647892  929.8214322671043  97.39283335243798
11.331236104522116  946.8766508846566  98.74154523542182
12.897136673152497  965.1171384911844  99.49766361193281
13.960782167858488  984.3645859914586  100.05181589948013
14.312725100718815  1004.4199426343371  100.28689660914917
13.952067269091355  1024.9791437835925  100.63929121355272
12.67911612691791  1045.9419702231537  100.81207969619207
11.023727079717382  1067.2038351404658  100.77320275378837
8.985806518037995  1088.6826597216261  100.59425064652032
6.663420374310433  1110.3731439378969  99.84169398990034
3.6896147085093842  1132.191469100842  98.85671016249424
0.2468996259366385  1154.1439722654982  97.20185928111192
-3.6110770866860205  1176.0616850207912  95.5435073542269
-7.677664732486447  1197.799503755832  94.01225874178172
-12.004581263802002  1219.0336342601074  92.8917318786894
-16.679955593566056  1239.8545455503838  91.23489161478803
-21.652982756325486  1259.9480301065764  88.71037623382475
-26.99290592910825  1279.3984123367113  84.90890360291385
-32.50632378441103  1297.8113282512015  81.49985857149971
-38.681248915901605  1315.1612938131225  78.51640667521447
-45.37176499741405  1331.3244012572495  75.80701446228011
-52.48196167289505  1346.1600957206078  72.42810475571662
-59.95541391246625  1359.6749789223616  68.7397584459531
-67.901790035386  1371.6989997455678  65.424857738833
-76.35352869175787  1382.0533149323635  62.41150613474966
-84.76046366373991  1390.6419519472688  58.93880906719156
-93.53769599703064  1397.6135457835212  55.6311150178055
-102.24104278754758  1402.9267082913852  52.5093253630666
-111.87147389693274  1406.3859025875133  50.04543560270579
-120.66509187962609  1407.8826779427566  47.35419564818989
-130.35206602810962  1407.3852358190554  44.52243052486992
-139.37397007365584  1405.3787088030288  41.47307670707971
-148.342514958234  1402.0055666804672  38.33909935573899
-151.0473649170698  1398.1129489791026  34.63932035482304
-149.6661130133369  1394.5551797780513  23.164755198837693
-144.38009003005078  1391.1465550074631  11.011517330168669
-146.89891021779343  1387.9494824060139  2.796249899581011
-153.4243907045606  1383.7802791063873  6.211335673643677
-163.09990939160144  1379.9502056596273  10.486702525881762
-169.66538557591787  1376.528900244693  11.705422078514102
-174.62132995874052  1374.1254153030231  10.276071625973653
-179.63134510607674  1371.963841589968  10.303633944199277
-183.55019915461216  1369.9076239879623  11.048783152901558
-186.97941271086862  1368.1049670981592  11.585130314371293
-189.608542500777  1366.9086247779758  7.050263213713736
-181.61452617888438  1366.3432903446362  -0.15783068149568535
-172.19910883140238  1366.0503122248379  -10.298812758991854
-160.9211508595681  1365.7222773041965  -17.187875053921992
-158.04805247893756  1365.3568214687257  -22.91541018329056
-154.28077815307117  1365.2145157650464  -27.218595776748295
-149.86104296117045  1365.2319771384302  -31.446498775556044
-145.78395148473746  1365.3270379876546  -35.22180916231359
-142.47817440429498  1365.4675412080069  -38.212873056478806
-140.02436051633114  1365.6598991959831  -40.741339431798416
-142.73827935547797  1365.5935776618903  -42.809752650361894
-151.25190558976323  1365.3495697739957  -36.14116500956359
-161.4448214603295  1364.9719672909412  -28.041166976314543
-168.3998270407746  1365.140220172602  -22.834279484314656
-166.48704424533457  1365.7778956681766  -27.20180674091914
-167.17387189896  1366.219759289701  -28.50726013112173
-168.81428799814523  1366.2767577744273  -23.795387866997956
-175.931252674193  1365.981321899481  -15.581999521052253
-180.0546850134259  1366.0043990380484  -10.663413425081968
-182.5850546037573  1366.1384026462295  -7.346326460646631
-184.43170214856016  1366.2995753934858  -4.713474238112568
-186.27327967976018  1366.4931570939589  -1.5985240327364223
-188.13122551496207  1366.7421445089005  1.1873269934212698
-189.24293462005818  1367.102759835078  3.3446477061679603
-190.20431707088724  1367.4626549347065  5.137562253824202
-191.00019737927846  1367.8632364707662  6.804172171258056
-191.77543553311824  1368.254981605426  8.312122073991883
-192.08995501478802  1368.7314846693598  9.581317212332921
-192.09875620226626  1369.2142021894172  10.674455802196878
-191.7906401500423  1369.6327449837095  11.650148001700492
-191.6056880349367  1369.9188062398348  12.613926657685028
-191.07166436689397  1369.9923524609683  13.564514280988398
-190.3338342211159  1369.7989738179112  14.497371119362965
-188.99247537190686  1369.2483724614804  15.365462295241722
-187.49805026811194  1368.2653312454881  16.299974481872326
