-14.915361848162995  847.7288478166333  52.01593353990207
-12.587518356516737  849.0299176126463  53.18836497540728
-9.990390021768912  850.5806828775105  54.58998039945315
-7.047827394983513  852.9434574679856  56.13800304251701
-3.9553716853606167  856.1818414134963  57.928904369153535
-0.47440603834909734  860.344570898534  59.76351091580413
3.22722368787764  865.3687475337715  61.81443721279189
7.191109943426937  871.2856262739123  63.94268636746496
10.89003031407642  878.1554379484623  66.27037698846644
14.69449290270891  885.931051758522  68.32061860671013
18.2009641012176  894.5586155516503  70.26479669890469
21.879779493663438  904.0814186332898  72.15901867179227
24.98450296938666  914.5891275207296  74.12823110416731
27.80172672263163  926.0998339265818  75.8956672587551
30.18791364870103  938.5296684238466  77.33516829254118
32.18020799195004  951.8375230070124  78.50437412827007
33.782593353291595  965.9031464389325  79.64731293194075
34.94720933574512  980.6531124146378  80.8906663394593
35.43589813153993  996.0265730263764  82.2170111188708
35.284720682653465  1012.1376779138507  83.40843860138526
34.408661436897525  1028.9803416001012  84.44162170249078
33.26056561751595  1046.5501939242374  85.20455689926837
31.814218025543997  1064.6792873599006  85.95789327018431
29.886829611768857  1083.2657467280583  86.61045101152494
27.457532671797477  1102.1873309407683  87.13925887310671
24.66758972044048  1121.4377000691334  87.3877332820719
21.667494443383347  1141.0249948777623  87.53857879201954
18.736711159116766  1160.983394996953  87.24863765361344
15.382807638313366  1181.2319459515843  87.27187595154207
12.07273870413143  1201.468295854525  87.1605826315442
8.408123845673172  1221.6452539687448  87.27814510134888
4.667900848827259  1241.702585706196  87.08370757875852
0.6919921495077501  1261.5895345597503  87.13929392710091
-3.580518976693378  1281.0947270051001  87.33978549253682
-8.277575678569221  1300.0851246367895  86.91744901328616
-13.280970726406803  1318.6495282345725  86.3743961625664
-18.5232615479168  1336.4244500178008  85.22833034599984
-24.404918972509805  1353.4771205567517  84.10655123878003
-30.553501237762003  1369.5131188063767  82.6537241136774
-37.30039789539558  1384.5410927815365  81.48337029678873
-43.865621922498875  1398.2125887996299  80.82311198847655
-51.33020882201038  1410.4746588702617  80.09430310734032
-58.88667923127207  1421.4088474768193  79.32080601500789
-66.85191263861736  1430.834782091828  78.42061270578637
-74.93597631372428  1438.7824618775094  77.437750639175
-83.24280486601538  1445.349333014506  76.44251249447326
-91.76813773395493  1450.4193572913655  75.32851593272285
-100.02746759794799  1453.9552477190034  73.74323528589566
-108.3870811437825  1455.6325352492765  71.85526863225664
-116.22197220692813  1455.7358668939578  70.26266956056543
-124.8490729435786  1454.1905050210137  68.56590214448923
-132.43861895327402  1451.5490390218272  67.10932164761621
-140.8083328556889  1447.7281117381347  65.3177439244779
-147.4796422629065  1443.2843447405262  64.17888884805068
-154.235272402797  1438.0304209269323  63.118495203149934
-159.61794117728064  1432.7726651810542  61.86200659597299
-164.76049783149338  1427.4630227010593  60.41310971490847
-164.19690987877078  1423.0961956609635  58.42983384832
-164.77847747540602  1418.952306151317  56.66717371380026
-166.98486375196848  1415.1211388276658  55.27355004076895
-173.6568373581149  1411.1913785652578  54.31166012984634
-177.9220810994692  1407.8089427382831  53.50254931376801
-179.4218769767162  1405.076601492936  52.4799833222192
-181.19711997333437  1402.6996647219325  51.72665047325347
-183.07914309807538  1400.6219157932592  50.87676067658356
-184.92757379758876  1398.8137941639582  50.2740727477596
-186.213644368148  1397.3096461137961  49.54069594584837
-187.10243977673284  1396.074227785735  48.83802298677247
-182.7778570017349  1395.8119560723353  39.495911550798674
-180.248026942785  1395.4759612411356  33.64475867597033
-178.46394257962368  1395.1864137971202  29.36658239464368
-182.67365430237805  1394.2431021887653  35.33275735050419
-184.68085460665682  1393.7176209168863  37.676821151086166
-185.64471099164734  1393.408025917655  38.473291484125376
-186.0119244591364  1393.1398862108204  38.43155330391622
-186.82468563305528  1392.8901151132811  39.23152248397196
-187.87459613192175  1392.6633750434262  40.442890045919235
-188.59285641920843  1392.5344279002588  41.155749783236736
-189.04073792507427  1392.4452100231802  41.510474249950875
-189.52128130640108  1392.3547580363706  41.99718497702672
-189.95632216963338  1392.2816170145645  42.436226189339365
-190.42123861536777  1392.2086891272252  42.987326279097196
-190.72342799012955  1392.1641580751998  43.2939961215379
-191.08088771866022  1392.0897891908176  43.774204695472285
-191.35151433394122  1392.0101877586471  44.13351982948583
-191.66349615792512  1391.912761786432  44.67734103770489
-191.8045448792323  1391.8181962891654  44.994742694581426
-191.9406872736007  1391.710486637533  45.46658364693237
-192.02031560482624  1391.5261902078244  45.72716066281439
-192.0690133009928  1391.2934528349504  46.19202625883601
-192.02266340207214  1390.8594484694881  46.375984612556714
-191.68196743259054  1390.32993430487  46.75333558443916
-191.09880525176033  1389.5046515568333  46.748423895684354
-190.28105624903029  1388.6141221717457  47.09930433928484
