-43.30248315692155  858.6876793479906  58.4677588534716
-41.93782436928133  860.6813539124383  58.81213576490484
-40.18337398825396  863.3632246649818  59.01121834846287
-38.06449845740937  866.7888003454862  59.209606767647045
-35.719659433734215  870.9937935036261  59.348190383488266
-33.20858180070005  875.9502964718154  59.59154401474683
-30.706346881172365  881.6144023622935  59.901118534906225
-27.886896820158746  888.0104159185254  60.3359080686564
-24.889636386646846  895.2380310752183  60.78820840868059
-22.026987427801533  903.2857149164347  61.43643573880979
-19.332351902059944  912.1432338430358  62.05999547072497
-17.04908133972993  921.7833072644385  62.90183027772224
-14.586999924549625  932.2997466272066  63.59933087057425
-12.373567875098486  943.7302154657916  64.44519859581399
-10.30202983615494  956.0012035146135  65.24808474420566
-8.611318284699115  969.043838339386  66.08494811988014
-7.142959957529013  982.7797264014296  67.16224720102454
-5.867564653503898  997.2019412935533  68.16730681643732
-4.824072294623182  1012.2375406268467  69.06688105967021
-4.170911068813768  1027.8541312719785  69.56822911765224
-3.9299442916461222  1044.0070847416494  69.75655928933305
-4.288310217514498  1060.686740541932  69.74208893551467
-5.015088940762684  1077.883604809495  69.56225602732594
-6.063655251670033  1095.5906627489878  68.91296930368702
-7.310981671300889  1113.7073280142554  68.12766320918911
-8.838848171611778  1132.16591510704  67.07206609563123
-10.658936781607485  1150.8516564027136  65.93822894641849
-12.692254977119108  1169.6592958853114  64.73465044778146
-14.926630981663662  1188.5016197697887  63.68801487533841
-17.410569197912867  1207.1799143973885  62.631515571794836
-20.299268763739363  1225.7916251952804  61.19638199212055
-23.50012396275531  1244.1580264563104  59.54893597918172
-27.027774735398786  1262.10318521301  58.15768023327712
-30.619317205183748  1279.379758878972  56.20573958146408
-34.40627448312376  1295.8069637676201  53.90367654472979
-38.646550018775116  1311.187094938899  51.20895879134666
-43.5177366756546  1325.4671036568516  48.73173739124992
-48.888291889767004  1338.5943008069191  45.87803806775845
-54.51116290906303  1350.6266152561577  42.907618922068615
-60.18039587204794  1361.3266473033061  40.08481596464418
-66.36049579566345  1370.6186827452668  37.17621414213348
-72.93994226777451  1378.5046312210625  33.68614968598183
-80.0766698417895  1385.180609666589  30.36521184782332
-87.1863133357923  1390.7372232740477  27.266425745331432
-94.56148713913348  1395.1225867762837  24.627329448239283
-101.85371104751917  1398.130316710406  21.335740146188673
-109.79329920400112  1399.5366084560485  18.19710615794557
-117.69086882102944  1399.488143110422  15.439113325691034
-125.95669494343444  1398.1212597909011  13.425806479174499
-133.6816326443897  1395.8942018555078  11.620839319654884
-140.82783770754673  1392.9660787404107  9.856909483581832
-147.21502979005018  1389.7040489941612  8.058802563880976
-152.75363173830632  1386.2211665614252  6.266355829622903
-157.68567397796593  1382.9196944928005  4.515061035114386
-161.67515448228235  1379.9253113305383  2.878882122731872
-165.07010877451893  1377.4276875149171  1.360839566866496
-167.86856265789046  1375.3020448617303  -0.11179362897292067
-170.0456823913705  1373.4838849701764  -1.6126149405796582
-171.7686902855035  1371.8978247712705  -2.997202405604978
-173.03670357394572  1370.5547848060792  -4.212984410694898
-174.28280471040364  1369.4800908655218  -5.142814539873244
-175.3531992023892  1368.6597912843472  -5.994146521965712
-176.24856252045154  1368.1006345871747  -6.765144742964812
-176.9118437865867  1367.7907157892992  -7.469133405762956
-177.41984172422207  1367.7118521665527  -8.089375937032703
-177.71223649300663  1367.8310230866118  -8.65174926844993
-177.93968796583204  1368.1145771142483  -9.184763734522015
-178.04678468626236  1368.5789128429858  -9.654882136091551
-178.2100074569887  1369.1575351249624  -9.987007997732395
-178.23859979078895  1369.8220250419201  -10.172268446728573
-178.15535517410984  1370.497546651341  -10.280477697940558
-177.96482563424775  1371.1884745969323  -10.385419157876887
-177.71362971779968  1371.826649282268  -10.490354210796246
-177.43325972174185  1372.414841337178  -10.502940782634333
-177.12147187983598  1372.9259421137049  -10.363432411997074
-176.8201652659669  1373.359787997678  -10.180779482655636
-176.52059840244902  1373.7081431659701  -9.768209805745023
-176.1799718734742  1373.9926767370996  -9.41938146172854
-175.7717390179335  1374.2036239189536  -8.921654068095076
-175.32105517995745  1374.3069967416757  -8.586525753777668
-174.81317871747262  1374.225666070172  -8.157158996500243
-174.37717414891085  1373.956150829234  -7.792323085730819
-173.9084004922186  1373.472551787142  -7.027752483229044
-173.61495688206162  1372.8432486683973  -6.287943598416607
-173.1438436463276  1372.046989262078  -5.427764535956797
-172.67048884524888  1371.170963327128  -4.805323351229188
