-55.88325740660868  849.875548767096  49.174230602582
-54.42294550076219  848.2050392705751  50.06836386847537
-52.7499820567997  846.8242498497949  50.82715487891639
-50.73540739931456  845.8392105936954  51.41521757295515
-48.382547193416805  845.2391430960872  51.81244403983115
-45.58383469461274  845.142365197156  52.21608724534501
-42.450938980613245  845.5397997509135  52.74803482569038
-39.09790979059463  846.4894335609558  53.44759819534226
-35.577372007319  848.0949340248509  54.385968359895486
-31.98215158331955  850.5075307037455  55.44221758326304
-28.290061019557395  853.8342479047027  56.62863652619202
-24.56672404767548  858.1810919931461  57.7588971862979
-20.852227006058257  863.6090222734251  58.76427235637384
-17.289915195491215  870.2247233624838  59.576772064002796
-13.722272006512737  878.056615779688  60.06391612076621
-10.237997109411886  887.1582126641808  60.2902551879541
-6.920302195643697  897.4572870091155  60.254427083174356
-3.909394939139724  908.9691413861116  60.04543460153391
-1.3466948057749073  921.5600512751975  59.65724288217892
0.9105657429396308  935.2599497642866  59.147967609450944
2.7614653366211774  949.9349002623615  58.67538467053654
4.37271489237531  965.617878712134  58.29006179335934
5.511742778377686  982.2020026750115  57.87443263213246
6.205734118067362  999.7296353361238  57.44631982345727
6.388611458547646  1018.0633083437397  57.01318225361707
6.051655072998647  1037.1658156661713  56.99950802163784
5.133514937008331  1056.8181050916476  57.2427849092755
3.650208055087459  1077.0485583890866  57.31009025189002
1.7162605396761808  1097.811640353346  56.773235141859715
-0.5460666795852167  1118.9398534804989  55.880629900410014
-3.285743284351825  1140.2052466225937  55.13617140313413
-6.2943751790206335  1161.2870754921464  54.755590950821166
-9.547640068524254  1182.1598967922087  54.49581826851438
-12.87880770897572  1202.707889092599  54.243215364342426
-16.338498240057206  1222.9494576850059  53.82455264215277
-20.182868310116206  1242.9356707105692  53.614903984870615
-24.788297688336755  1262.3350487215662  53.06706118258768
-29.96581437700127  1281.2428328752435  52.528213133433496
-35.53648041556089  1299.3988498856231  51.77748005404837
-41.42052675388404  1317.0387199847512  50.69106954651162
-47.46861581811239  1333.8155652722191  49.52662567518147
-54.17857388161192  1349.4765770924255  48.24826751147033
-60.997094905771306  1363.857755638783  47.30923455258066
-68.54852284686756  1376.8529834842252  46.15867304247406
-76.2473267757809  1388.5614626840504  44.84971129102726
-84.020094278518  1398.8947555214631  43.65454988409172
-91.97509033606869  1407.6505980526185  42.3511776602055
-99.84340364287581  1414.9875506726426  40.8321873037974
-108.22788723501388  1420.6428875518748  39.39256602269949
-116.68754778353218  1424.7221193103312  38.20035927022768
-126.02958665950106  1426.9150888886163  37.36133039262773
-134.54221820712397  1427.5231055595104  35.633871331194726
-142.95016169100586  1426.4605689978719  33.379895790068375
-150.44685144702214  1423.8443587885254  30.848674288352246
-158.45296697352316  1419.6473426931066  28.93591869655884
-165.94518187227203  1414.3312581159535  27.479082124850237
-172.6164706488684  1408.1842792693708  25.59226751012805
-178.32623220408644  1401.7501884831036  24.101028835619715
-183.30924351822154  1395.0327909187577  22.313428242876135
-188.03290440212143  1388.5659699350367  21.010007019222872
-192.11654908069625  1382.3472358402776  19.405731881430874
-195.48955373174925  1376.8368205558181  17.679017986940956
-198.18308661710935  1371.815775716624  15.95829735826132
-200.2955959187372  1367.3505241208143  14.04184768609152
-202.08097121880164  1363.3310282710715  12.323460191493444
-203.4002614458867  1359.8730043130759  10.438919073027263
-204.4965854915355  1356.9646347471753  8.673321271976812
-205.1250194615088  1354.5465490210952  6.949255945106295
-205.63451794205872  1352.550939434154  5.375101408461916
-205.95178694497392  1350.9435194733214  3.9383940862582163
-206.25666141074544  1349.7074433736027  2.6697157418538127
-206.3897914063528  1348.7700732561684  1.6020396535821322
-206.53381964570494  1348.0757655697928  0.6860568137827968
-206.65583216872946  1347.5977926383798  -0.0971449838826407
-206.69117519706333  1347.3090242889084  -0.7898911048007103
-206.6605649785745  1347.1654998908566  -1.3904808255580763
-206.57484104955313  1347.1411694555131  -1.8338493449220623
-206.5320010049532  1347.1574939804314  -2.1142838634850865
-206.45280679985922  1347.1780975317613  -2.246236388768572
-206.34466519125044  1347.179735643434  -2.2457857534418135
-206.21479144052384  1347.1892245627494  -1.9992612157719514
-206.0548816232675  1347.2459651467361  -1.6814730407986858
-205.86501575748176  1347.338177108139  -1.3093492721582638
-205.49992010154784  1347.5102374991025  -1.0048920169924107
-205.08701426425893  1347.70810499502  -0.5746114317703906
-204.59849477338494  1347.9141386639685  -0.07242608468646283
-204.16379518999258  1348.0830904266209  0.6575220816992231
-203.70843126083324  1348.2375685866064  1.381014972011462
-203.23533132375218  1348.3973550214146  2.0841769900326774
-202.84145772652775  1348.5068009617037  2.5952958909108137
-202.43766628431132  1348.558862957539  3.097466093745964
-202.16108584817712  1348.5082159942356  3.586857653550018
-201.8464937429502  1348.3091004401874  4.0498762500313665
-201.5812940532148  1348.285023171885  0.3766359535338557
-201.21986689439763  1348.031041065694  -1.8219942666534967
-200.89363304038136  1347.6085960786927  -2.354156123849036
