-7.255386369418947  819.8583960779197  13.073256817776874
-3.3274413292456133  822.2352751669349  13.008773034423708
0.5904880183866843  825.3085123349085  13.175782137795782
4.525617836457714  829.0706975314333  13.527853675302046
8.078211378855965  833.5903090180393  14.065015764747999
11.509871941879474  838.1110331411544  14.674071741255803
14.718782980791778  842.4475527740587  15.312501356690667
17.94011926954645  848.8430137249493  15.983971459474036
20.906403175941424  856.5832582737044  16.86819349968382
23.734446468376888  865.7736833664883  17.92577710273154
26.167418479567004  874.0977926600443  19.039821832479483
28.481094171777944  883.0613788499056  20.003880593882442
30.520154945651214  892.8069671093865  21.097206623531413
32.576496655164306  903.1491075324411  22.123519706538588
34.35130459006717  913.9843024397832  23.047849232395432
35.960823730278456  925.162792323945  23.602158623603422
37.33424576161739  936.7806560319326  24.24063397249391
38.67055808534732  948.7654081796859  24.785069644820346
39.79260641530933  961.0760083134734  25.80990708498146
40.64707138532746  973.5737209111026  26.617121788536817
41.20514817223499  986.4205482200174  27.478939811179494
49.53343900872956  999.5006927070266  28.688989311189
54.503197836493584  1011.3801722914131  30.862976447275887
55.67591424288686  1022.8124928053791  32.78916609445783
48.82946412758405  1036.0762533668674  33.56324880657988
45.00451867349113  1051.009732423838  33.519595246335264
44.56583423614814  1066.6178679493155  33.81393892572973
42.884905639575464  1080.7066273546016  34.34312312754732
40.19232573996071  1095.1549342375001  34.56482952508125
37.06098217709494  1110.0729144165155  34.29885132890918
34.203797808283795  1125.2616845477212  33.91474501920034
31.69464407513288  1140.5671785632067  33.34142180330848
28.66168918000598  1155.8221923899432  32.68572666300582
25.654468772559788  1171.1231380193608  32.10127229243813
22.253889564134678  1186.2526009920934  31.466064857107742
18.89001635001464  1201.1891243140406  30.834720798132565
14.988701055230996  1215.9915917848307  29.925288457999095
10.968557640243258  1230.5022059375337  29.05453238358542
6.617776335272921  1244.7875701309822  28.25536209865787
2.2592916181120613  1258.7018991449352  27.073847574435337
-2.481020250140765  1272.3746739140404  25.350899039101282
-7.306005325160191  1285.5914301140403  23.32676250672237
-12.72063687270909  1298.1525099051914  21.524061044062783
-18.50690243682813  1310.0084604011488  20.083280376622454
-24.900779408340764  1321.1610341849196  18.76618958011803
-31.29763403664737  1331.6829760649175  17.483815637078365
-37.978126759960695  1341.5176138337772  16.361285136825497
-44.89027818931076  1350.4926492987445  15.486796821838393
-51.98035222888596  1358.5342917229382  14.776065200310343
-59.27549745289319  1365.443420638162  14.15121202827133
-66.86263133346225  1371.2475376948173  13.373061771790493
-74.54927574556412  1376.038457898555  12.871941057379509
-82.47792686876454  1379.695200906652  12.301660753698759
-90.20721545369626  1382.2084761076405  12.136467210806305
-98.35461835679754  1383.3268116557283  11.6413172011808
-106.1766359697856  1383.2622605329243  11.360565698575734
-114.21413779932601  1381.8331633876876  10.269894146064512
-121.93018555604624  1379.100276573829  9.032787496095452
-129.77823789195645  1374.8632110322262  8.014957920867694
-132.572616321739  1369.2166653977995  3.813188956861696
-136.68229512985667  1362.7388721155583  1.2292628080649721
-142.11220377486555  1354.7337110633873  -0.17225854225277942
-151.35744827180798  1345.72206702285  1.5865361022056057
-158.1962632987782  1335.7353533289777  2.3237804307183985
-162.48423147463092  1325.7969586160716  1.3282547050747364
-167.13178524374243  1316.1635202683556  1.4029522101638665
-171.72182838297815  1306.6918137874552  1.3525851224574785
-175.90925645899222  1298.0117016279637  1.617068232186886
-179.13541560739026  1290.0587934536031  1.5788401993720458
-181.82947370846676  1283.0407109691812  1.509072802172502
-184.24377398769622  1276.87970501332  1.5731877270440975
-186.32822883069042  1271.5197156064405  1.6385029104041262
-188.09790544915447  1266.9324220838134  1.7026389276474572
-189.52224844792477  1262.983634015795  1.6551622252050286
-190.6798294279916  1259.597939086069  1.5950893524966514
-191.62625264293214  1256.7231613506794  1.5247882087871703
-192.41162809983666  1254.3163090178496  1.405633467130054
-193.05623738347995  1252.372095694276  1.273439858283295
-193.55939512527064  1250.7890173955836  1.101695509925275
-193.93948470993888  1249.5646028180572  0.9909495555153056
-194.21528599518228  1248.6162357845558  0.8464933215176375
-194.45957266421354  1247.9487950887901  0.6904209665464459
-194.69563823476065  1247.4577058476575  0.597719700223495
-194.92241709117076  1247.1212696168307  0.46910157359101984
-195.13686483690827  1246.8864511444865  0.43508070373673796
-195.30169422777942  1246.74186968529  0.318081661483167
-195.47862619435406  1246.6874614228818  0.3265819867132332
-195.63326288562163  1246.6896697146435  0.3052100918512691
-195.77594284197926  1246.7534401980165  0.3537533253359909
-195.92385449833034  1246.8560115206649  0.4070746084447373
-196.03290351850808  1246.9854190676872  0.47958422172854975
-196.1976954610992  1247.1366377404868  0.6212016905092226
-196.2972451350673  1247.2906097801872  0.7786717834837211
-196.44503717406053  1247.4701772883802  0.9537695161877776
-196.50395984447698  1247.6534694246757  1.126089115044251
-196.6311315771984  1247.8547266626772  1.2816508408691905
-196.65706686676123  1248.041027612051  1.4705561557617703
-196.7660498085823  1248.2524513459964  1.6436013139183387
-196.75746740082826  1248.4574315417226  1.8301689927226663
-196.83683218320257  1248.7029758233905  1.9876961460395273
-196.79993672755742  1248.9241141232296  2.1343543124139366
-196.80723512235937  1249.1514000557988  2.25258285260703
-196.76097879774179  1249.345934111267  2.4289261928376877
-196.73452249310304  1249.5605194569262  2.5642122948901065
-196.68345191549554  1249.7997929463265  2.771560635004786
-196.61822625703212  1250.0764450866936  2.927807647297318
-196.5739886982165  1250.3421239571262  3.136343196970241
-196.6745516451986  1250.5606206947925  3.524038418921892
-196.7809882511307  1250.728369017733  4.076304699135543
-196.97607740838419  1250.855950212834  4.736576187166222
-196.94904293874527  1250.8916761211474  5.565378481186403
-196.81308064895939  1251.1353362504542  2.4079605229225374
-186.81332995530227  1251.42266591212  -3.111363305083426
-175.56945990031522  1251.712579376786  -10.61248853620909
-162.5606251064633  1251.6957994216677  -15.589301260939669
-157.4768585687232  1251.4236274477719  -19.403175914609154
-156.0364986474704  1250.9717885511  -22.9011978234586
