-29.003059311211107  819.7209272110036  29.409732432302697
-27.935786406690397  819.615100706113  32.791281166794036
-26.173781004335968  819.889832237824  35.78083826128061
-23.915106130050695  820.6288420604506  38.31478029098474
-21.305292090344484  821.8065514479832  40.26604852333404
-18.536461367829084  823.4300654579218  42.175228146837014
-15.65275396240633  825.4760177387866  43.940075173653796
-12.50713614437082  828.0596998678708  45.51217117451128
-9.245465874375176  831.2378783216266  46.97857216366511
-5.851176754915737  835.0577941042735  48.33802858525016
-2.4179328879871433  839.5400469363099  49.65000659298967
0.8854274219930995  844.7136658711083  50.617768336258756
4.256089345043028  850.5700043876486  51.28723354408438
7.376464906219759  857.0232299526209  51.72431121528101
10.598313503794127  864.0179651564952  52.099701784233
13.436446536132857  871.4316827880228  52.41906243410585
16.33401196414786  879.2116722694869  52.59075860174537
18.805386781917203  887.2336380692844  52.651483134931205
21.150402024026477  895.5159410294888  52.37937508378705
23.098451288752315  903.9738824140974  52.032626879850305
24.86908726187209  912.6092083212975  51.57053351680246
26.458392165089492  921.2957302629568  51.230957152139545
27.805153065207197  930.0561087621406  50.77130078343882
28.980219725618447  938.8167638487477  50.22951173950228
29.93524100081744  947.6418654511549  49.709935071466674
30.723449464825585  956.454124580787  49.24176240791873
31.295370865194766  965.2757616132233  48.73298339430825
31.57643714020793  974.0100655320067  48.09020004957934
31.65318614958302  982.6420226282398  47.4674781453469
31.409827077578598  991.1303049756764  46.88103972732748
31.16473233717374  999.5651849162416  46.50964763743509
30.80799700871726  1007.9749049581735  46.21795085362463
30.515214151657567  1016.3842728762922  45.78979469228918
30.149381153088772  1024.843448794328  45.272071725752916
29.783139341026992  1033.277227065089  44.86925556392867
29.282462998958042  1041.6895923262655  44.93177273100382
28.614664956681082  1050.0491932525185  45.09468796144991
27.85227457517656  1058.4568292893116  45.07467827180306
27.022690503116433  1066.9366988409392  44.86593546924229
26.15887229686989  1075.4186550967654  44.590812062178465
25.120004291350252  1083.876596100725  44.379942686959694
24.036958202899278  1092.3091340725323  44.08831505645418
22.835791358676552  1100.768526675034  43.629535568329715
21.54094445661405  1109.2918138482496  43.10677210539554
20.19583807580125  1117.8822782241632  42.5495378099147
18.597553985667673  1126.440393615088  42.062839903381736
16.91724955995735  1134.9300683043832  41.549244055434485
14.761029967089609  1143.2685850833648  41.096440680307026
12.623014571891243  1151.4952923844062  40.74349044430419
10.196020011300892  1159.6598147014256  39.897765611667765
8.050465565738348  1167.7559942610835  38.942048649386905
5.703682359497181  1175.7578443418329  37.84320586763754
3.3596140469396607  1183.601441346514  37.069376656662925
0.8707198819209154  1191.280810879408  36.21351821620741
-1.474135391825376  1198.789000691283  35.304104062695316
-3.889345942216159  1206.0930739400153  34.396233181573756
-6.408679505710472  1213.2573963998816  33.45382724809712
-8.999269238861428  1220.3041904071376  32.562815295654566
-11.647814524586565  1227.2748840397157  31.537045875528523
-14.1810227004  1234.1623056847543  30.60547533294366
-16.933994988971826  1241.004693808938  29.593337679224703
-19.556446994816287  1247.7828962925535  28.68402249143107
-22.443915805954514  1254.5232337791374  27.478860896847817
-25.38476600184115  1261.2041392006372  26.30091778449697
-28.343557686497974  1267.8548835957527  25.162571398118025
-31.301481809760222  1274.4415433346276  24.067061656264826
-34.161057537358765  1280.9601745253385  22.863670278394842
-37.26594198017658  1287.3474218044366  21.53392800176531
-40.52619600195434  1293.5933078075989  20.546935577379998
-44.010227751968486  1299.6691163834691  19.718964520240377
-47.5004875101523  1305.5864954819338  19.064942910505668
-51.152804472701305  1311.286914500347  18.020734504785775
-54.92379783961913  1316.679869497223  16.932417564334642
-58.976506072049446  1321.7346379588214  15.852576884655807
-63.02216258081134  1326.4560667277242  15.092286048065283
-67.21001505941669  1330.922385520756  14.445511614043397
-71.37227987807474  1335.1264467756089  13.675026058235613
-75.85212717874641  1339.0141133100167  12.81413883991684
-80.43788972113732  1342.3859562866157  11.980444618114616
-85.4465355522733  1345.20747107759  11.259405625421966
-90.52505092370606  1347.5365341213233  10.771447002279052
-95.84384415674224  1349.4106026963946  10.19462772815226
-100.99458969157567  1350.8056096864927  9.770811781813716
-106.51176125567932  1351.486371733552  9.153877347011765
-112.18561644749707  1351.3956861644192  8.798229711854377
-118.46532655940004  1350.3312005502728  8.367667015773662
-124.6778460138618  1348.3788713538916  8.530302195268105
-131.22792999600173  1345.5304549360787  8.715029505061395
-137.683081284055  1342.0128480922767  9.127004435555245
-144.50014378760196  1337.8737701371174  9.157773335417126
-150.79013095511507  1333.3912056337047  9.353027982759443
-156.90922775457946  1328.6012437691336  9.580304673945164
-162.33139797216916  1323.803990321039  9.954103952529795
-167.66469771919006  1319.0891197441588  10.321526180338346
-172.23691352358196  1314.7401662006444  10.815757078123735
-176.28632911557946  1310.728203208585  11.346602608462062
-179.7452301356375  1307.170252905445  11.765701124174887
-182.94638730826978  1303.930029047484  12.133513242953603
-185.82956535028234  1301.0425588882895  12.57900871675658
-188.4066338041689  1298.359188781306  13.089659846308859
-190.64764446424226  1295.9540041038888  13.579328254832
-192.57410075782508  1293.7918292158017  13.992968023128242
-194.17998958559852  1291.935763754596  14.35807919799741
-195.59481049526462  1290.3463118429854  14.691833254877885
-196.8362667633874  1288.9975684623223  15.02844638464305
-197.94067400828976  1287.8440159224492  15.379064139434822
-198.92272832629567  1286.8826736497695  15.731233187510178
-199.7712742723545  1286.1062917040153  16.06177252055792
-200.525137358199  1285.5249326976927  16.355111873377982
-201.13454040356578  1285.0314978045312  16.605384513190494
-201.69186632733812  1284.611707722307  16.839728216758925
-202.12265997659418  1284.2194816972894  17.049356976424438
-202.53640623756894  1283.9060702032295  17.236123887538717
-202.8228213855645  1283.6542862656313  17.37972587091132
-203.08516559015706  1283.4337554616236  17.595074651852986
-203.2349737140669  1283.2428751687603  17.7364622473108
-203.39351337520097  1283.0687835995668  17.95197616519228
-203.4666350439233  1282.9500150873514  17.997683333319515
-203.56138239166583  1282.8743956978667  18.176577961307736
-203.58468251590264  1282.8265718768962  18.216238821240104
-203.63722525585786  1282.819505178805  18.396090454229896
-203.6097707607003  1282.8138839300607  18.409494286002985
-203.60108871494697  1282.8756089713727  18.533204579058427
-203.51470706435455  1282.9226957068752  18.50252343625284
-203.46520784370546  1282.9926082080012  18.59296403385951
-203.3493329823132  1283.0373127493895  18.557117579556195
-203.21164150391007  1283.0904511957124  18.595428917281613
-203.0284266247063  1283.1489096039188  18.489718844721256
-202.77605450237368  1283.2142971829871  18.471749864694015
-202.55659168212608  1283.283209867501  18.38701709913162
-202.28192841192867  1283.3905725749387  18.41514038523186
-202.0301165906306  1283.5227925531324  18.39644081241193
-201.73755785147068  1283.7114227228096  18.419308837538527
-201.46314800481622  1283.898211862671  18.41273684063229
-201.24490156762153  1284.0584574476316  18.43185802712038
-200.99949874080846  1284.1745040201479  18.574227737866874
-200.81823706316845  1284.263320450799  18.74952990694625
-200.59853313786067  1284.3663239380073  19.061428418763043
-200.4742343064719  1284.4707584649072  19.311810491416104
-200.27880409808512  1284.5671892901867  19.606053822764082
-200.1624720413462  1284.662799520506  19.841372422219543
-199.96558189239  1284.7478739580508  20.100308507763625
-199.84517409028098  1284.8744681464573  20.3639255828658
-199.63333063145268  1285.0217486725135  20.626112978378647
-199.49135025813484  1285.2386724484643  20.900154789248962
-199.2400691961708  1285.471970343249  21.18284259755957
-199.04275729953875  1285.7592416960917  21.472243994477076
-198.82536513058375  1286.049512663347  21.753117992816254
-198.62944446319725  1286.3847932279582  22.023021106560066
-198.37907454345316  1286.7077487973886  22.26814162258274
-198.03862695411794  1287.064958341004  22.497027914249465
-197.66694417386137  1287.4040568407236  22.682945266335697
-197.14060128315168  1287.7646712338028  22.854127269068027
-196.56401142722268  1288.1136410551096  22.9476781629745
-195.79579354772585  1288.4859720335037  23.091040974713806
-195.05976342325994  1288.780399938018  23.219669108573935
-194.08772548190268  1288.989180137645  23.395869773489498
-193.25773814540784  1288.9023205497601  23.59642259469622
-191.96006150318985  1288.5051517142547  23.878259576805995
