-15.312680928877459  773.3546052868356  58.31033376936843
-10.904867071988553  772.0377381441577  59.89238943463696
-6.358310762342164  772.2275269466254  60.75798992618482
-1.9318257712151872  774.0720246418009  60.94784750687774
2.354352325868967  777.4552879891318  60.01270557008855
6.455462098930701  782.658344126069  57.949685400894566
10.31397147740672  789.5273764809731  55.66156979233533
14.01358642108113  798.101822523075  53.38532083704762
17.31594606900904  808.4012069701312  51.86949145090548
20.31667679903707  820.3655985111725  50.30305475640894
22.856629608183084  834.1687235764276  48.102838654698985
25.123125296839632  849.3690172577224  45.183120186424546
27.112288774268745  865.2099336048161  40.91267972318569
28.6198807559172  882.9274274900337  35.838664808952956
33.40087562303072  901.7988575550215  30.961068916208887
36.271658616654925  921.2903099355026  27.450535854933882
37.2404850552139  941.492555730387  25.557170904963247
34.12845049376069  962.1457980394702  23.864385869780584
31.932445943072178  984.3286935938019  22.308436450604948
30.945042966466552  1005.7993143567729  20.645985890186445
28.908959134396028  1027.297071456992  19.52727637912114
26.159194661613665  1048.501054147178  17.906892065738294
22.35182762491364  1069.460878949277  15.880865601460174
18.400033578807758  1089.9924265630027  13.698691400732626
13.789602070774707  1109.9752181841527  11.651527850904834
8.688187821313225  1129.3927436625754  10.052372219119635
2.740278719677875  1148.1385901882732  8.389057761619446
-3.755419148064099  1166.05434469341  6.826835002354589
-10.811447744686316  1182.9488279114266  5.146237379341392
-18.54120191012308  1198.7312780799798  3.3435161204174877
-26.9900976577353  1213.331498066958  1.869790032231569
-35.874094842616365  1226.697854867506  0.710182521370561
-45.033627037903145  1238.80093795241  0.09251051008945022
-54.51539477413302  1249.607212109785  0.03610009793130745
-64.25338677781386  1259.00352888458  0.16056145588004697
-74.2425763862752  1266.930788360155  0.6302616478128669
-84.2553287273427  1273.5426371468045  1.281030247260529
-94.5436954629335  1278.573653681717  2.6498211073717752
-104.7699652660623  1281.8846400228801  4.817807194532065
-110.01451970255346  1283.171893512017  3.22280564410716
-116.46656600564589  1283.1897390904467  3.0280225738855497
-118.46981705181724  1280.829457931733  -0.8758777947303646
-126.54640051425156  1277.4592980298492  0.6745228328332735
-134.5726027081663  1271.657266073366  2.5268300172659606
-145.2816162946793  1265.5520568296765  7.018375166982697
-153.43584407182004  1258.4649272443837  10.051120318279638
-158.4420969550918  1251.699225763626  10.8275318644539
-163.7008206930011  1245.2113967426126  12.170597610914433
-168.42527509034483  1239.024084081708  13.204980926924579
-172.67787851311712  1233.659261332751  14.233979587506907
-176.02799754042184  1229.062905645635  14.897053163509934
-178.65296359899708  1225.2356654457917  15.21698739416372
-180.95904442948523  1222.0766454060624  15.475752960377447
-182.8748573965457  1219.4424827389935  15.567351504060326
-184.48864768482088  1217.3630075711542  15.54149195120229
-185.72436883128384  1215.7223508509546  15.364451996664217
-186.73064524264157  1214.4601815016194  15.109246350808501
-187.66350857309715  1213.524546008598  14.867180970389098
-188.52678877854868  1212.8434085839149  14.684971096640554
-189.31376270129905  1212.39208681453  14.384855295713082
-189.91851082835882  1212.1135092199522  14.07234733877693
-190.40677357799316  1212.0171165160768  13.788674006541019
-190.79267086991211  1212.0548333928841  13.604890151007586
-191.12682678201395  1212.2332693159196  13.449889548584895
-191.39092559494713  1212.5082519074203  13.319620855077941
-191.61078283165315  1212.8635100440315  13.234293987498548
-191.77454214456495  1213.2646726470416  13.171640881088749
-191.88975196538644  1213.6909296634121  13.127373646657215
-191.96349147732073  1214.1106291972283  13.071339661738419
-192.0387761267341  1214.5086616823917  13.060992964945111
-192.09046900570743  1214.8651629042631  13.052872560709755
-192.1303730587142  1215.2172070117922  13.061603679236157
-192.10239293860786  1215.539648807386  13.046270364942082
-192.03819899776056  1215.8612512003829  13.036404122696439
-191.9187991565655  1216.1443414507771  13.019573758441194
-191.84468914466942  1216.404038921825  13.082507646690704
-191.79747666203968  1216.6246984240204  13.173839739469573
-191.76703836245542  1216.8184911005487  13.309598793873748
-191.68607279043636  1216.9940338871943  13.376230495927707
-191.5961495145208  1217.1408129730455  13.491412991800365
-191.50304955926518  1217.2622156633292  13.593282427220263
-191.45766273608967  1217.3559752560172  13.77158991541146
-191.42014505784593  1217.441691110017  13.88521300771669
-191.40840667601972  1217.5217161112005  14.05000006960331
-191.36920442734265  1217.6187513892012  14.165293408890884
-191.34108742425786  1217.7439811912207  14.341684532316263
-191.29664397378824  1217.8953518822073  14.52779072904701
-191.25691998787556  1218.0720114604808  14.73606354754833
-191.19939603381673  1218.2737265042888  14.931447848425726
-191.1287958558851  1218.520477803425  15.105937070778525
-191.05539728445294  1218.831593605203  15.292695903514481
-191.0181685169773  1219.2168701569506  15.480918012414257
-190.92946877237597  1219.6800974412936  15.660681047835165
-190.7737948704385  1220.2671206888951  15.827989485371019
-190.52688160001622  1220.971919961971  16.01116175248918
-190.0910263805326  1221.8594127317892  16.22368358770301
-189.4348837675426  1222.8749651226126  16.677855548226578
-188.54613317386324  1224.0298144933204  17.237714677703117
-187.61890622404914  1225.2373291248236  17.89400344393661
-186.26919514325047  1226.4752676793148  18.36358153250731
-184.43510683615477  1227.5272986439827  18.75884925500958
-182.11292189310754  1228.3806468830066  19.102653650922903
-179.51786790880314  1228.849182103056  19.46220969500994
-176.4502985006706  1228.947615554273  19.873327259673296
-172.91270253524831  1228.501288857954  20.241876017890377
