-18.14083748832791  797.8250100188382  28.37866669627151
-17.35632716689744  798.2322362473412  26.58851828695221
-15.408889074740166  799.9651208116136  23.928037744529274
-12.71157681635002  803.0959274999635  20.68207080552427
-9.107961619601816  807.8026613247524  16.96543371314649
-5.179662120739669  814.3205744878136  12.609413418302971
-1.0445958497911385  822.6569725464356  7.968530621056903
3.1988781898471492  832.7734345838223  2.753454162819988
7.236290972920564  844.5156025553483  -2.0442656598936733
11.167607696579388  857.7331381872715  -6.100946030570917
14.696988736102039  872.3291815450864  -9.215508498535591
17.90163921820725  888.2161911772455  -13.036539988140412
20.40546028920705  905.3526735060968  -16.640391126790078
22.377904051627034  923.4899658713812  -19.928140162991333
23.790998686465347  942.4743437858851  -21.820943413378544
24.73029012270109  962.146931985712  -23.417604617479494
24.92143004602597  982.5729882907901  -24.79887075734748
24.589190024503313  1003.6744754299832  -25.53771991599837
23.404439366415346  1025.3554756704689  -25.673102108399405
21.768758030763884  1047.470951895355  -25.410122851575412
19.0682736738012  1069.8617404090387  -25.02260603135002
15.840016967688715  1092.3004914619546  -24.58343045808384
11.615322832896558  1114.6938918583498  -23.872037045675878
6.822903208945712  1136.862018911896  -22.89833737438557
1.217386339262009  1158.7263993170743  -21.76708190763384
-5.007536997175726  1179.9701052447892  -19.734520189641145
-12.255960831047842  1200.3925508492578  -16.888619035927533
-20.13215393088991  1219.7734582726707  -13.569826220657994
-28.67890252636322  1237.946291574461  -10.30594728003076
-37.45646486827683  1254.7660631572817  -7.59880332923641
-46.84381639421919  1270.0157586373075  -4.317613269436729
-56.58258856884962  1283.555652811372  -0.9129720919111777
-66.60395328607484  1295.0803218066367  3.0519521010908663
-76.70521945547296  1304.8158672483826  6.672350516309473
-86.99046782161167  1312.5725892076225  9.950242115852003
-96.93475944077854  1318.4797862139153  13.017648421488055
-107.15324857159845  1321.9586021609912  16.185073320353652
-116.47359232194205  1323.2867833296937  19.600093371886757
-125.50844282642545  1322.325091020076  22.376429530736242
-133.60531949779454  1319.6728064915371  25.186607345039587
-136.61777720731737  1315.0362961520266  23.159375686188035
-136.46752130313473  1309.7276848942906  19.171688500525534
-133.60847039457676  1302.929757735953  11.979444023047021
-132.89267390365612  1295.3709045367352  7.529971416942052
-137.07180591330993  1286.5448687263179  7.406963371467777
-145.99144671524937  1276.8095015056654  12.146997749771302
-156.1847354037409  1267.1602021748702  17.780291757719212
-162.97599029131663  1258.5514355849427  20.89442266486842
-166.35549340340913  1251.4708359410665  21.572415620096095
-170.32384584087822  1245.7844476791079  22.888692645490348
-169.72760270682426  1240.7246012982066  16.663399929743168
-163.32668908077116  1236.8627106472743  9.158196577239657
-154.85193266539994  1233.6767038938247  0.13213830467971155
-149.08454233716034  1231.099362432435  -2.7707814903438766
-146.82878720387922  1229.057203243856  -6.102457316648875
-143.83439799925435  1227.4038351894496  -10.026971186916278
-140.45324116080812  1226.142089425855  -13.50049345149871
-137.44350142081277  1225.1963742731775  -16.494337017591004
-135.17265814023935  1224.5228580705966  -18.770609432874842
-133.38540605312426  1224.0643700253668  -20.926297675691213
-131.76841762802985  1223.7655908730555  -22.870516658071505
-130.2471115660018  1223.5895353335065  -24.490553716965913
-129.0913573588385  1223.4959285719628  -25.85806875014931
-127.99786347218547  1223.4490978593108  -26.996337716719097
-127.0962680742256  1223.4358528329003  -27.966401252199628
-126.12891154463671  1223.443175683842  -28.826557199263185
-125.33709551809929  1223.4468425351906  -29.55085414191214
-124.53978400405485  1223.4467809354007  -30.19898978878042
-123.93922695567855  1223.4208249808305  -30.70571202798431
-123.25642345160102  1223.3896971210206  -31.218521621579956
-122.75241715401586  1223.3531651570356  -31.609560320096246
-122.20255187030973  1223.3126138411849  -31.991972661372255
-121.93790342189676  1223.268047754434  -32.16738145189071
-121.60390997790736  1223.1883686068134  -32.35462233507246
-121.47626179507616  1223.089586560061  -32.36560158610497
-121.24284668270565  1222.937085239941  -32.32137473889716
-121.15809854613941  1222.745150250304  -32.19453174486055
-121.06449221679189  1222.4986173014443  -31.969665982103233
-121.05676582968165  1222.2263384948205  -31.621235423379797
-121.00718781791738  1221.9346847308216  -31.211781809418213
-120.9369891991545  1221.6429595021664  -30.834267024832368
-120.85681326371062  1221.3391687849446  -30.538748810574265
-120.75566260340702  1221.0463461017746  -30.192040193788483
-120.60651046423389  1220.768818451816  -29.867438407749137
-120.47396041855292  1220.5421003214403  -29.492065155795306
-120.37886543113237  1220.3562772702678  -29.094603324092446
-120.34126074137959  1220.2614482412805  -28.668432111499957
-120.14834081671322  1220.2577612983223  -28.380381399115667
-119.94987828868899  1220.3831631978908  -28.157079299781564
-119.66013498940212  1220.6020937911503  -28.019503911285618
-119.49689092208641  1220.9522179748642  -27.78328819322191
-119.21691241411972  1221.4312605629384  -27.543581395613096
-118.97753740104427  1222.0575371031457  -27.262093681127233
-123.16429311300168  1222.4384903287487  -26.92410652887868
-130.20310741049877  1222.734940595106  -22.748626088765818
-134.52931018536484  1222.9019339456006  -20.012556673450845
-131.33561007740553  1224.2649546919424  -19.012233983479458
-129.95204477738167  1225.517300833068  -17.854106931962757
-129.43944382045655  1227.125018174308  -16.666180775817196
-135.14682859638842  1227.700263842503  -10.409815744184511
-137.68686171337464  1228.4853753421778  -4.761177826111848
-143.02364776375086  1229.1034473136247  3.299678404805528
-146.07470540423154  1229.8500917038352  9.12920682834115
-148.13028876383774  1230.6973507189311  12.597520204629141
-149.4734603973854  1231.4610661151341  16.262392217809932
-149.7014730053225  1232.1871226492128  19.835381408371738
