-23.32088236933189  819.8403332453396  20.714074139043326
-20.156381520880295  819.9174429370612  20.35256781258127
-15.90357864896537  820.6046703600855  19.707353682065012
-11.407895500179594  822.18993156818  18.925700117749145
-6.810646317988244  824.7718119684856  18.24401136963849
-1.7795471696681746  828.432303759894  17.501310890134654
3.6086974802897904  833.3347725742133  16.729533484021072
8.84319448043605  839.4760800288573  15.994954192951047
13.989568246611228  846.9929362374538  14.984304131811799
18.69743046496008  855.8534893211131  13.934584739819632
23.156034562828623  866.0209364901914  12.828416748592275
27.27897365439072  877.5107880814787  11.271282627149478
30.999282051153337  890.2658425198869  9.036218713790529
34.295686747493  904.3736615812654  6.670596847645466
37.14181556010322  919.6888197492422  4.941076178374673
39.64445094699611  936.1527285527582  3.4163721081940523
41.63513505751705  953.6391675605789  -0.4286590031057256
43.08480510790783  971.8385899954666  -4.841351469387625
43.81018136500215  990.4978834299138  -9.387025854784895
43.95221875469079  1009.317061160995  -12.14494619258869
43.29379865401424  1028.265528837464  -15.75909623895911
41.963654117391506  1047.2407663730523  -19.684283844853255
39.89638874987581  1066.1680912246115  -23.6229802000717
36.985970955121815  1084.9824163782546  -27.055350853907207
33.50472865388677  1103.5850454967972  -30.653230103797494
29.36172144128627  1121.9221060387724  -33.950705842698596
24.695716064695272  1139.816465688936  -37.098873918166035
19.11537968310824  1157.1826406034213  -40.040191177330136
12.911356499762293  1173.8473342757727  -42.95959823698743
6.004380292842356  1189.6713740129624  -45.58434750362247
-1.5197193772881965  1204.5086525774832  -47.29914419422558
-9.837434479610005  1218.2410958948221  -48.869156558478956
-18.680027047648164  1230.7110871705577  -50.13244179867432
-27.95703113899271  1241.7560054914497  -51.49642020642047
-37.50006371883708  1251.0617643934095  -52.6790073197871
-47.36935784529702  1258.8214631909652  -52.854876105401424
-57.240865653798124  1264.9001395176506  -52.86929093609528
-67.13024192557164  1269.499432470504  -52.72016810829732
-76.55857253531207  1272.4307631329975  -53.1568900845002
-85.94893270985199  1273.759482838191  -53.520609881760166
-94.91652883372885  1273.4711351437884  -53.1530765770068
-103.87311270728283  1271.5121941378914  -52.69581169845747
-107.89823008896843  1268.1206384654213  -52.15778054375275
-113.08146685939302  1263.645514214786  -52.07016672318468
-119.45581989990313  1258.2188956000098  -51.76604855302023
-129.4421949236595  1252.077959695237  -50.88453919942774
-137.13141743490087  1245.5118002641684  -49.59583377723036
-141.92946240085314  1239.010188529953  -48.287596224576966
-146.5103255023387  1232.8851822880195  -47.310429872179995
-150.64396267645694  1227.2051907971736  -46.52805876580441
-154.50219107040112  1222.1424776968188  -45.56454835490244
-157.49486336218132  1217.6823299470166  -44.586108124336775
-159.85906050934142  1213.8371211573726  -43.763129042725076
-161.88095535102744  1210.5411127358002  -43.05452614499359
-163.67237787117602  1207.7266915417727  -42.390162429095284
-165.2604222705159  1205.3771291348478  -41.59814713700664
-166.63380929553026  1203.443048064601  -40.91253273476968
-167.80847472469887  1201.8943003292993  -40.21574612357379
-168.92384197036858  1200.6645477257898  -39.640029383679874
-169.89760303216121  1199.671789599539  -39.026559476015656
-170.78858148978435  1198.9231643567598  -38.4241989193807
-167.16992217344293  1198.3411062594987  -41.66308545467746
-160.75688417380698  1198.1809510338608  -47.193525513415935
-156.77260222994548  1197.9896136219309  -50.6464853277712
-153.73276069989262  1197.9313312339486  -53.100189266095114
-150.98426212710908  1197.68907862575  -56.446251208605055
-148.22881494114966  1197.4781702531236  -59.2416362291331
-150.18374790430047  1197.1048188773266  -57.89056825562755
-151.0713365542059  1196.80057892026  -56.113181567154
-147.03295618653536  1196.662769113801  -60.325936847076854
-139.33186081767818  1196.6661691612826  -66.51546729469956
-138.84607887665555  1196.4420656344744  -70.29243996171138
-144.69747066742192  1196.031199432143  -64.21126317828367
-152.7005303878121  1195.5823829389951  -57.57636823111569
-157.2041689920129  1195.386595160087  -54.00044343911089
-149.6436980926976  1195.4546609158729  -60.32994888811514
-142.122147127075  1195.5656911351966  -66.72972846229209
-133.67059878337747  1195.633853697787  -69.88152289986468
-136.6113769853719  1195.5454167309922  -66.66913874006231
-141.08278952881687  1195.475836579992  -62.011597741180644
-146.68255233029237  1195.39043706998  -55.34588402893935
-149.98126672717922  1195.3859778392434  -50.899626421542386
-152.70373236078598  1195.4163230522493  -46.871979353948674
-155.8128350247589  1195.4391239090573  -43.69531478570917
-158.52360622499478  1195.4489185563152  -40.49716266641503
-160.70281465967327  1195.4160788033557  -37.45121140706932
-162.32721312467402  1195.3569090200276  -34.85346020433557
-163.59734142436088  1195.2548441676256  -32.53812442718472
-164.4631375573077  1195.117884307048  -30.492449936339227
-165.01153912387633  1194.9011668567966  -28.077822205167983
-165.10674573623652  1194.6151853943566  -25.790883897512103
-165.04336712080692  1194.1718612182317  -23.174143571317448
-164.4615101203235  1193.6038302430072  -20.997607154690183
