-56.329555199958726  871.6186006931607  43.804929282338136
-53.87542281464038  872.6143236669521  49.940677082325664
-50.72741916576822  874.8303217017636  52.76270261202124
-50.519463241201954  878.1223058951895  58.9132213570757
-48.567031949610254  882.3663232581966  64.18677123817072
-45.13796687139744  888.1492281519078  68.27820557149143
-40.947168380327284  895.3960678342511  72.30849760763559
-36.32572695103815  903.9628633551634  76.52765904829934
-31.994825999196884  913.8576448118384  80.1363974153341
-27.46941969019625  924.9560634264196  82.9547412976164
-23.3919476990195  937.1974321974476  84.81881055504712
-19.65375598997226  950.4550877031402  86.02569274049158
-16.808607207427876  964.6601614367513  86.52018650709857
-14.291242160726599  979.8810111969498  86.19549818944847
-12.19749782216781  996.0814444950886  85.28719778621277
-10.735202426164255  1013.1061171286722  83.89140359728732
-9.94176787955735  1030.7338777450752  81.45090310256735
-10.097729337005486  1048.723176500317  78.2314552728268
-10.852194653202687  1066.990165883263  74.21410386854284
-12.330729264762198  1085.5001477190522  69.52319220342964
-14.198009445086495  1104.2424356220474  63.701803005581745
-16.482106822451776  1123.1318254337193  57.270117556618544
-19.38010731531358  1141.9230563948  50.71544811337495
-23.01582743760209  1160.32410388161  44.049022355943464
-27.609141285652022  1177.9573961314036  37.254311591868536
-32.83019203826324  1194.6204646829474  30.357384102923405
-38.872769862410344  1210.05475581556  23.936280977591107
-45.54228036740516  1224.29584711329  16.603536105212683
-52.953728248916605  1237.1475334531012  9.501285516692397
-60.72731097533092  1248.5709621495378  2.817088786786016
-69.06800756154078  1258.2961454018046  -2.499450688849299
-77.62254337695049  1266.5465179916619  -7.332951537820887
-86.466570066268  1273.3244882636743  -11.676115852247387
-95.59943502862586  1278.6734434074724  -15.512046159429897
-104.46560337608952  1282.3994446517688  -19.01158649394518
-113.44262992618434  1284.4992549645478  -22.640174779036585
-121.67714397176476  1285.1036811598908  -26.048370040309994
-129.80503779611655  1284.2355515559193  -29.26900297812113
-137.03628001234765  1282.0548344674498  -32.033094618855344
-143.77330813531285  1278.647433349947  -34.66043623878353
-149.71268998021577  1274.2371694372193  -36.88617876938832
-155.0828031119697  1268.9393837463033  -39.02805204943229
-159.8737742544953  1263.1918465696049  -40.68952431619758
-164.15228068679266  1257.2742959463155  -42.650919303769626
-167.91240514609828  1251.540716131174  -44.22931386204017
-166.63070539744643  1246.043238978827  -49.88842123877537
-166.69451263710027  1241.041185171528  -53.40285407186282
-168.34317382774162  1236.2054478496811  -56.28073027437367
-174.0590856493974  1231.7041605096906  -54.42163307969255
-177.58616470722296  1227.4646810801125  -54.28372076945635
-178.82390058986357  1223.85730169873  -54.5751183042701
-180.3045129576657  1220.685384538718  -55.11388156245693
-182.0780732321114  1217.8663469596165  -55.1220918737812
-183.73906327484514  1215.3861218483585  -55.06313194870714
-185.05885303661987  1213.2322545156917  -54.96554343233397
-181.48569723209135  1211.5078761951393  -58.97972426519367
-175.11218463951826  1210.1701855071904  -65.23766751030911
-165.3844280724061  1209.1396981282494  -74.26962525379065
-163.31427841377104  1208.1444545243287  -76.56693436379182
-165.28479079930082  1207.189914858825  -75.34346900942741
-171.84369801963595  1206.3137599017168  -70.16396095656408
-175.12998249307904  1205.5993703650388  -67.70798623048537
-172.95619753727414  1205.0680247222697  -69.81251078925743
-171.72152543913262  1204.5361342965225  -71.00874144994077
-172.81937319230283  1203.9868942680466  -70.1359847107094
-178.29218192892807  1203.3959416941993  -65.49002479836963
-181.4508619488396  1202.9163331682596  -62.78582043484532
-182.34346938080964  1202.5630910186621  -61.943613335390324
-183.6461714862516  1202.2449430557112  -60.75102871615694
-180.62313224214148  1202.1173222756097  -63.20000193693396
-179.4208946233713  1202.0029648390553  -64.06591849646202
-178.41669996017671  1201.958737263412  -64.70467934934857
-182.59427846159383  1201.8285096503064  -60.922974776161475
-184.87826209669186  1201.788685416762  -58.77908355000787
-186.12761217299692  1201.8084774306433  -57.43939688861424
-186.7970934143538  1201.8753718250223  -56.57446900757428
-187.68590076322664  1201.9497851982683  -55.51840894646331
-188.8257839886079  1202.0320161901252  -54.29299495860265
-189.55702967948466  1202.1415170076027  -57.231416262657795
-190.08794000233374  1202.2903397064576  -58.86165392986403
-190.65699629350087  1202.4640224909344  -58.90238412252027
-191.17428649714424  1202.6282413241736  -55.17965366813851
-191.75012213575894  1202.7817420899116  -53.0346931802229
-187.5339643650903  1202.922207827385  -56.55132633292543
-185.11058868125977  1203.0526754298578  -57.976509904208896
-183.28919288135987  1203.168954895283  -58.45813596350201
-186.86146030640475  1203.2924339458264  -54.21151506862472
-188.3953922083436  1203.4149642735329  -52.1146528061855
-188.98722168030727  1203.5525795464855  -50.99324744693082
-189.1048941572094  1203.6825260113733  -50.18424152368149
-189.7099812479531  1203.8017948340625  -49.01867153861557
-190.48579487190227  1203.91861857641  -47.67291179800476
-190.98431860665198  1204.018044780233  -46.60363304542727
-191.16817661347176  1204.1234423435706  -45.7887261847075
-191.51976958363292  1204.2598189432063  -44.82165164411708
-191.71913893869367  1204.4019524346854  -44.03971359276528
-191.84604378675505  1204.6331346347633  -43.23644612883086
-191.818889344471  1204.8807866420573  -42.64511061549663
-191.76809915837805  1205.2055793747854  -42.07387803441154
-191.76462166399136  1205.5525965036873  -41.555592626952674
-191.65771442403616  1205.9385561987472  -44.931228937307125
-191.46233885970395  1206.359262919255  -46.68216638662486
-191.14192480632258  1206.7905039548164  -46.6079837938491
-190.645924239054  1207.2524811189116  -42.72899062864317
-189.9734029991385  1207.7169250869272  -40.280534046672116
-189.1201506660319  1208.1613161598323  -39.48381109913705
-187.75754269628135  1208.4860924049678  -38.224373869365785
-186.22951192585353  1208.690133590682  -36.686727742208404
