-71.86320451836784  915.1349826516471  32.212807700874706
-67.87103109013158  917.6826336858459  33.025232210732526
-63.540048062195595  922.0304772977578  32.38031606182532
-58.89745938673507  928.1063453738925  31.39252645954437
-54.36529917152822  935.8560309521866  30.11692964139528
-49.83995665361979  945.2883574951661  28.849651884296527
-45.61863492052628  956.4681068506061  25.71836296972425
-41.96086114932562  969.1238022462013  21.88866480209822
-38.97576641021688  982.9779928647566  17.869832932132333
-36.7882905381521  997.8148988011146  15.132903891205828
-35.29112870898008  1013.6847072822306  10.641890434932144
-34.65479646590012  1030.4604135056138  6.1330380912615965
-34.94775315907185  1047.9046643374897  8.226066206453766
-36.041813535290125  1064.7430470989007  8.517803975748208
-38.02277167592429  1082.9779538781688  4.850185856200191
-40.99689856814581  1101.5908607628005  -6.015921210675512
-45.03065367554152  1121.369179947872  -13.71266376012647
-50.304314201746706  1139.928225753154  -18.88759174154998
-56.726831582081054  1157.864883430112  -26.743027235050445
-64.48752808792992  1175.0541004715135  -35.65323438640028
-73.00105126443063  1191.1663062956816  -43.71812691672533
-82.47996235146624  1205.9656869872915  -49.20616675498157
-92.29728218595682  1219.049887867219  -53.76256356683845
-102.51276193398307  1230.091370631477  -58.07715166999951
-112.81773572797084  1239.2878565316478  -61.78683222436814
-123.67375168297596  1246.3504885391644  -64.74578739161413
-134.52733923529414  1251.5824363196  -66.96584082597522
-145.1584463457726  1254.7780049861385  -68.53249670984943
-154.91784061574958  1256.3994696260033  -69.5833859777258
-163.69082795097037  1256.6554820003194  -70.41228314119158
-171.29944822884534  1255.7956726839034  -70.87691831829451
-173.017600297079  1253.9834457019956  -75.78335852787959
-171.2284885548021  1251.719334374795  -82.5834970374926
-171.49010289343082  1249.030713048377  -87.2892636643855
-172.38163083439096  1245.7617309761738  -90.26462416818673
-177.62891877294356  1242.4622370981556  -89.1313370680455
-175.64192638001833  1238.8398826499374  -93.31530461000655
-179.02096278491697  1236.0238872684297  -92.54011259439352
-182.87545886055634  1232.714081380134  -91.00651934564677
-190.2940555048845  1229.811589921604  -86.16394477162473
-195.65446091291497  1226.8347597897825  -82.88186186121465
-197.88612711791137  1224.374525126236  -81.85581071036077
-200.879000178898  1222.2566804357732  -80.16540491040504
-203.6058519625206  1220.237029581691  -78.20401007490649
-206.36164277995368  1218.4990731068858  -76.04565504106395
-208.11867327918108  1216.9729085050462  -74.26473632474386
-209.4099202448862  1215.7569020944543  -72.85685700768501
-210.44941176857057  1214.7410367154814  -71.51356523235054
-211.25178253368588  1213.896406250445  -70.14058489759373
-211.7198782007847  1213.1903908340391  -68.56589468792964
-211.81186575338856  1212.5981805499332  -66.86197870628784
-211.6992916876645  1212.092177055544  -64.97686956648084
-211.05013436801178  1211.7042864256805  -63.04347207383032
-210.08849031794193  1211.3977676394552  -64.8882683040153
-208.85336379097393  1211.1040878130814  -64.970710979818
-207.71702823974755  1210.7893749354616  -64.33734754755403
-206.19913855054244  1210.4386242336527  -59.07426390271231
-204.4062294084022  1210.0957801309166  -55.42046413224124
-202.333456288451  1209.7200543440713  -52.421991983292614
-200.41930203476463  1209.280540182148  -49.52828456820228
-198.50799431523848  1208.769796728281  -46.401411391750315
-196.83571382467485  1208.1622994523836  -42.754683747274846
-195.06842323394136  1207.5355088547249  -39.733364602845164
-193.4958674621338  1206.8653874452011  -36.62999966167065
-191.88943760884413  1206.2522290828424  -33.76987862146791
-190.49293955560407  1205.659790195429  -30.77948900312611
-189.18476021064978  1205.0847643788225  -27.862191204548086
-187.93420975889666  1204.4957099946273  -25.13478318045724
-186.83433057451603  1203.8492226371154  -22.46232234015875
-185.79257096356383  1203.1600520361046  -19.667721087469765
-184.94153700790378  1202.4398924052623  -16.929717479469996
-184.19064168944124  1201.7030426814915  -14.15677541401298
-183.5429893742902  1201.0252649693252  -11.685100315196092
-182.97232620121437  1200.356834341162  -9.169272842038447
-182.4537812795517  1199.7563108041684  -6.652454292273411
-181.98497756905013  1199.140893150176  -4.118265905373865
-181.56065951419345  1198.5346307432903  -1.7405313211118498
-181.18953111728746  1197.849891751015  0.8700160405007922
-180.92719321016216  1197.1196700987266  3.1902078349629024
-180.73193752378063  1196.317449568422  5.791263169588071
-180.5865409605592  1195.5350919139537  7.924726227320756
-180.42916075949785  1194.800891759426  10.070008368907585
-180.29032435266092  1194.162649386443  11.961442580160014
-180.1511633508326  1193.5968940908715  13.871390272617418
-180.10405149341642  1193.0903283398895  15.734615827324232
-180.07431292712087  1192.6640913113229  17.527238409541248
-180.09151817294108  1192.309392798494  19.203250682318814
-180.03551472462146  1192.0145241783775  20.923734346495216
-179.96836008361655  1191.7537679023694  22.495980442287117
-179.80201092521452  1191.5329255663064  24.06827108849583
-179.60009897918928  1191.3786127196086  25.476940621142276
-179.35600723569786  1191.2896028956445  27.01897564759241
-179.08335336854248  1191.3101416577883  28.445050518251605
-178.6758663240326  1191.4150938427147  29.995465539721156
-178.20603335408458  1191.6208845852577  31.451951801900414
-177.62780865769335  1191.9270919626267  33.02103826607598
-176.85377236750637  1192.365139368004  34.345179409192696
-175.83555425898243  1192.962993927049  35.449150254392734
-174.57206312028742  1193.6589129607064  36.493490158910376
-173.28639396981927  1194.3409153504556  37.519393705059024
-171.8852802967861  1194.8535566961052  38.53629744295385
-170.53147925167272  1195.19611478779  39.475924090063586
