-24.402343111157478  681.7942767979129  46.111879335417434
-23.37322931173391  684.9823646627843  40.79541564435114
-22.5153187133343  688.6034206001002  34.78427070780464
-22.063011716363008  692.6786003782324  28.121536466810067
-22.016401279817952  697.2238004152994  21.30119064665391
-22.40657264155083  702.2498578567912  16.827981231379646
-23.09485477035  707.905742989151  11.743394596499925
-23.986637577677016  713.9292952799467  8.388615679581022
-25.107976748219855  720.6066633649275  1.6062004643343197
-26.398532189701957  727.4186349882646  -5.488289789100147
-27.802256303437456  734.7827418098851  -14.316285932631903
-29.346678323673284  742.4053010540218  -22.2348491226646
-31.035746017838694  750.6922808121307  -26.405549900060162
-38.7324780728589  759.8048765036538  -29.340730253765315
-47.171572238438785  769.4928781459945  -30.942900796652765
-56.603077119530894  779.7327872907108  -28.505918336659345
-61.061606721542574  789.529300475814  -28.175453781694024
-66.19718952127623  800.4154354035379  -29.792184660947704
-71.59089170920592  811.7755497274638  -36.71985702949614
-73.50608378874931  824.2418126304401  -41.44185457568125
-75.97622167003811  836.1702294409959  -43.81853792305981
-79.23007723885154  848.7697159597814  -46.558608871359866
-85.51912442851516  861.8304178952774  -49.609178507568096
-90.15677047942  875.6396632067449  -52.86778273839564
-92.90432532569676  889.586406141655  -55.95748095200808
-95.62673551781519  903.9084278305568  -57.87115306154894
-98.36952037378734  918.6928088792519  -59.382681860110075
-101.0372620156543  932.7239992441856  -63.82469112432885
-103.5635779640467  945.7935506627992  -67.09237414673645
-105.51478139962504  961.1057240948061  -68.31364729152905
-107.49412715886606  977.7656388389499  -64.60651669334418
-109.04655298899743  995.8795277149991  -60.55819188950607
-110.58511300339869  1012.0853925694676  -57.335331643180574
-111.79860109561675  1028.4445042351279  -54.26632714553704
-112.64494297143801  1044.993273431669  -51.76035811413712
-113.39986891010213  1061.3083795987766  -48.984565091963134
-113.92840491025663  1077.060897193755  -44.5948570792905
-114.13072179103904  1092.0873433785996  -39.996504884263544
-114.16681745980657  1106.6460872297412  -34.67841832689892
-114.0565482553303  1120.7462351040676  -29.452028899569154
-113.96765766581683  1134.2700178131174  -23.692736622748154
-113.57903751028117  1147.09973508991  -17.940261026596286
-112.39820533528423  1159.4796398269295  -12.769526595009511
-111.2572295283149  1171.2675643829707  -5.901679058852755
-109.81314353687844  1182.7233740271245  0.9348839746530189
-108.57546082207195  1193.6010038925065  8.354090333930788
-106.73850234160383  1204.0577646524303  14.694996578515656
-105.12508988301917  1214.2409683477451  21.699928154154648
-103.51111810773604  1223.7634219128472  28.91822962280017
-102.0242771801637  1232.9531541040817  36.38308083300679
-100.43365907307435  1241.5646516137015  39.59254762780101
-89.28810632319964  1250.6764325788508  40.28949450828479
-76.92748907089911  1258.4529910696533  47.83851167138093
-80.66746753188411  1264.7843564098919  67.7148550485342
-90.47270017865263  1270.8790544720223  78.71263518300097
-97.62612492846374  1278.448704518015  80.23462776737523
-93.21596159788741  1283.6384111310542  89.37941101607201
-95.97276797597338  1287.7820772000796  111.79219514517044
-105.66106593285767  1290.9158504663828  137.81985911689412
-106.75045234235435  1296.3758497234442  144.0485138941891
-100.19192130031706  1302.377261629872  145.1073233674626
-96.26452644054874  1307.0448750188543  145.31366156747353
-99.43103665525639  1311.3392955048291  152.40834351139875
-109.68231886516678  1312.6660977929228  165.59391205717728
-115.21145479420542  1313.65963495874  177.29381117471266
-114.12818069443681  1314.8317331131523  181.5451102097781
-109.12523227495177  1315.1294232985624  188.14816544006754
-102.77846951987715  1316.008776208526  190.4917799866418
-109.69622344826723  1314.0351409839877  201.56563345229716
-118.58984586881104  1311.4584026328712  211.61444425168713
-129.10762073751175  1307.0758392171374  226.56693932380898
-121.37370188508362  1306.0328540426358  224.7571370568128
-108.47337308244386  1307.5544235106447  203.79578075890595
-97.3462340277647  1309.5646872359096  179.12819898043898
-90.43593910645185  1309.7976492673997  162.41860942145672
-84.75096127678196  1309.4094144717158  162.78403356767794
-73.64045710200324  1309.017834816038  156.95309309816156
-65.56722347677444  1308.2050449127134  145.88019835333014
-64.2976496373939  1306.4977975879722  131.37564780263315
-69.64410920578506  1303.7588676319801  124.64053453040745
-72.39872596429545  1300.4556824275523  120.66197066902626
-69.60293542328151  1297.2090284220321  109.58440755669481
-62.15939808844129  1293.8818276227814  95.87372723901147
-58.740774602399654  1290.1141879615398  83.90871522472165
-61.28384325427537  1285.3873367582357  78.83757258998271
-68.78854076033667  1279.9176453990176  75.69953369117961
-77.38469854734181  1274.0313907704508  74.37818830332378
-83.13848190659935  1267.669211064003  71.0538602013399
-86.3339480088691  1261.141658994156  67.64460672788096
-90.3014421846778  1254.1423803732328  64.65486255640087
-94.51949580097809  1246.8116233251076  61.15606668501564
-98.41558580605827  1239.1559080658687  57.23063580924514
-101.75504296339784  1231.1148227277963  52.90075149748532
-104.86328809549764  1222.6277866857702  49.030844284503495
-108.3173318563262  1213.7110776472218  45.49401097908131
-107.16482475278227  1204.5119398064708  45.18402034441636
-103.05022034050778  1194.3483168666412  39.762826208091454
-96.33202282918896  1184.7951179667373  38.36205933607224
-92.41137139835037  1174.090542371605  29.234559604958108
-89.55665666667569  1164.6348743323347  22.752458664546182
-86.80850622109438  1154.2006489179735  9.294925172104294
-84.2617795061959  1144.5565375569113  -0.5819342009972157
-82.02816145268817  1134.1780901431953  -8.494318302914547
-80.47223978062556  1123.6683491652525  -14.9951988827879
-79.08062676590994  1113.1829750144584  -21.05274594375615
-77.82916215331424  1102.611162599724  -27.16722839479394
-76.73948001984172  1092.1871018099428  -32.17785634065622
-75.84936452154744  1081.8553598415717  -36.54570279561359
-75.10114159265487  1071.6858310538687  -40.36141520095098
-74.56809266290853  1061.5035412899458  -43.62992535009636
-74.01744007190837  1051.0594370743815  -46.59776296338888
-73.47294612423262  1040.1548663837139  -49.64670431571325
-72.75550279353148  1028.7658944554353  -52.48614520322038
-72.16813603065448  1016.9361200321681  -54.45686350417123
-71.70313202290443  1004.7824899044556  -55.45481091707376
-71.35085144290392  992.3389659812693  -55.96800473794594
-70.83564673927836  979.7508733446302  -56.60120789726557
-70.31011737865909  967.0385267147448  -56.84683459495961
-69.74435945180002  954.2908657471585  -56.79031358142701
-69.23940437944323  941.4867814615324  -56.588075903583984
-68.56583217401057  928.6558566561669  -55.92498040189776
-67.76446651539891  915.8276179905291  -54.96886979739174
-66.81028211241397  903.0576748212663  -53.42530003490751
-65.79967595413333  890.4271070845816  -51.808278339900994
-64.63210501692501  877.9470360017596  -49.71215818471025
-63.19655159661022  865.6189828192878  -47.56381484485104
-61.70039377443518  853.4518460896779  -44.88100365022019
-60.16279230681471  841.4981946020716  -42.07580113182375
-58.64620495611481  829.8129708246723  -39.01883876893828
-56.898724706362486  818.4333975421836  -36.113768447567935
-54.93582754254217  807.4732214847367  -33.29043985542515
-53.04875041078366  797.0632325679178  -30.411130731746912
-51.21860899032723  787.3026658776978  -27.565775616937753
-49.4213762007663  778.132834787151  -24.672664227577002
-47.51415510634773  769.4521152824608  -22.053181197406847
-45.437966531345886  761.2175799999955  -19.60506165363671
-43.35415090494635  753.5286110644029  -17.45593155341315
-41.32917659171668  746.4632733764635  -15.381253756121433
-39.36924166689036  740.0309243138091  -13.502430486019394
-37.55169322515587  734.1441655046414  -11.753275343324692
-35.65559749000689  728.735761782414  -10.179514222814422
-33.93830685983952  723.7745257552162  -8.764221916586637
-34.72506891670116  719.247350091568  -7.441696974483322
-34.732142426074226  715.1012334309562  -6.205111221778559
-36.87289994284721  711.3241145705995  -5.016086616123454
-35.512382618496126  707.8805282038443  -3.8104769502232996
-37.277202865026034  704.7917852565231  -2.5989435473994096
-35.99817891840872  701.9732414441863  -1.4212051950010058
-37.73780300748935  699.4550941132637  -0.321833022565716
-36.33751356209983  697.1472454485521  0.6453373398358895
-37.832810255473206  695.1383643082962  1.5299936655808075
-36.38978708057874  693.2976650713526  2.332125605056321
-37.87782854276454  691.7055487982063  3.095459399113287
-36.41819527592986  690.199462217459  3.828162998377574
