-25.348349609975816  682.5587759519747  27.831854964714836
-28.25801380936776  686.4143213190811  23.92783672418579
-33.33119555368077  690.5517509478559  21.887003861203784
-37.514141787633065  695.2619869155851  19.332723848596252
-40.36132590552554  700.2815053366485  15.918332404699843
-40.90854133327287  705.7411400588932  12.204695037925061
-42.536719423685  711.361886822258  7.984050134576339
-45.29627800047466  717.6785100101552  3.794086223375159
-47.65625149382389  724.4573148929426  -0.6715007313534183
-49.86359280084774  731.6370683901122  -5.3853303038471285
-52.06619316276302  739.3419537717951  -10.270918892415498
-57.284409453949294  747.5480854859079  -15.173272008708068
-61.59537586398232  756.6750403188641  -20.05103033911862
-64.62485884692079  766.0871353574527  -24.91562540943034
-64.7915362660579  776.0912241655165  -29.754545244189956
-66.22557744920917  786.224591137442  -34.50051761173281
-65.29158836001494  797.2685995581479  -39.10978345164747
-65.28594822327314  808.391500067178  -49.1459615070149
-62.47920664318448  820.3746862857171  -59.86782177800194
-64.18186793021746  832.4498426517501  -68.3791132615734
-70.20872913823739  845.8684637125293  -70.17783991999633
-77.37080897436593  859.8431315344153  -70.54404572415426
-82.5337363636598  874.2397442814488  -72.2993605707176
-85.33157363120814  888.6058998082326  -74.24933398493044
-88.58350075471108  903.2540902485471  -75.56273746392151
-92.21836923277279  918.2550711981465  -76.436320864215
-95.74352174458971  933.5244996338488  -76.51535204474234
-98.7554983408677  949.068875646278  -76.62409417856585
-100.98991296301868  964.8047920668816  -75.7327703482969
-103.01065037949499  980.7232285992128  -74.2880937687177
-105.03256158259299  996.7545208930461  -71.87304086931722
-106.89014250132051  1012.8823271049084  -68.476275026205
-108.21112259591187  1029.063005538791  -64.96804052388784
-109.15878750279239  1046.513046775355  -61.47157294205308
-109.9014511952641  1063.0243911139141  -58.9182206412726
-110.44338379723524  1079.5694114282517  -55.55545625034196
-110.84268094906552  1094.8455977451526  -50.50602617297005
-111.00088075503363  1111.016956575183  -44.59316906631569
-110.95173552492386  1126.972750454732  -37.778281221619174
-110.2185952776903  1142.6143884146543  -31.671868294064932
-109.23475828799359  1157.8560255772468  -32.49312864441397
-108.13506134933837  1172.938302345871  -25.298330178047976
-97.70654814937247  1187.3675904209608  -16.580951739620218
-77.09223419866483  1201.163644651683  0.9012869449667154
-58.539299970382444  1213.856343926302  5.913767462664952
-49.58601583821896  1225.875138365258  7.720595368193688
-49.65058217262214  1236.1160212137595  16.382132163519643
-45.61897965834511  1246.0352329472453  25.269358303090595
-40.32021810087294  1254.3419804505309  42.60544685686695
-40.63454534060208  1263.143331019137  42.25595024507322
-39.905480762856094  1271.2112575307415  45.270228229983644
-43.77641187892401  1277.9361739889266  41.83703695176989
-44.92489871745588  1282.9141751170728  72.7823214823324
-51.24326427855567  1286.4734975758013  102.38877709575326
-59.85251926512149  1290.67225596646  131.56044768811404
-70.09597686286415  1295.0137122098752  136.46480486849416
-76.30753712536516  1301.8382518572666  128.97054307330797
-74.42256053117029  1309.5855740908096  115.05454190100023
-64.94493457038459  1317.4667489625267  102.87472426583372
-55.037360700613206  1322.938580385867  107.57785091209377
-44.359734255049666  1327.4768959382932  116.66747419009121
-36.22143036657286  1331.7767501543456  120.30027679279085
-28.73106961547382  1336.1933030664802  119.34398350772622
-22.98171200101177  1339.558727000939  114.10132464606697
-28.13463130484017  1341.8063305057408  110.26019297484613
-44.98251069286854  1341.9549961457249  105.54753568581518
-65.59408412259589  1341.698888359154  105.04533531028068
-79.90569659209876  1335.6920056347549  127.77621809371689
-87.6282687141769  1328.7496309557894  161.83681121384072
-107.86829205332253  1321.2343564501455  196.18664165981244
-114.47390133438282  1318.5395096931961  206.59883899543325
-111.97206532082211  1318.31674263663  183.45523828413548
-91.91348579872539  1318.5906900463144  160.72509103086733
-81.05403111361622  1319.4300021602592  136.63698314801115
-74.51980387057739  1318.7790555920683  131.68777226478247
-67.90566257624988  1317.9188773598084  121.77911446540371
-65.83263709574106  1316.566396755635  112.33921477415002
-69.16107507932468  1314.1835277392604  105.92700683540184
-71.16414637025896  1311.0640074508788  103.62627093596865
-65.61526243651899  1307.4039956122065  104.98621509696335
-55.764603694761696  1303.8257756147236  107.81253935723593
-50.24420852207568  1299.846975396588  106.95988648433996
-58.245606200367504  1295.1606977267072  98.90728926061371
-66.97636577799786  1289.937393975138  88.7058242825152
-76.51759082896521  1284.3060672906704  80.63845968520853
-78.824618128021  1278.5118762504783  75.51673275873918
-82.6752011821784  1272.4354013299476  69.34229612142708
-88.17369776469124  1265.8468920716177  63.326508201062964
-93.2236854602317  1258.8743288647315  57.48827906861912
-97.21036417051094  1249.8055207259304  59.13168941688211
-99.62255333820416  1241.1660524053382  54.3255004145913
-97.81229686447705  1233.0238994246956  53.008534949697825
-93.7251138872644  1225.368311686539  39.88395865479417
-87.84193755883604  1217.2974766384043  28.055670305260563
-88.56021452428658  1207.9137826101135  15.821852419215743
-92.55796117007104  1199.0161778456363  9.010248961694945
-94.68605094983563  1189.1161435256736  5.051458320707907
-95.82835836089609  1178.848661538296  -0.9523719001033335
-96.92101862029534  1168.0849927697654  -6.61069347805927
-98.52594391557543  1156.7084822861855  -11.965825017771124
-94.56601473597091  1144.8323822456946  -19.436266793292923
-88.45328744245057  1132.567045295702  -28.918289585322654
-84.59308375939854  1120.0624830169554  -35.7602187349046
-83.36858543421135  1107.5288607017878  -41.424035888668826
-81.94064716095085  1094.8600066932904  -45.62539537749502
-80.03705294162276  1082.1440972441787  -49.77318020371051
-78.48985046732926  1069.1550928689892  -53.04687667688769
-77.41287172043909  1055.9063063156502  -55.763532336770815
-76.76608209056916  1042.224530477987  -57.703995298722845
-75.98830398511387  1028.229004200012  -59.46790855310461
-75.21715243188427  1014.0605288883522  -60.750780739118305
-74.51291274316696  999.9138340938739  -61.58962020057553
-73.96424177764666  985.7873292469843  -62.19866376603652
-73.49525444104762  971.6273758634011  -62.19853106969473
-72.59949760985742  957.477785286578  -62.06779891606622
-71.66580987545036  943.5116504223987  -61.15230658643642
-70.30820593089612  929.8199531141545  -60.35581069235118
-69.32409057936228  916.4321892416896  -58.929129628823134
-67.89790092957674  903.3365767410277  -57.76333061167146
-66.54143424064287  890.6422343507311  -56.06763892941855
-64.76400494449105  878.4408854837502  -54.45087755608759
-63.00736857812114  866.8101948664192  -52.519225802293974
-61.13087628402427  855.7768850854521  -50.69555169103683
-59.22116449710702  845.3641920659226  -48.876996948813556
-57.3267295680483  835.5161752315345  -47.111844990956314
-55.385859108973975  826.1869228416349  -45.34293387364854
-53.44818525453434  817.3402450113705  -43.423282788343656
-51.43439858908599  809.0217662794894  -41.473083411599866
-49.46031950221871  801.236368928744  -39.360013126670246
-47.56564562785767  793.9529085365967  -37.226772898902325
-45.75086488533383  787.1369189497295  -35.06944351239558
-44.03282210737882  780.7967547132412  -32.964387217238965
-42.42963071398438  774.953379675975  -31.051923645850874
-41.01222822959668  769.5947426005358  -29.206269925132247
-39.74155469551892  764.6551193095098  -27.571370649940004
-38.63995582897658  760.0699231561239  -25.959412118819714
-40.290994446931926  755.8158799319232  -24.296457444622728
-41.10529605187605  751.9013118342584  -22.446149385545695
-40.91848734411252  748.3385683540438  -20.452105053007546
-38.247363608427  745.0524878232322  -18.58549841899196
-36.67859403504052  741.9563351374477  -16.716480277623457
-36.2256565607985  738.9789953851133  -14.893534997473923
-35.528673075031826  736.069428566762  -12.938313516580322
-34.5004127029263  733.2037731583248  -11.03982422795965
-33.42151837277802  730.32459625886  -9.133775187328666
-32.4286134683219  727.4398673133135  -7.219619958370753
-31.628301897482068  724.5638063352967  -5.136502710964164
-30.705525189567517  721.7679977040696  -2.9212093376504447
-29.83652457888448  719.0644063462331  -0.5073497152842097
-28.911865063379246  716.4961992447217  1.8327973863002205
-28.065179274704402  714.0374558679543  4.381130208003832
-27.195434375502213  711.7433931872844  6.771951478800654
-26.41313693525473  709.5815165437828  9.338047127521257
-25.68281327846563  707.591125148747  11.56662393566772
-25.05048924091328  705.7361624990612  13.89905951703671
-24.482226763105036  704.0469229058536  15.92892390837877
-24.009660699155113  702.4829137855911  18.02471162092564
-23.585623802111726  701.0472688603795  19.816378263691263
-23.21243678546885  699.702429149954  21.704803905712513
-22.898554911344252  698.4776146501049  23.322623901968115
-22.610096401398124  697.3502061689853  24.939072325084535
-22.369409965559758  696.3420765768768  26.34963425217276
