-29.957648311582624  654.8037203255792  99.51181950536206
-28.65528907498082  655.400094025381  98.07650856138913
-25.396796215332277  656.08508244545  96.25182775184354
-25.7252256248117  657.1838068802431  93.81571398110083
-23.29184660027359  658.3817256157248  90.90895747238214
-24.06153007383161  660.2082599115473  87.3128054715097
-25.34537044313617  662.3258098597933  83.19838202977817
-28.648004576167303  664.9906930890949  78.30551646332681
-31.27870278977754  668.0406244195505  73.01408305226221
-30.213203822898276  671.6139003619638  67.09777268615738
-28.203770544476363  675.5469659552438  56.36026608787929
-27.802552137681957  679.9678104607058  46.73097248367548
-31.638209837000176  685.0888167858199  37.55193092478764
-36.816052675854294  690.8818009979105  33.402791057470246
-40.436951377238884  697.2512455702055  27.37360948937126
-42.68021557153146  704.0077562212357  20.24095508039799
-45.666032949913344  711.3765062544846  12.646630879462826
-49.190656926442266  719.4232532287069  5.484093428936246
-52.59793456262253  728.114777784068  3.92918149195482
-55.80340817346856  736.7504286323376  0.29222935876539013
-58.649127647997275  746.5726027651042  -5.633065032560342
-61.86133978255549  756.9702410830878  -16.187499796680132
-61.664719761635766  768.6303504366631  -24.408640318698005
-62.74031924103495  779.6790738376576  -29.867992037152284
-64.9448134508365  791.7706783443563  -35.72601772829067
-70.2619844855075  804.4493958083586  -41.33279736417268
-74.27322421519628  818.1882036887655  -41.04540678062422
-76.73736701927639  831.625342764475  -42.25429971611723
-79.17758305148146  845.8464518054517  -45.77624751579464
-81.50304115278728  860.6762703014259  -47.992511450624924
-83.80783711553111  876.0389230460596  -43.79036005966671
-85.95352594428407  891.6719452007723  -32.39889718410347
-88.76381578542005  907.6127516397731  -24.441809859538374
-91.379301881188  924.1183227491853  -23.400933421216017
-93.86740367240131  941.420876617152  -29.85166237189369
-95.43439664360307  959.0086649066177  -38.94824579955228
-96.88615220961206  976.9220451391875  -44.39349986078798
-98.16716268027807  994.2970826314894  -45.803557367248544
-99.28480088588532  1011.679936505454  -47.17393011821232
-100.23341451147247  1028.9261757249876  -47.965883611586854
-100.98001086635637  1045.933863113467  -47.8914889696735
-101.62716139420053  1062.642325389323  -46.511720865938656
-101.92443254227408  1078.9353354205903  -44.32551736658249
-101.7993237750236  1094.9028295192277  -41.841764366499234
-101.29635963616587  1110.3623411459494  -38.96255852253509
-100.35629715175256  1125.5303993235696  -35.55878751140362
-94.92988356242707  1140.8701663498325  -34.095911766619885
-84.37917020845539  1156.876396469896  -25.69869084795504
-72.64950754172806  1171.3230416010592  -16.55569614250161
-55.23599188756611  1184.5292556112881  -4.188162052001906
-40.03035023149114  1196.1497574194557  2.507208975564743
-27.72558264770847  1207.3916396814416  10.43104864581079
-25.393017173993645  1217.2448363478925  27.038891947364622
-26.364739857185924  1225.5560663326423  44.92312729677958
-33.847882615368164  1233.1965819240902  63.21055810168973
-46.79887556571842  1240.77379771319  66.46665387090118
-58.19279079499683  1250.560665249907  69.88309923281824
-60.216253438407875  1261.4098059459652  73.54524055619417
-58.096205346459655  1272.1295646457245  84.03240588229787
-58.29371059511887  1280.5462644348595  93.24687845548763
-60.2361819675877  1287.863774748706  100.10209912471237
-60.84014151782136  1294.9803343781452  106.57045978143879
-60.38534910817443  1301.486480519175  113.27450485001634
-59.95912119189525  1307.2435398408263  116.70378851174414
-55.2360002350747  1312.568649240214  117.33066321542492
-47.59166097131918  1317.3050410908834  115.06174599791709
-37.683203674910615  1322.0765712586553  114.21623685706767
-30.11560125704677  1325.3982493062194  113.36330336652128
-28.92288518190581  1327.8353266545996  115.50944411858438
-33.65797235253213  1328.4195281313216  119.43171138193941
-40.85284186721431  1328.5252020552098  124.85928505900374
-45.428364916701206  1328.0867971757507  127.71107939476457
-47.13262432192502  1327.4940004153875  129.49437314947667
-50.267311955034806  1326.3006568040337  130.2295567160961
-53.87676680167594  1324.616235572713  129.65365321266006
-57.590510107818915  1322.399774002887  127.90191594150015
-60.898957012894485  1319.8361579963466  124.0292198018122
-64.20734802491864  1316.714153098921  120.08203522769317
-77.14557086279285  1312.130297184363  118.3830975499702
-91.30300710126261  1305.0583772319037  118.92037056045446
-97.29411357621095  1298.5788824393028  112.51182948205377
-89.31285047850994  1293.0082084938547  95.71658796212297
-77.50353970858689  1289.340452306043  75.16329282591182
-71.90494681748291  1283.8712647069337  59.32284902256416
-68.07938788603792  1277.2444731472547  47.78979098163839
-63.69947768725982  1269.5577226366736  43.468199846786376
-58.800184802703434  1262.161627661345  43.64294029862796
-54.52638770650887  1254.4634425572813  48.41097123131609
-56.08086915937412  1246.359553838686  45.28395035230412
-60.92984349117301  1236.455689980155  36.397468737271616
-69.20812128556491  1226.1020670842677  24.86530081610077
-74.81545778222804  1215.183447640217  16.523917679452573
-79.79756992810613  1204.520312637576  11.210125977055645
-84.03875208080578  1191.0195338976127  13.15432044527309
-88.39788650848473  1178.0374064049788  11.867070456894211
-92.2823807918987  1164.0670709580813  15.875072859347036
-95.16360760519042  1152.7589089423082  7.157484646002817
-93.84175920806072  1140.8378791050695  -6.0886186081783995
-89.99432343055504  1129.2478124135064  -24.796712243832655
-83.39821809927369  1116.8725222279932  -37.86460911122087
-82.95025236062231  1103.54284920587  -41.12301193223526
-85.52290108796277  1090.3920089868434  -43.94710515618305
-87.02371008580931  1077.1147152424103  -48.31396706895628
-83.84250678927788  1063.6618672595778  -55.550718720303514
-77.72235758411824  1049.833399115337  -62.96510345173737
-74.47513108222381  1035.6924212262547  -67.23070358023944
-72.08059332867401  1021.5209764788029  -70.54011056748996
-70.21702998376291  1007.1091999152978  -72.77708544702831
-67.8963085960071  992.6048479994088  -74.69778609584982
-65.61016794684826  978.0495718418877  -75.59457126779311
-63.764014992189516  963.3554821827065  -76.01876311980007
-61.93223198093523  948.5285573022632  -75.50384256224517
-60.046615062467886  933.5683974051955  -74.51454068658956
-58.053428072306005  918.6523695914326  -72.84490346653472
-56.01567038184337  903.8949560404357  -70.63138776287032
-53.84705281121775  889.3020453152541  -67.61314332475499
-51.45748166359628  874.7240069568227  -64.48769522537435
-48.563363623928915  860.0355094136426  -61.439769933265495
-45.72533969411155  845.3171934146984  -58.597422589099985
-42.71621077183723  830.7647838926067  -55.700196854420646
-39.83478069558647  816.5568123741281  -52.62405786586443
-36.667313806132555  802.7453320064873  -49.53569093350311
-35.87601513644959  789.3690851376953  -46.302662272019205
-36.51148860676467  776.715493353202  -38.29180306436342
-38.07464029897132  764.737614595515  -29.173810123771347
-38.00903690392557  753.5656596833784  -18.98168978244019
-37.39463489871796  743.0640893470346  -12.263875772012156
-36.60397745716614  733.4477952646031  -5.42085137682579
-35.64168889569321  724.7008202804666  1.630754610073387
-34.34509555680928  716.7799273963747  8.098466194377988
-32.83205833903902  709.6359252464822  11.854254546646654
-31.286895643428203  703.0915509418702  15.59096555653251
-29.73706486151698  697.3915236412245  19.944739347600596
-28.191759162060837  692.3611946883022  25.818185750653893
-26.75593082035679  688.0737264892816  30.32858479947646
-25.516041603300227  684.224438875895  33.266558875113766
-24.48597094883288  680.9226974545716  36.07915535367215
-23.626241268258465  678.1422995186592  38.64535342206461
-22.927739694101152  675.8322627533387  40.969203931372604
-22.37450594810619  673.9222881364682  42.72994589146246
-21.993553057824865  672.3771608423666  44.1091163092107
