-0.4687434701384804  665.140585935647  53.71277215779395
-1.2350212930310538  666.5207176569703  52.0067653477871
-2.0864479878798994  668.225788835943  49.83422539615067
-3.1098785525918915  670.2588775111557  47.430375838682615
-4.223856406753646  672.6576745619221  44.60298880418105
-5.509009513799371  675.4012455627047  41.37846469307442
-6.889840469256982  678.506150516087  37.57195550998448
-8.421906741285223  681.9925371234766  33.47695845525915
-9.931953960460888  685.9054306594182  28.82229345014771
-11.559794886444514  690.2767285529511  26.14080920783085
-18.441041446405873  695.1934065518298  24.442994111412073
-26.135395937981684  700.6629629254703  23.695002252766784
-34.746829621572275  706.6809982266434  21.673768039364568
-39.04868398160816  713.1981383645392  18.749813809252743
-41.01527742175156  720.2392805776791  15.377129440078377
-44.36500433241494  727.6759420807703  11.37014148785932
-48.70259694316608  735.8584765218878  7.162689559915224
-55.367631506314126  744.63579072144  2.697346560808779
-60.45048377315686  754.1727585332895  -1.9702331427606947
-64.17154287210045  764.1176023043835  -6.676349011762374
-68.16567342839406  774.6009162702214  -11.38127081824247
-72.16409669039146  785.6698667939028  -15.958786481505193
-75.96498234629462  797.3420730779046  -20.494447361682745
-79.15161595129217  809.6586308724627  -24.773974601994183
-82.17996903605908  822.5615061648593  -28.832747659398372
-85.39989986905393  836.0441716474188  -32.79387924035287
-89.0532217991364  850.0916548195684  -36.363634105616676
-92.42267237522952  864.6883270727766  -33.34850115238061
-95.19092300384638  879.1819838221356  -32.18270779809284
-97.68213107291567  894.8383654408448  -25.04991928354267
-99.83878179627273  910.2070753503428  -20.323641279529458
-102.38355227155009  926.6276345632084  -16.343674930910908
-104.52301057278927  943.3135982811635  -18.357906669814874
-106.61351259357802  960.9737196822118  -24.133891927365248
-108.19157741534136  978.8768991647214  -26.42587475016493
-109.44102777845706  996.2878533802059  -28.08852377431302
-110.67413581138635  1013.7620506339389  -29.615917756571122
-111.73038677144402  1031.1065401427802  -29.797980859778647
-112.63833754627586  1048.2640203754822  -29.393805008524122
-113.2460125403631  1065.1544454621412  -27.837047143668983
-113.74049318099081  1081.6568262493186  -25.200451505356988
-113.98725385630752  1097.7568353579577  -21.063608134237484
-113.70887173692267  1113.40310844846  -16.423799643945777
-112.9725936076075  1128.6970169866697  -12.704885066966673
-112.01507561527394  1143.3990290630686  -8.439721286771988
-111.07040224963781  1157.5274520131843  -6.738461654659863
-105.59888857071867  1172.6630302336675  -5.853745085822722
-94.95174203502008  1187.440942093131  -6.740436325395878
-82.93204457228225  1201.1345337987154  -5.50340753932714
-65.0493076303666  1212.039860900221  5.225985951627802
-54.319304819753164  1222.4372023798649  13.310111789552776
-47.266320391017594  1232.0648336757  24.760539317579358
-58.39910249355496  1240.377796605954  30.909227368004615
-71.97652898837183  1248.254484670057  38.16553207967968
-81.04499660288303  1255.2063941539745  55.527058032055535
-81.11131359944758  1263.7800998731936  69.62109937023399
-77.9865209469094  1272.52708080986  87.03318429438164
-77.75942532889586  1281.95798357663  93.24740440476319
-78.81017368331347  1290.1726303854643  89.02806096599863
-68.69959560768116  1298.7483860998902  78.5440962301088
-56.84464818328094  1305.8956600931297  75.58956683152563
-44.0751264625101  1311.3923801206217  93.46208375442146
-39.95663195508519  1313.445930034467  126.02933974454362
-35.44325790835886  1315.7373233416965  146.20463094082476
-30.237572986489536  1318.4483224612254  153.74315718767804
-25.770386830715584  1321.6489457563925  145.88486105737417
-21.97647779914491  1324.5291689643004  141.63900783560524
-19.127776198724263  1327.4422488197604  121.56253274575323
-16.383284293554148  1329.523760542922  110.68352219590443
-14.180968394203553  1330.6400276930751  103.67211860278938
-21.932232206417808  1329.9447970970564  115.5237356296783
-31.555871501505585  1329.0047753896392  123.46846087621631
-42.976488199300675  1327.7418511928067  125.8439906312927
-47.20270407437272  1326.4423764894375  127.42411817948515
-52.19984629697504  1324.559878482752  128.97149392743273
-58.18464140982148  1322.1119973314617  130.33395271801317
-63.50698668524694  1319.446597360762  129.684269541555
-68.53982758321462  1316.3435876071526  127.89794562472233
-72.72087700620385  1312.9254171589457  133.30235499890105
-77.31769012268273  1308.5457784926343  130.71520616382804
-90.9800353508962  1303.2983659938695  130.94709597462744
-105.65916584353056  1297.4616120766705  116.97949967232924
-111.989789613316  1292.3538889161591  107.7600383964885
-104.37539174207868  1288.121026579785  91.58020396170927
-92.98885745906303  1283.5907527573897  78.4311807943978
-87.74333381361056  1277.9515682904844  66.62928491540653
-83.71163899644985  1271.1863935775611  60.01793193925392
-79.48533395306477  1264.6752162651721  52.658021360282
-70.57056408928335  1257.5228696837992  48.57968742606869
-60.27931589830895  1250.457600071801  43.257690894269864
-53.35693739852718  1242.5267309861022  42.76822564112887
-53.80511794039175  1234.5918513230545  44.35780084903167
-56.8739679177595  1225.875633541241  47.30919295884763
-57.79127203053384  1216.8531857007497  50.81802981491834
-56.72023302319015  1207.6267127028684  52.10072986352455
-65.6332487888003  1197.105801781752  44.78153322218138
-76.34084521258444  1186.1415106312081  36.55539538856295
-88.31614524660853  1174.5809430447273  27.108249218504355
-92.70571116271465  1163.537419232663  27.491024019711443
-101.60852480423725  1149.4536109241524  28.579873079685584
-109.49223127686814  1134.9076607018128  26.834399736393213
-116.46212377537663  1120.7925055668204  28.380421365513442
-118.11664609572564  1109.2775799337721  23.03729108255413
-116.6660555143653  1098.9976595449027  13.94423342337285
-113.20672433957162  1087.5270145839324  -1.9745062222632246
-107.89804682836342  1075.680015041405  -12.9353627955537
-104.44749098323783  1062.501978083854  -17.715846002672063
-101.18456566547047  1049.4908833984832  -22.99591073619525
-98.19481143981358  1036.3308513315721  -27.88261630728892
-95.38497003205713  1022.658212804906  -31.962582132996644
-92.95048324361781  1008.4076988325277  -34.733368371838324
-90.7053775455246  993.583034306418  -36.5690649438739
-88.44106036581044  978.5241650842383  -38.10290393652413
-86.26341620335295  963.4078302949578  -38.22087921156524
-87.25929279879536  948.371641415381  -37.77892182459978
-90.03663695713763  933.1697162416904  -34.07444959855017
-90.98049582757763  918.1453471678357  -31.21128809563915
-91.01880731595925  903.6406662755129  -25.45131778648481
-87.86110478629034  889.6302026744222  -22.896440666167397
-84.83416945290752  876.2528067218552  -19.556816965961414
-79.57926383154654  863.0195748851645  -18.33668598011599
-75.24527302678516  850.3190197155989  -16.38232356687422
-72.44446542668611  837.7503500340694  -13.826514314059853
-69.03664756552696  825.4821605038887  -11.463504036647358
-65.77018153793153  813.514520232572  -8.665406745457355
-62.279091548559535  801.8166794214117  -6.022894317894345
-58.90867638818615  790.4614512384425  -3.1384476601166416
-55.53907530836129  779.510853928798  -0.04030400927194533
-52.14997166857068  769.1186956656392  3.2470191538265443
-48.864856306451145  759.349123810858  6.8383671776357815
-45.6146812775161  750.1392492581438  10.359099668022424
-42.33189174363567  741.3686704877352  13.778226916262021
-39.19633391306686  733.0203116438969  17.043291613309353
-36.18528623865506  725.1681988582842  20.429374441132016
-33.31554643491561  717.9167055073648  24.0338647270452
-30.535598200973666  711.2251657194281  27.843073670721378
-27.860306316405854  705.0391127770886  31.542094671058745
-25.41919938800213  699.2812880632578  35.00373264040833
-23.080094922369035  693.9790138656779  38.13968764379571
-20.846021670333286  689.114971991602  41.07379629412867
-18.733024274760496  684.7255953021319  43.68824636501411
-16.87005903398385  680.7588677499698  46.219360701800696
-15.2483318111811  677.2442921215799  48.45271670564344
-13.820643764078472  674.1294213788701  50.68564333879783
-12.520543956792151  671.4179848180191  52.651071050673096
-11.41026469884951  669.0378289213213  54.47210789524115
-10.463173898735635  666.97956249872  56.01189496151953
-9.700843256829607  665.2339346548138  57.37899874398438
-9.065881943785671  663.7788299714681  58.597725123776996
-8.533457969374071  662.5856229205427  59.642921784399384
-8.088839633446812  661.6140873708582  60.51437487611518
