1.6572353389429537  652.2717516888679  73.58711166020527
1.7116712311947297  652.5283147567055  72.51617961956028
1.721295378646831  652.8664469388842  71.28816239603645
1.6909262411512864  653.3212869566349  69.78007526656351
1.5184168182642201  653.9356344849473  68.10395637361756
1.2971869211500027  654.756958103255  66.10967566449789
0.8082792439258837  655.8168039050533  63.95987579003446
0.24230432801727791  657.1723250485969  61.505008686343736
-0.5636311059364161  658.8636448123109  58.776432347632145
-1.4675172243223789  660.9599695442705  55.66148548276572
-2.5610641421457037  663.4923489266858  52.21918574640924
-3.796141425057667  666.5295227796147  48.452767881648164
-5.202164408680611  670.1140263889348  44.21823464309988
-6.843516038267847  674.263099056477  39.540558512694396
-8.704554779809275  678.9920958369979  34.30757008332717
-10.730955474245137  684.3067091235888  28.755781645897358
-12.877649140757567  690.2314303982016  22.832335758333368
-15.175496980220053  696.743193850525  16.69988606791902
-17.554785801662483  703.8439422832238  10.144713758521416
-20.036326897086816  711.5334826865673  3.237643789249792
-22.579029161746504  719.8372260427634  -3.87711699750988
-25.13179899768418  728.7309669076601  -8.485752952935785
-33.39580335480001  738.3695514713424  -11.392841104344429
-42.4005304016225  748.6071511739447  -13.115179157127361
-52.3890201016175  759.4722672852847  -16.02109927158346
-57.66976700218383  770.8482141101244  -19.445096841687615
-63.394549107238504  782.8631413685446  -22.77484866595983
-69.4820373709328  795.5149256761551  -26.10363213008784
-75.21713424794939  808.7506187017567  -29.456363258305768
-80.14607910374026  822.5661608927333  -32.86731977095307
-84.1192627290056  836.9605538436643  -36.39489933337427
-88.56965344485832  851.9768688103568  -39.365497957335094
-92.91862836206079  867.6337509905833  -42.244323650007004
-97.0901884859518  883.9335079048868  -44.4013069181219
-100.2943640157021  900.800719055278  -46.426488414661414
-103.20113087969733  918.1694850755962  -47.55295463965621
-105.9163943985338  935.9377414795875  -48.28164747481645
-104.28906458024323  954.0398880632415  -47.42973593793912
-97.93994048251605  973.6721176973238  -39.25908967314938
-94.19043454458655  993.6946939213783  -33.95615795502782
-95.45675645444712  1012.8159407796409  -30.27626705382362
-101.04500922941584  1030.7495477426464  -33.44184105871955
-103.6242847707761  1048.471298525529  -32.580206170769934
-104.88932976334272  1067.0095248333148  -29.966026293623788
-106.40419528282106  1085.0087632253135  -26.66442266805809
-107.87515662510037  1102.3734718883056  -23.18112164312437
-109.11637602143202  1119.2747382768887  -19.72833057928697
-109.50059530793403  1135.751337093669  -18.841386200607896
-100.74802450007877  1151.7927544146864  -19.50742080746264
-90.44422259217079  1167.075533112358  -21.004888679504994
-78.8084500058395  1181.6766043482385  -20.751405124685853
-74.04427880343188  1195.5893084057302  -19.909543094256044
-68.60898883868187  1208.0980046718355  -18.350871138314677
-62.359668405025346  1219.152075619106  0.9292922444719736
-61.09704733064367  1229.2656657696587  19.119488688463804
-65.54075198545277  1239.1227073518212  35.4393945094599
-76.94903785790444  1249.598570227269  32.66283952622812
-83.13633548971352  1259.6362029549614  36.11351219753864
-83.53391119609248  1270.4730777403522  46.48021473952031
-79.25413179497586  1280.499465505508  61.02161373890135
-76.6472647905174  1290.504727972489  63.91429738895603
-75.79118814115046  1299.1764243000723  67.37032114889305
-74.15554855155622  1307.339743559173  75.41697635172616
-72.35826368428654  1314.1292236346994  92.98206507099961
-70.70397637031081  1320.2812293714926  106.12946858743453
-69.52469694222768  1325.617015479741  113.78513919350117
-68.69261771119147  1330.6104592306474  120.8895631690693
-62.801768469946595  1334.202605003219  128.13047779659132
-58.981123865995386  1337.07511463685  134.8112036021995
-56.181065904334  1339.2744019886811  139.99147216859947
-58.905473978899394  1341.39518840958  143.4380801162451
-60.15802132723336  1342.7240299476848  145.5321983565881
-60.486010138613594  1343.3310049982522  146.22876525502795
-61.583311401884465  1343.2821424976312  149.3843811873325
-73.30620984387062  1339.6393584802288  155.60495088547415
-87.31508233631268  1334.8684905416721  162.2188532250835
-102.86463938098936  1329.0748908081837  166.04146361368828
-105.06209751270883  1326.580023415746  166.90342302082578
-102.42624768447075  1325.1065757179326  159.18582605405052
-93.96385059479402  1323.6730611204705  141.50884703739027
-85.33369581365946  1321.5422114505004  120.92361605637981
-77.4600508108278  1318.3366640641043  104.58085759779185
-70.8584952083076  1314.8674294710943  94.48994709580478
-64.89220029525745  1310.708692728013  86.99742116767713
-59.42997712160579  1306.197369854273  84.54782155688048
-54.75899959370726  1301.1883084459982  74.73756924681676
-60.76929869121324  1295.9112080704354  65.47544045812137
-68.55399561376142  1289.5136510712268  54.57317862816256
-78.71193016444315  1282.6402787712434  53.055663850957295
-81.10080139809136  1275.110014526647  49.4212275613673
-84.96412443265206  1267.5669576106939  44.47718324942817
-89.61981878752016  1259.5568887562808  39.851386406004586
-94.33663567455854  1250.9032113420117  35.51510252448999
-98.35400943215816  1241.9301688758596  31.01315387403092
-101.55047934062254  1232.5605051389366  26.568362243165122
-104.60100470843892  1222.9597164654729  21.254592690889854
-107.61633474291227  1212.8743863223203  16.86793688357256
-110.46182923733629  1202.4438610180753  12.038172014518555
-113.18996718268352  1191.731267227583  7.586374088272125
-115.5897819014992  1180.7999670215484  3.2656388650522756
-117.69698472160877  1169.5059747568748  -0.6192275572118291
-119.615047223255  1157.8361695433002  -3.9945850882245395
-121.24221003329782  1145.7272299459228  -7.618237084699176
-123.00965388279305  1133.3657635619038  -11.275989847101393
-124.70894597030673  1120.580013103694  -14.644645089023083
-126.12498585390766  1107.468468863962  -17.852253708282504
-127.09417818294503  1093.9751556273477  -20.909470539666337
-127.36340439665629  1080.2950913878537  -23.861185221096562
-127.5275967389511  1066.5289415680952  -26.448947238146232
-127.38327486940835  1052.6174213188692  -28.50587666202684
-127.43687113804606  1038.537806095766  -30.184586264902308
-127.29821812668835  1024.3268169997416  -31.524350084479785
-126.91626940871876  1010.1224746712908  -32.58849952758146
-126.39364003522658  996.0237275817202  -33.17294090964208
-125.83068919726102  981.9680320834234  -32.677351118579054
-124.77195223824259  967.9655509289927  -34.422510425648085
-123.43406675076717  953.897509033146  -34.701841726991304
-121.80617032877701  939.8946580373215  -37.04138101043025
-114.4288520687843  926.0107759580753  -37.68903385984885
-106.007295197979  912.3450195051198  -39.93626693565594
-96.74230382306874  898.8141216828319  -41.03698908466555
-92.36478214617202  885.3719955270618  -40.980221190480236
-87.77250644559763  872.0911200888013  -40.318811760135105
-82.54521646020021  859.0343090952363  -38.68875447884822
-77.55053250912721  846.2285032373813  -36.643514556223124
-72.86279479802073  833.6243274539139  -34.08448900879403
-68.72614391988974  821.2193856752993  -31.190962624310092
-64.55256014160443  809.129688193829  -28.127219303538823
-60.443399603605286  797.5036517069575  -24.60832227146429
-56.47771762153092  786.4068070334228  -20.752629183041297
-52.59063588558139  775.8407987579279  -16.75730303639357
-48.83958414652648  765.8060439209296  -12.915973264843506
-45.06875667485606  756.3883824516333  -9.178436532410183
-41.414783991512515  747.6231279838589  -5.4295216610191055
-37.79465791500092  739.4966100184715  -1.8474408347134577
-34.35539695168467  731.9633953916026  1.5179044588275223
-31.015629459947583  725.042294970812  4.587505145730159
-27.89359423662522  718.7559876020473  7.450186447051867
-27.416771175596363  713.110254495849  9.987745819484623
-26.22764027048184  708.0195390598478  12.210481067047589
-27.247962175854454  703.5668301900198  14.10029980476772
-24.929683965594435  699.6225020398219  15.708238598010245
-25.760880522159663  696.2595116734482  19.216282842045256
-23.689858843906155  693.2273809323733  21.705346641419432
-24.662050114222225  690.5706692369388  25.84315218166128
-22.658872559953444  688.1210080090754  26.91474172723799
-20.31516771722363  685.9525414864573  28.455495045671775
-16.409563453306184  684.0130076672866  28.234071515691962
-13.596146714201454  682.3180534165165  28.772427806929052
-12.37320192048837  680.8217287270343  29.59833074949276
-10.884262363771636  679.4859049132963  30.453548593909193
-9.46799980174891  678.3038570263238  31.401867338961843
-8.197792152314568  677.2347052188072  32.5845171256231
