-2.5605196064334996  651.6969738589861  75.35245771096362
-2.5170441602582887  652.176201481456  73.69326404367243
-2.5628803613667985  652.8252043210928  71.88430127178788
-2.6584053369868386  653.7307150792235  69.57832218982533
-2.899173714223093  654.8912275592086  66.95720280343663
-3.2748800474085646  656.335275287496  63.72615150246074
-3.818702027530448  658.0300042160595  60.140236351397874
-4.475638135939468  659.994727057885  56.162614764863555
-5.206735220261051  662.260101149984  51.86881320149802
-6.0317169806703275  664.8559269088291  47.312812452957104
-6.972692113976232  667.8218755775317  42.36675740914716
-8.019509184797192  671.1710506137862  37.15524705998296
-9.173761704455533  674.905185163502  31.622133564806102
-10.40107890052004  679.0107436767041  25.952054802298917
-11.659850235552415  683.496881492544  19.915537714899028
-13.040677517412677  688.3851695655086  13.593361456391772
-14.501827317842231  693.7039863140056  6.991692449797348
-16.03618470947286  699.440349526533  0.3290422485241482
-17.613798960100027  705.5936213219119  -6.386648291011096
-19.208274842547528  712.1393997775629  -10.677892740174851
-26.411058543421916  719.3975133131903  -13.426130078309082
-34.401856546673066  727.1796237816504  -15.025635223271692
-43.366707700276926  735.539325965106  -17.78935649490532
-47.83476244912743  744.2200530199276  -21.233565431584005
-52.66455513525585  753.5113094821795  -24.90778524603062
-57.8730597968444  763.4612006952568  -29.02868305926259
-62.85668207852221  774.0859153680151  -33.10666743188178
-67.54717064500336  785.3846330663107  -37.307894707958035
-71.61779651309416  797.3398702039613  -41.63287498458963
-75.55732014608999  809.9498498519655  -46.54857280371533
-79.22337439744427  823.1748073981886  -51.23212131092592
-82.36914634751925  837.0147994860552  -55.58317534238384
-85.39392850614388  851.41292500081  -59.040556956196596
-88.36125698878644  866.3541552426226  -62.276177049726414
-91.31819579824797  881.7174158724551  -65.5083576828685
-93.81572900476772  897.5121353750164  -68.40083348026266
-96.05140208068316  913.63968637212  -70.48778665767975
-98.12803529732864  930.093240982878  -71.44857732209174
-100.02256052122675  946.7433667306367  -71.70417380532864
-101.49860846278177  963.5218806666383  -71.60512324352891
-102.7810244208485  980.3127012659113  -70.88758031361147
-103.8436397853586  997.0643720022732  -69.75822210528007
-104.69171199844304  1013.6803702060422  -68.3076591612301
-101.20842233608234  1031.2954988589377  -58.731004291122396
-99.19439168793929  1048.7097028749754  -51.69290455184662
-97.80529805983397  1064.7271056510174  -45.43751378413633
-100.66622012408216  1079.1324811991558  -47.233815539826935
-101.7596009711101  1093.021294848766  -45.5048268800828
-101.97160487394346  1107.5024729291065  -41.967533526189385
-102.05423283180113  1121.4147196878776  -37.820870833697754
-102.14236398259636  1134.7663467894904  -34.39389369549165
-102.27170722294166  1147.6097394317997  -29.616747334411066
-102.04308998529909  1160.17518421088  -24.97613787123408
-101.53582623707271  1172.4231703811442  -18.89583487012799
-100.77785203246385  1184.373557562649  -21.323825075620316
-99.99571355754671  1196.3756872969952  -19.374735012110637
-99.34791200441549  1207.7347923604334  -19.21469380481301
-89.44684310209972  1219.0023114765127  -12.698958202675755
-82.9347034291998  1228.7584836347169  -11.001547700355964
-80.20461395321568  1237.6983602914133  0.8892745739905408
-85.93737956830968  1245.015198132509  15.653520306754398
-87.32770600715504  1255.3690182369482  33.103232396612526
-83.67614475749748  1266.3557464715125  43.04062617179072
-80.8919028394222  1278.0333008458874  53.26417196859903
-78.84793089070001  1286.8014279972838  64.3409969272184
-77.81231363288555  1294.9759614605175  76.67089972137188
-76.53065145345754  1302.8619443765187  88.61100214819908
-75.18491372799535  1310.0572851439651  99.37340961714739
-73.8888712243076  1316.5725149780217  108.40800442281696
-72.62487683491825  1322.2345542445382  116.3318934795942
-71.33748673419554  1327.2533200254452  123.4011967986412
-69.99409737185928  1331.6501148460611  129.67617580829986
-68.7015109866595  1335.418748654754  135.14322626581244
-67.55367739399252  1338.6505003436025  139.82136959689558
-66.57446410270313  1341.4259953893  143.78683649365541
-65.70994488617626  1343.7948505323952  147.05241937041305
-65.18601128017384  1345.649435595764  149.62480969188454
-65.11315095621316  1346.973978814477  151.16252267733262
-65.56055570240736  1347.5900575844423  152.09981847877265
-66.31730249095921  1347.6634022395472  151.7167483390073
-67.19359803949123  1347.0969530958284  150.74917106967627
-67.8851170586556  1346.0540909162573  148.2503487820842
-68.61318540596581  1344.502747831319  144.69345241835913
-69.3641059621849  1342.4669814584242  140.17496863598745
-70.2952838696571  1339.9660219426721  134.5414474056393
-71.26759629199434  1336.9006244055627  128.36781591396831
-72.68427944855722  1333.3294333192794  121.3909275195048
-74.30768074729491  1329.2750136196573  113.71310636168238
-81.11161941496105  1323.4008093431996  96.92511110459776
-93.32776809655807  1316.8183128287965  86.93565247567406
-102.3479917499207  1308.008899189562  77.2631195156784
-102.72958680716151  1300.6910585375617  80.51658554401718
-93.49885497698703  1293.2877366898472  78.99039689864372
-85.31455331819855  1286.8811895736208  71.48110764154514
-77.65991843110324  1280.2320621024235  61.75592523405418
-67.52461134792138  1273.539593261627  50.987054529047015
-59.27216592267146  1266.9577300206352  51.05192988081575
-54.2177684371102  1259.5390389560193  47.6164964354644
-58.5802386196256  1250.6054517392906  40.95286293830917
-66.89023371980399  1241.0450970099994  30.14368979327577
-75.29011338089158  1230.5998763734462  21.37644049711401
-81.49436001001285  1220.2119367624236  23.066669130622387
-85.34711427093053  1207.9076376051473  21.93256869309822
-90.28536250015807  1196.2170749362883  27.074087553427443
-95.29092236022464  1183.000240335913  21.717890856879727
-99.52481469027721  1171.7566207516522  18.89212416561147
-103.0463442289504  1159.075063798928  9.490838296048656
-106.24533913131759  1147.2813171784912  3.4194309026644403
-109.33026348886598  1134.4372146251592  -1.1660772781710325
-108.26007923745448  1121.5925445862679  -5.752005507120843
-108.17159634710822  1108.6965951175623  -9.976248490120913
-109.32914155421209  1095.593391913301  -14.109899322087461
-113.9735280948698  1082.3390579275979  -16.615638649354477
-116.91631546531383  1068.9997305212362  -18.566787030856844
-117.8536432123698  1054.504816258246  -20.325140124942568
-119.20176870923422  1040.9322939672431  -21.682997202170284
-120.42574556699996  1026.125605073453  -22.833445728676455
-121.81170184984845  1013.2912004684719  -23.51650152950008
-122.27006708484579  999.3966607860813  -23.71749157701828
-122.71881404509979  986.6469558191869  -23.539973957788455
-122.66149565309729  972.9680995143045  -22.942297811894193
-122.39218863045517  959.3362564576873  -24.708868075609686
-118.49962019307455  945.8746366307165  -27.640099993976342
-110.90458170082157  932.5079736509971  -31.316257364535872
-102.26204565281856  919.3081152591116  -32.84159161922557
-95.8312079787834  906.1705851891021  -33.5156049519052
-91.76582164449415  893.2882733984518  -33.33592315690659
-87.42889702124901  880.7546305160473  -32.476992635818696
-82.76986787477082  868.5650510017138  -30.74225946604899
-78.4204831465145  856.7317131705532  -28.666619728738127
-74.53646883322646  845.3058391594835  -26.156871742427196
-71.04632069003188  834.3791696557811  -23.32433237874245
-67.70834119572409  823.9503429379473  -19.952798710221934
-64.52847371753347  813.9199769906849  -16.33319261952234
-61.559168072878805  804.1645164893064  -12.368674101206507
-58.709384688674334  794.6091444041504  -8.263111844015054
-55.993330545605325  785.2241025597338  -3.8130104567135352
-53.319660902552  775.9991629227278  0.7735702835400775
-50.732436240905486  766.8771066708254  5.66038753276033
-48.093707181326984  757.855391630843  10.587675926795665
-45.41574644488301  748.885294773535  15.717587680295935
-42.568968914409105  740.0037010697081  20.72112499583481
-39.74196221050958  731.2267196334549  25.729759052403352
-36.837693249004275  722.680744222296  30.750182773511263
-33.86953075001662  714.4471639162298  36.02198155360512
-30.752916071102824  706.6290754519031  41.480232131956306
-27.616701811880297  699.241524286699  47.04260756341385
-24.592932374064194  692.3732709388229  52.40516075936124
-21.704851407008523  686.0353123519939  57.82040472273097
-18.931459226759056  680.3186921182062  62.98538921638344
-16.33036175760186  675.1836668934532  67.99664017423073
-13.910412854664242  670.6648983236469  72.38892805451503
-11.778311485012235  666.7544057032653  76.22804267840267
-9.95049407763074  663.4382803613207  79.50075188703286
-8.414046300208517  660.6356701124865  82.2419806419456
-7.215724848139699  658.3069229867716  84.55401788264086
-6.293241864456929  656.4071259359364  86.39873400244213
-5.676318340681015  654.9444518874726  87.757843886558
-5.193259133889612  653.8161589104985  88.63522441257744
-4.881035260921971  653.0151699791458  88.9719112282705
-4.706913231011153  652.4679387124781  88.98580230156111
-4.6811760788700845  652.1795969281915  88.59146247892615
-4.776333105671729  652.0612695522232  88.10033016348666
