-3.643199492301226  649.8030793677403  65.33317607492646
-4.350819682129111  651.4935794209694  64.72330034363758
-5.092059341086639  653.4308253143798  60.69937764967697
-5.8903253648833624  655.959123011768  56.018194163946596
-6.843127002617273  658.7257193266607  49.275685776803996
-7.947095485377202  662.0339433051898  42.93166700112395
-9.2594714845117  665.762968797371  36.975736291898635
-10.697054584809521  669.989128719421  32.45141893543127
-12.257789052774882  674.8204766450513  26.659264358650553
-13.896549638761323  680.0076158492117  22.56684192923855
-20.811143218279327  685.8224341645306  17.506047683917867
-28.478361997392096  692.0519830219482  14.62185955676711
-34.380207999002145  698.9357123000203  10.425539243625671
-37.09933620702622  706.0026914975953  5.469592021524969
-41.408391101307636  713.8604533541633  -0.18245582061572918
-48.64562684662593  722.2968917922822  -5.902853414347514
-54.563230143919256  731.5557214957512  -11.625668301630686
-58.88504216223515  741.1770738049765  -17.437303158930412
-63.12031243263928  751.4296289930961  -23.77780170924992
-67.57256708584092  762.4374974300338  -30.113528175596784
-72.11415220890757  774.2265079395174  -36.254404344969416
-76.22107437919277  786.7547874579218  -41.60348858629715
-80.03262278360197  799.8900607031931  -46.19635730938046
-83.71905611127282  813.5869953154702  -50.21582545318671
-87.22449032110201  827.796123605767  -53.88522454617882
-90.36005822550963  842.4725943777337  -57.26037478000157
-93.3526539775849  857.5182751825106  -60.328851334380595
-96.02361267738391  872.8589611480842  -62.79567355289102
-98.82038016410665  888.4364624536956  -64.78721877082984
-101.10050567071087  904.227104595974  -66.31575243553523
-103.50727508941199  920.1724559697498  -67.40577698420478
-105.51944844739978  936.2011724187519  -68.23791694723018
-107.46055150612665  952.262307073282  -68.53444308633638
-109.06059198471948  968.3401503139316  -68.27585434051704
-110.4223106497961  984.3888362964611  -67.62341653672794
-111.58049752218177  1000.339065259022  -66.86960286187704
-112.67595407627799  1017.3773289201811  -65.50944159658607
-113.69905977988775  1033.1310859828595  -63.32812930275555
-114.59809690785788  1048.712333346557  -59.90468682980795
-115.24462057012518  1062.8086062256352  -55.89737214096932
-115.77658712266633  1077.7076899667818  -51.420549216499495
-116.2357559789769  1092.1907055552517  -46.695955260827304
-116.45081379493926  1106.1010526346358  -41.716460218857456
-116.2540080468207  1119.5831359661079  -36.48237330837019
-115.88824068919105  1132.6260987935516  -31.127973776940475
-115.33208195407428  1145.294772864541  -25.24984273143687
-114.87898505800027  1157.3638957267608  -19.22632957080404
-114.19766994287818  1168.8442069981998  -13.21302820080113
-113.41545696137055  1179.779876293645  -10.86166863604409
-103.75131457568929  1190.4225563345872  -12.209045427003327
-92.97361024900158  1200.6469510272168  -14.543670508261185
-81.01714266086749  1210.410548297551  -14.752119917864222
-75.98414936122589  1218.7056486188999  -12.730652098746747
-74.96976210101934  1225.8792506964874  -7.323514279739947
-78.48891886847545  1231.598570934343  2.3502450147980722
-88.75291903007371  1236.9447594780622  21.954661832523247
-99.26551056520775  1241.6618011594178  32.4429066313713
-103.97738839700027  1248.6785843296514  41.493805918775735
-101.16445040147207  1257.0462458247453  44.12444317096605
-95.67637862652866  1266.0061452157777  54.5703149148043
-92.97770787753531  1273.198779500957  64.81638280855508
-92.68145248346801  1279.4976695038185  73.62834918055906
-91.41027841075055  1285.8033905468687  83.29075699920753
-89.62951491246932  1291.880953824021  93.1574083842615
-88.00335172634398  1297.4833173239304  103.79533528592341
-86.28242892632089  1302.5627138374493  113.43443408231332
-84.11332718241908  1307.239418129511  121.74717174153311
-81.46141701978799  1311.3206054577226  129.30870456165485
-79.11815572091766  1314.7793573215793  135.9098067569608
-77.28533213447369  1317.450745258774  141.68876717854818
-80.82275709173993  1319.7604425006296  146.1137411651263
-82.80805737804229  1321.626602333527  149.2966583004779
-84.4070134728077  1323.184687859029  159.69509912034601
-81.22097587709142  1324.2029856591923  166.0914887526824
-80.33287363294126  1324.793832951394  168.4454677521476
-80.5557604374372  1324.8667939129714  162.56551719884754
-80.9661082267431  1324.5514253395145  159.1347701405627
-81.59653770587758  1323.7549407152628  158.8273691205733
-76.92113489751132  1322.8742598222918  156.0672253706017
-74.0792756688138  1321.9396440926791  151.36264869784162
-72.82588917329788  1320.23195798534  144.76315131605335
-76.65515922778046  1317.847790994386  137.9448895807041
-78.76910070916014  1314.707174201245  131.17408176072178
-79.05812433457046  1311.6115158869927  124.2460125907403
-80.17702226420285  1308.1445603950806  116.96602949325764
-82.10882871362648  1304.1498374328805  110.09111396768465
-84.27255478116754  1299.740522363823  102.43881267413855
-86.47898697534093  1294.7847012850027  95.26080793581785
-97.79381425861354  1288.0378546704721  78.07712558270487
-110.72281324911893  1280.5021845184074  68.39902783170045
-115.77564818473344  1272.6137687838232  66.1419569990058
-107.46341958737179  1265.825997702691  74.54648937792093
-95.50268873502232  1258.7633446200496  77.59036496589373
-89.68173960342  1252.0090437869303  58.68735109465322
-85.05330842777082  1244.7968424264877  43.39682483989677
-75.85675965322729  1238.2889246649977  29.023884081546317
-63.759767563351524  1231.0439816501444  22.224336149676375
-55.175912466599  1223.7924171435761  17.146329093802052
-54.50473780804608  1215.848426209017  12.899509571118717
-56.54315977112433  1207.587611511778  11.084859673840967
-56.34130153279353  1199.553132647439  3.9783532371660204
-62.660711517739315  1189.5581836452443  -6.0506528263405
-71.38572551203778  1179.166871394632  -10.355012552322101
-82.30876576771763  1167.773253176014  -15.0762932460759
-86.19235176267657  1157.2798190468884  -12.190273967219369
-90.2309301366206  1145.4027699887772  -1.3747924193489833
-94.82705496209898  1133.0139621564444  5.521876311086642
-99.18263414264395  1121.3389969703446  10.740796297015034
-102.88682709646972  1109.3851876673084  11.204691012557175
-105.67763726256372  1097.1819169787202  12.89587841207381
-108.00759982504961  1084.2544792201995  5.309375740735459
-110.02623134860325  1071.9571216241272  -6.361299973628985
-111.53074214691628  1059.5027553075874  -14.40606300140594
-112.75230377245032  1046.124486349743  -21.11206694495856
-110.3053297319479  1032.3369811850473  -29.110660705273027
-103.84542591562092  1018.3786729608381  -38.83707847775388
-99.62708336444233  1004.331372178418  -43.073392758971295
-99.4362083976722  990.5269134977043  -42.42218096651409
-99.7588035383917  976.679374521469  -39.98820051684011
-98.59646256382189  962.4140580429346  -38.87270886566905
-96.94145119514988  948.5274264001706  -39.078943385718546
-98.79975399376286  934.7746118300872  -37.648717999214135
-99.65712139176387  921.8150655365457  -35.55678796674449
-99.90403701993158  908.748567041401  -32.989255466773294
-99.62101283207721  895.9653486063924  -30.78696596051494
-99.21365780408567  883.3496174268246  -28.076078222370676
-98.60755263020266  870.8977450551563  -27.653113264452195
-91.81269170975764  858.61146795829  -28.21786176635695
-84.14117049950684  846.558823261008  -29.679755225683504
-75.61832493445374  834.6370290384588  -29.527201008047278
-71.92652407225083  822.8172578424671  -28.313997795238823
-67.64675748077147  811.0207491444226  -26.798812257472342
-62.90063171209256  799.4337959055808  -24.428084881599858
-58.43279971238442  788.1747256489922  -21.451812971005225
-54.39132761399413  777.3086271974901  -17.93101038917044
-50.796065073936674  766.750174467369  -14.086329536810837
-47.2459305741474  756.5522777954818  -10.342444554507338
-43.706377960819395  746.8636476268642  -6.320084266636714
-40.441957241910245  737.8476953420247  -2.0040794647663187
-37.25726143310098  729.4644290536537  2.6895817235135433
-34.35589628548934  721.5928117856743  7.608622362599042
-31.50789181193342  714.1661664504624  12.456251100025277
-28.843273841656675  707.2238237823349  17.278442556841853
-26.283966076761335  700.7729758017688  22.077390034776673
-23.900754493617722  694.8218258592368  26.63667747221955
-21.576585038682314  689.3275554599346  31.0395253158078
-19.401804545331434  684.3501746692172  35.053571809958896
-17.294343399506186  679.8486219465615  38.9040412737006
-15.458542894237373  675.8675354670899  42.33965773830794
-13.793593896421878  672.3292329252552  45.597162826249345
-12.382787434272398  669.2775288085072  48.46429749550307
-11.15724928997116  666.6713548520788  51.04077664296498
-10.126778586176126  664.4744248749366  53.250244247090734
-9.261586559509869  662.6227902409835  55.2351943062645
-8.523372098918928  661.0844852127202  57.02060687725908
-7.88772350860606  659.8204342486533  58.45103863363529
-7.328692974147768  658.8051474286715  59.54911746340182
-6.857819319044844  657.9645377507456  60.281317815956434
-6.452420990340934  657.3249131102218  60.69045913706465
