-14.325869607950438  665.5147005655872  24.13588062646482
-21.664846893015984  668.8101306438205  23.92484993249849
-22.487430594380335  672.3209555484541  22.687085272830917
-22.12776508370186  675.9663191582765  16.705442641068306
-23.49580420778959  679.9313025982214  11.528255804552447
-25.24135793116728  684.4789123142949  4.46746302061437
-29.51456353016313  689.4147712828835  2.324374567539314
-33.305872750431526  695.0894313627663  -1.4537914698774559
-39.068963590250426  701.0411320895553  -3.9148538086144407
-43.89938812622525  707.7234037059651  -7.171802487481033
-47.3356778660297  714.7353688444332  -10.982032147813342
-51.1864988578875  722.3584809107005  -14.815265543280871
-54.907453023853044  730.6483896141775  -19.315088057133394
-58.743254683030734  739.5616331456039  -23.989133880540386
-62.22895531962828  749.10673577761  -28.796510764531128
-65.60453796880365  759.2365972865656  -33.93206379916239
-68.94343173165039  770.0170370918321  -38.98691388058102
-72.21908784087076  781.4337741144736  -44.70765929774355
-75.36550681799798  793.4604534270107  -50.307062577819806
-78.37448733486889  806.0345059621865  -55.802636664979744
-81.25915996177396  819.1726034852585  -60.40542277753582
-84.05971433589525  832.9361005100951  -64.4462897748325
-86.71732941142585  847.293140937378  -68.35760488661393
-89.07438035774524  862.206341790241  -72.23212233522273
-91.13671955021366  877.5935590856449  -75.81954255489809
-93.19079982713174  893.4678869760771  -78.94394672863788
-95.13503543530148  909.8032811624294  -81.47714812877565
-96.89342244772725  926.5078937439714  -83.67635392301854
-98.29482376476491  943.4549328447955  -85.18396411506912
-95.56931372189237  960.4958817266148  -86.3043008062999
-94.2206883839772  978.9614845567361  -86.77974171272514
-94.3276197660829  996.0659717543183  -86.84312583573603
-98.13527640118059  1013.0213830783046  -85.6460220491061
-100.21944712973726  1028.329894245096  -83.88625356486705
-100.30839505035878  1044.640551920134  -81.04611224609177
-100.63656959141709  1060.5702356943236  -77.99583117606576
-100.87865224234707  1075.889242086522  -74.30770060898335
-101.23629505188009  1090.6613758780475  -70.60188708063926
-101.10466238321753  1104.8817249780154  -66.7534875845809
-100.69157003990257  1118.6828913196302  -62.36849308704513
-100.16085603859555  1131.9511587445672  -57.6331455671643
-99.39282171949286  1144.7487741258478  -55.76918105355162
-90.04317927913607  1157.0122781307637  -55.915936702872656
-79.14811555754308  1168.9778284123531  -57.051589952526825
-67.01617407933375  1180.6538413416454  -56.10835718602007
-66.15444552176265  1191.0406975943972  -50.63242566714193
-69.62002495715856  1199.929971200626  -41.14353925776413
-73.61599142436677  1207.2238458349732  -29.477549658290705
-79.76572441127061  1215.1515042979993  -23.61653452771796
-81.36548303361155  1223.7438200337049  -17.32532369336685
-82.17150684039626  1233.4637923702123  -8.113609506785195
-78.39373597397548  1242.1666667171892  6.199477700759393
-76.03446146045259  1249.94407865676  18.015507289324837
-75.38631308996331  1256.3990702594833  27.629561532776776
-73.9995141747999  1262.6386035046687  36.56082029033862
-72.53417544244844  1268.4140514385392  45.9528292883018
-70.74547151770497  1273.6214588220798  54.61439638768768
-69.37698646067115  1278.2199953351915  62.85366184855371
-68.17020083569847  1282.2701849199952  70.68388241845732
-66.96307780391537  1285.9638117525594  77.6935500291674
-65.80924825755481  1289.1581065335456  83.83315937152099
-64.7346217969431  1291.8588977954214  88.68992969442338
-64.02298692559786  1294.0224401670891  92.83480635776534
-63.5153891087137  1295.6247145210764  95.9370275464168
-63.49167458034061  1296.6199463462117  98.25009912491173
-63.90179795864376  1296.965588170418  99.62508901187978
-64.70643167127989  1296.8161983750272  100.53717271692463
-65.72969365557198  1296.2538234474775  100.78869434473728
-67.00314749681874  1295.2393213575265  100.30447359310877
-68.56803704533186  1293.7896972120825  107.27914347394525
-70.61875947845576  1291.8051473203163  110.50344870507445
-72.48353154343228  1289.3659172140535  115.09415713547378
-74.39938527745133  1283.831207068932  113.06369106279244
-76.05823523018626  1278.9572675216136  111.44891634004934
-73.5486451968572  1274.2274451671249  105.15991321466691
-68.29330796579785  1272.364326161505  87.50302080725712
-61.012842839215615  1268.9180797666536  70.51533594502995
-56.54182165743853  1264.3904532107288  53.60781492122447
-53.16137915806193  1259.0420589784533  43.42866327852847
-50.133920063108896  1253.5744954105583  31.734417770838363
-47.43493626514036  1247.8610516909876  23.181055784109798
-53.748129224433164  1241.5487923821727  17.212970190591378
-61.70371154602286  1234.7561939591126  13.69520542597406
-71.15580140709591  1227.6564865526605  9.164839795317759
-73.84439168822514  1220.1283149994365  3.5725515755414206
-77.26576751636468  1212.0180174480463  -2.3568984035581977
-81.53269954776772  1203.1887256676787  -7.852475177016697
-85.46099958818455  1193.764742328367  -13.591680847967705
-88.87642059345475  1183.8632858745236  -18.88922150721043
-91.46555736674961  1173.5289857897567  -24.557609295026452
-94.05773370156517  1162.6783196385468  -29.284496153847435
-96.43972228721522  1151.3610699123592  -34.53919674763359
-98.50463778589615  1139.5338129429442  -39.6946591314607
-100.1326651387351  1127.2078467697663  -44.70802491689733
-101.57574012095765  1114.4393668816715  -49.02434634310819
-102.88894655898366  1101.456214518161  -52.77577553661841
-104.08851871303597  1088.4592763781127  -56.27582670946478
-105.13779853970105  1075.385779686332  -58.82975651719367
-106.08681238392667  1062.1029980292556  -61.02482406541029
-106.98012828957563  1048.5133256866918  -62.247060458974424
-107.58522118565288  1034.6413005373192  -63.0725300984577
-108.05667520148654  1020.6172775397139  -63.52224866868762
-108.16401835629286  1006.569820184914  -63.67965203859046
-108.12920520836683  992.6358014972367  -63.316037041265055
-107.91947524892183  978.7522619307344  -61.65016353824691
-107.74789752509012  964.7985627112398  -59.841015798155965
-107.48186456751978  950.7234142329798  -57.67217138561825
-106.92049261327392  936.5879013196381  -55.987064850234574
-105.89739689539655  922.5307589614786  -53.67207920169009
-104.86956635627529  908.5476898945088  -50.85133559674322
-103.58402536969447  894.6224521399806  -47.77102547905526
-102.44902785027001  880.7249845685733  -44.38314481416768
-100.98910901061379  866.9742446105224  -43.35355405523635
-93.95884431028126  853.383537521883  -43.314812174611575
-86.04452998714186  840.1491085919336  -44.119627468101754
-77.27366656600017  827.2539996791118  -43.38769988952157
-73.16851309053838  814.7872068715031  -41.74697284707987
-68.54998974557193  802.6473109093693  -39.855512804318884
-63.5125824624417  790.8868179467252  -37.07955627295421
-58.62162085646175  779.5609179998304  -34.04251128524704
-54.22684746512674  768.6607716758175  -30.280866224890197
-50.32171157751756  758.1772369254056  -26.427925341811275
-46.49732513838997  748.0738969321435  -22.073940716152702
-42.69463918749222  738.3836126849903  -17.60532888013193
-39.18594315312354  729.0856370272734  -12.803872881029143
-35.75249781520625  720.2197519057038  -8.014338268001907
-32.411682858966195  711.7779819344396  -2.9474411358908705
-29.141761844147275  703.8706900605687  2.2760508898491816
-28.466274844866938  696.5561979516219  7.828990715599416
-29.505785445788778  689.7929286099509  17.408429540065832
-31.71324541674693  683.6653263077856  27.552060342702703
-32.565044646627015  678.2423193580458  37.813869294040785
-32.95364275992837  673.6480396609966  44.26032359778224
-33.394591365026  669.7535905485499  50.10316449877388
-33.75069523785839  666.407539623166  55.64042009667068
-33.95516805327334  663.600374124818  60.26812091624628
-33.85963613283914  661.184154164447  63.99946292543923
-33.756779943615655  659.1196735152472  66.70020575436403
-33.68900890407656  657.2054552470286  69.12534139893677
-33.65190019020788  655.5034045843383  71.38796138645712
-33.64104335612657  653.9908827044848  73.68635179768043
-33.653319581483224  652.6955125269432  75.7522477828597
-33.72686254381374  651.5767398222553  77.66194089003726
-33.838792696963495  650.5981324856314  79.27657053199641
-33.96089967107436  649.7628149529567  80.69686623612887
-34.118322356182674  649.0474349990338  81.92554221733783
-34.257163856189685  648.4469409108525  83.020361269795
-34.460455640528  647.9590341463412  84.00371426816191
-34.646706902617275  647.573848436852  84.8592158779275
