6.2844691083055135  676.5363189185979  9.075934306404918
6.464807905407068  676.6525499714485  8.788305677234044
6.608305189722636  676.9109399181942  10.492063423669581
6.710009405558844  677.4958718926674  11.26291740993876
6.785638041046562  678.1839227022612  10.980520967352362
6.704095631255077  679.1409254253961  8.432898429949958
6.496808221623773  680.243261238746  6.395702786018088
6.125925886150862  681.7933263971581  4.975666199616095
5.72630543570439  683.6877847070286  5.0476898553594065
0.17954398947258277  686.1859150588238  5.990667382911989
-6.148624141974165  689.185081603394  7.395161645794444
-13.39664757612782  692.7280761256437  7.583630704025003
-16.63584405084677  696.6764754865061  6.748469646900867
-20.293581667971473  701.2601841226747  5.343428929373964
-24.478692555930955  706.5464715496303  3.147410076125783
-28.521967874106398  712.5322498609812  0.42254408777750796
-32.371724590622925  719.2851733931795  -3.0514961569746095
-35.80603796743481  726.8317755516215  -7.157215677099561
-39.22126720700832  735.2052268097609  -11.608617842599614
-42.72389014938792  744.3932283956467  -16.293755189096313
-46.08475022357005  754.4355467513988  -21.265177347249075
-49.503429892252996  765.3566526127009  -26.3880394016274
-52.741361304956754  777.1497312651411  -31.603838557209
-55.916606597146995  789.7631669793311  -36.574524917222675
-59.02403527091435  803.1475395005273  -41.48185592655056
-62.04654341110515  817.2858633886374  -45.98363364373234
-64.99234318454702  832.2124517182922  -50.76932468079275
-67.7789655960838  847.9776978564911  -55.24406277818842
-70.43607500747466  864.5754499304098  -59.67906480581085
-73.00884755876562  881.8603890492948  -63.10281885438437
-75.35056971974704  899.6874614928905  -65.8756034078636
-77.45015088332727  917.9300437559223  -66.83548600338
-79.2996649706748  936.5121427606261  -66.95148885620341
-80.90322039249867  955.4439983736429  -65.45617011595527
-82.28475594062668  974.6321419290472  -64.56629390472332
-83.1814448633593  993.970436039016  -58.542260036015705
-79.73472994381085  1014.0734453572818  -47.52449598953472
-77.6029537951213  1033.8473955574518  -38.63805867530406
-71.80488275755208  1052.317939657055  -30.765230058941633
-71.82161410787127  1070.1231698174815  -29.42563856743993
-70.94229959362059  1086.661448303536  -24.731071845592005
-73.74864722982514  1103.3998623366006  -22.92423732569529
-74.84124810053785  1118.5696769590156  -19.798805664590365
-74.9508113686954  1133.4332246342112  -15.38825703043865
-75.20211204079143  1147.2373102563556  -10.396767241719528
-75.16982333025803  1159.976752811215  -4.72314151350448
-75.07130175876348  1171.7783158746747  0.6970477780064601
-74.42259357488078  1182.7051600669338  5.662598915969179
-73.50553050917365  1192.819720455424  11.472995363539123
-72.55016577673342  1202.2789199330753  16.333213662786342
-71.51017086872616  1211.0166836426654  21.93800390084958
-70.46325337353468  1219.1025374965966  27.302553890143834
-69.32046545038109  1226.5135526993367  33.410121404161
-58.84169855981864  1233.1960392783872  48.521357465184984
-51.92279250364925  1239.1592041312579  60.21333729039072
-37.32289609451373  1244.5250084060306  71.05873893134127
-31.562247810237167  1249.521074001451  76.15996784140273
-21.03848845857499  1254.042703564558  88.53136646031008
-16.63857113147422  1257.8902661727107  102.85637927982873
-7.546912101368672  1261.0983195345011  109.8469699754092
4.260345499697653  1264.0893839599066  111.09818281103651
17.942264370849074  1266.9815809041409  110.04837017099841
23.380920854422357  1269.7680067669774  111.11293296219787
23.929361624015776  1272.3141009172796  103.68785339993384
25.367408687202026  1274.2717771353505  98.424794352447
34.06299103577336  1275.660434335457  94.2454060558267
35.33642372778282  1277.0963718824007  89.75499603955048
31.76155139739954  1277.921617629683  89.37302343718198
23.51443157464669  1278.0730564875212  91.13582620358625
23.281119255975558  1277.1744509338016  99.81100834505844
12.95868060832225  1276.375341408608  99.06577049257236
-0.1784664294841427  1275.5223172927517  93.79205780888432
-10.565519442892512  1275.0041917190456  90.01080766091043
-14.664059919804018  1273.430622855216  87.23998356387648
-20.298431356610358  1270.9908811511777  83.61116023391276
-31.6357930644336  1267.1409286783498  79.29522834501954
-40.77963415165308  1263.1609552120678  74.20161195157544
-47.169951366924195  1258.9099474519821  69.39350646941183
-52.78373135742815  1254.0115419185993  64.0465434454745
-58.508549162131175  1248.3318443015223  58.59234168067426
-64.28231601282127  1241.8422896953152  53.09559723651945
-69.22819913136973  1234.6934098224358  46.05580331045693
-73.59444587883432  1226.7890041487317  38.456413205317126
-77.30894056782307  1218.1007862358256  30.134242047305282
-76.65584034412244  1208.6096792754788  22.252440160034133
-77.11316624187135  1198.2343211472235  14.881681932454118
-78.97541877050261  1187.6396000787117  7.999965425695947
-84.46552097539423  1176.5952488607463  1.9238065651008256
-88.02999336246421  1165.3955794497483  -4.401946577426211
-89.68920871179436  1153.5930911014887  -10.688593811767648
-91.56365225775336  1141.6327175797398  -16.66804368324287
-93.6657142597386  1129.5779296338044  -21.509327885204996
-95.66862369589309  1117.382708328191  -23.225239299067614
-97.24230091095544  1104.8774157616217  -25.96694553208867
-98.51991810451685  1092.0377328006057  -29.831471651421477
-99.67302177860716  1078.9931748879953  -35.83808763137821
-100.70635484371388  1065.8571433015272  -39.960188749895124
-101.5347267917108  1052.6142037599925  -42.35255092048139
-102.17451467868801  1039.0837063139677  -44.86766849815812
-102.60596514965458  1024.817290133011  -47.36131561891679
-102.8818104052968  1010.4825447995618  -49.4423864273537
-102.985178983633  995.9454610385075  -50.573852151850645
-103.0581788761229  981.6550382556298  -51.11477470209508
-103.1226341366744  966.9390325675846  -50.95792592479679
-102.83405906892271  952.0579320992867  -53.07897910312663
-96.02209443383124  936.7839723450712  -56.295080538652854
-88.11505193739804  921.40508828826  -60.321916740065234
-79.40440755661866  905.9607979444789  -62.23661153234207
-75.66814551668062  890.7389791555853  -63.318258636122934
-71.38631093918141  875.6038262290854  -63.95461941253872
-66.42510042296375  860.7651092453102  -63.73431860746523
-61.7619712966053  846.4442513578399  -62.49870886606678
-57.48014346650621  832.7420104915375  -60.55312913181696
-53.75178670524216  819.6853708099197  -58.46701870675133
-50.007555228812365  807.2808147667116  -56.22112159057988
-46.353109015016216  795.537382083915  -53.65676623783502
-45.462058276522775  784.3907961887405  -50.698498316631245
-46.39545443026247  773.930535542603  -43.1358206104518
-46.087696753857  763.9774174239861  -36.96826553903116
-41.795845322433856  754.4651582507445  -31.33744326494114
-36.21992542788654  745.4035011862486  -30.122875085173792
-34.86275015137033  736.9594498240402  -27.408550522341145
-34.18952861072628  729.3408052784529  -23.93435042617988
-32.05730795828425  722.207442745434  -20.697061229708392
-29.732247896337658  715.658275910615  -17.795501866043047
-30.17430751182563  709.683293118099  -11.01771381618078
-30.891596469193022  704.4218221095801  -5.828651782556656
-27.639247371420854  699.6156598952726  -1.4032921963335947
-22.88776243525768  695.169500472375  -1.7484017957278077
-19.630526435504358  691.0078189382427  -0.7541278430427354
-18.079448752900195  687.2437643166962  1.0623084653010533
-18.69947293303451  683.7486057165208  2.6744863786112822
-18.1152063660147  680.6191461673884  4.1344499878197745
-19.68084900908893  677.6725269514029  5.277757211620196
-18.111141515817838  675.0297615112814  6.566527212538697
-19.612312974607022  672.4737818329112  7.797501781986375
-18.098963257945375  670.2546765224381  8.860457759072041
-19.46543375074673  668.1219678731777  9.854532556629636
-17.860204656181985  666.3164368364014  10.786481190230868
-19.08976657199049  664.5529555720261  11.688348375057203
-17.51632089022301  663.0580335796193  12.495339332872017
-18.794927029030482  661.6451987979578  13.206480589232722
-17.286548575093857  660.4222453323979  13.878637193002804
-18.63758682172611  659.2891300148003  14.55839796004945
-17.20634418921356  658.2662354121002  15.145430806276774
-18.64875956476366  657.4233372671094  17.65823504767922
-17.30970683265485  656.7231964780457  19.26737391828012
-16.4774450973947  656.1719736880567  19.980918834411046
