3.0106566736053466  691.3883686570111  60.69068785695332
3.0559036479097346  691.3549744870436  60.722243094315594
3.1142954829202067  691.379527154653  60.716365560643915
3.163223575295025  691.5026249805418  60.48529308891441
3.208255471113369  691.7668528978968  60.10190034518611
3.23719901260546  692.2276035221433  59.262972993251665
3.2483355862304744  692.8932716302849  60.37220669778896
3.166434884770567  693.7323262731899  60.28597480447313
2.9924184225018617  695.025272413007  61.79761197557678
2.6637087502777166  696.5836808420652  59.84618309422207
2.23603543517326  698.7006343350863  57.31516928160157
1.6795230879942353  701.0127394367041  52.71726080202031
0.9465213788397053  703.7116004125065  50.778730494736735
-5.120096203151652  706.5092884299211  50.914867206019686
-12.118616431358342  709.5470654320355  51.31777529732504
-19.80273084156285  713.0088222557818  50.27614544771291
-23.383693501154863  716.9763832458686  48.45832859347683
-27.223004574798498  721.4914574720142  46.3104672549089
-31.775252444003275  726.4688858544527  43.74081459993042
-35.97023047410973  732.0571792825191  40.410137399169265
-40.10050047945366  738.2376860138296  37.06544953689979
-43.43900905919  745.0090927335855  33.10920767304815
-47.0589150039444  752.3000851695501  29.279522457994563
-50.30000893258763  760.1707161317421  24.876374697130274
-53.78220536866068  768.6583849164034  20.792541546780253
-56.82278073047955  777.7999868706389  16.42594006523163
-60.07225813685778  787.58626197774  12.47004091752311
-62.850941646566255  798.0064206332594  8.107275735582478
-65.60511341439398  808.9777838162231  4.1319302452809685
-68.03769159961979  820.4603347767832  -0.24935718620019554
-70.52256362848968  832.4201035093306  -3.9049036528227505
-72.69112511574095  844.910855589167  -7.920216992579548
-74.47772448810133  857.8553460405954  -11.28967166884238
-76.73205334329322  871.2360317165125  -14.38174218814549
-79.03104127190562  884.9797789540486  -16.647687726698795
-81.32834860594136  899.0664294762067  -18.48422628644862
-82.83996654062281  913.4422339720662  -20.396836299245603
-84.07725206248304  928.1424387699285  -21.619213679375733
-85.26322255615574  943.1771691110953  -22.241547626004905
-86.30195623120106  958.5964062854182  -22.81220859089358
-87.23472536283175  974.3352347018395  -23.530995278996052
-87.93105203556806  990.1616978550436  -24.47009927806448
-88.39529226149871  1005.8553558404158  -23.82322283791684
-88.73091618090689  1021.3281829742266  -22.70575982648448
-88.8048180715008  1036.676597207118  -20.69568085154443
-88.68722605153829  1051.9426085723305  -18.668784359125787
-87.9592420126266  1066.9832053061418  -15.614149544142006
-87.09650419725891  1081.621756237529  -11.678739577401695
-85.97832568922894  1095.7510562871685  -7.848659444837301
-85.15086925276918  1109.2479154512862  -2.7924488471314026
-84.26704377542774  1122.2822927318068  2.057454403420226
-83.19669736591393  1134.8850157517415  7.503940373738477
-64.40096353507482  1147.2351670574415  5.692926425973538
-47.94521197730183  1159.9492184099306  4.180431332645442
-32.00892500081094  1171.3408011752758  3.1036049298307855
-32.92498048181616  1182.1278368907747  7.739848839451058
-29.95537632136471  1191.5847174106455  11.931521987704913
-24.532116710171056  1201.3538176180086  15.785588814450715
-24.48776634799559  1210.5709614380794  16.163712675510364
-28.275470432301056  1218.6979543165983  15.132958005868481
-35.6735360114717  1226.2704734592633  13.050065846623193
-39.473017652795825  1232.4666967803244  13.827426035019709
-41.95462829428331  1238.7805348265342  30.970429378434055
-44.42655271018796  1243.6984135400999  52.318833992681974
-50.883449926907325  1248.0670513028526  84.49895415732843
-61.63092682445577  1251.2277353011343  100.19730617626092
-72.59911255107878  1254.1348039688683  110.90891621746565
-80.46278535086414  1257.7523736174362  110.78935186527139
-84.99861498293674  1261.8566909662989  109.31455467612605
-89.94118714203034  1261.4722693945737  129.89349913655658
-94.59744210642071  1260.3838747810387  149.9961169464601
-98.63703339166635  1258.6545047160268  171.623088292735
-101.96083224673978  1261.212767309422  174.12038292714362
-104.96937060872425  1262.89016652092  179.58092149737766
-108.29930193694769  1263.5157509652477  188.42683797503412
-111.50802378631235  1263.5974424115818  195.85612189234382
-114.54985462129879  1263.5012414904  201.28404079182928
-116.97916977500286  1263.5307210871963  204.77170461984105
-110.02926465353573  1264.118034059418  199.84945746424074
-97.18256850288716  1265.0395081267304  185.56284917884864
-89.4670119330046  1265.458073084416  167.68514768870043
-96.75068651384115  1264.5819456685201  161.77950859293253
-109.29733653165893  1260.4726430657852  165.97613438057044
-116.58009101686594  1255.8476505006086  172.4381595069116
-118.5381018122822  1250.5974775557575  173.51212484037043
-122.54722847595659  1248.1229362343859  173.3115439855607
-127.49547429382561  1244.748000378132  173.02016336641822
-132.25604151632365  1241.6193415918337  172.73369700997893
-136.50906838940676  1238.02221640759  157.147979338655
-136.02398162347436  1234.7771308959623  138.3808283176229
-133.02304838112337  1231.439353188488  109.79225425227946
-126.34203336926919  1227.0232428077506  95.86731347311931
-122.45129094119966  1223.270523111453  78.59126876770696
-119.51867408805917  1217.7605583014056  64.46043586242297
-117.77471042539074  1211.8240010381323  46.81987536539396
-111.57246083813027  1204.3446723059037  35.17038243199033
-103.12408980150613  1198.1556371955808  29.849470912891693
-92.56152298053574  1191.5158489940598  26.10573558458199
-85.31951167295276  1184.391964729385  20.66052765317574
-79.19235877731445  1175.7429155328825  14.547059043582335
-74.41900997755492  1166.2231548447264  8.778023199137134
-65.941140135608  1156.4835026620794  3.2429527366711106
-55.586628935183235  1147.2153983453916  1.3286848396435396
-48.19092893342043  1137.468629514308  -1.9716672534737665
-47.79409432535388  1126.4879751124236  -2.7097965980549557
-57.38762894854631  1114.1990700598662  -4.6305569532596165
-65.60132015976399  1101.9243469617588  -3.437664684809211
-72.93249516278348  1089.9578524992185  -2.887103774994251
-75.14235781623351  1077.4994842684468  -3.511765964323975
-78.61674767658515  1064.5930598627142  -4.542178903180251
-82.37462684548906  1051.3211892065005  -5.572071422570914
-85.3562834576069  1038.0496865998298  -6.2858362062348245
-87.56775011983727  1024.7939228045886  -7.247877702663027
-89.08057073946898  1011.5107365927599  -8.203837034246623
-90.38685722987343  998.024161883299  -9.173764430486955
-91.40614467403446  984.5889583858722  -9.372164690150292
-92.05156977760264  971.3454232832937  -9.399783382972716
-92.3955514426021  958.3580778687266  -9.363092105064952
-92.4453879829477  945.433702251744  -9.157079667865192
-92.22058913838254  932.5774954591169  -8.732732534567512
-91.74021500194618  919.9024309060941  -7.922656785077582
-91.03502316793515  907.4476287211219  -7.0881336594434945
-90.34680546672669  895.2481769008505  -5.9043384315023415
-89.44021046974228  883.6043705298661  -4.801758772307014
-88.4779431555916  872.6198640646311  -3.173263972862243
-87.25723515774274  862.1282063903204  -1.803436802649085
-86.01390542721731  851.7294595758486  -0.22961786734552225
-84.64801545962757  841.5150509326896  1.1798615441667242
-83.18548508374019  831.8024239366695  3.1010748411253575
-81.76974478548993  822.7386643625199  5.327421967804404
-80.34988723922721  814.106509399756  7.798644835387735
-78.91620249941278  805.7623322759355  8.055145396392339
-72.11870100843721  797.7391063634462  7.00990115748457
-64.60998145203841  790.087549542291  5.277086979461801
-56.48402899807569  782.6398427429936  4.862174153003855
-52.70209564964892  775.3140237905527  5.355398185528787
-48.72617707595163  768.1235855894024  6.681997983983919
-44.320266773018986  761.1907460035858  8.927490169932867
-40.2675743685917  754.4924359586032  11.898742933988904
-36.593767608160874  748.0866730106422  15.19493392830479
-33.40668193442151  741.9968342940983  18.921326400217406
-30.430634970018094  736.3291993570416  22.880716427053486
-27.475737344276396  731.0319635779964  26.82874735743718
-24.893183065683573  726.1264157747978  30.667467130875224
-22.479180552820058  721.6434370018221  34.32582915548601
-20.407785520902458  717.6605062507195  37.823100933883666
-18.509450950462575  714.1155777452973  41.03104575059195
-16.83053482301813  710.9461775438291  44.00827591603426
-15.42313775786085  708.1200942895582  46.85162573585889
-14.24246828813301  705.6771578539032  49.674839936481845
-13.29902168004713  703.5668617104135  52.33203603410633
-12.591950537440212  701.7433473928752  54.79581742163416
-12.062973735812418  700.1656023488224  57.01317363051444
-11.761908312411702  698.8318841994464  59.01674421982446
-11.559244181730557  697.7234266881825  60.76042928032016
-11.503216593430253  696.8479790424675  62.24306376079995
