-4.111044153614762  672.7171495483353  33.48963204548224
-6.566948026001811  673.4913316163986  35.49435791914567
-8.155867736081444  674.4308098451295  36.28642863726349
-11.913446260916352  675.7735704347867  38.31445783433342
-15.592111181926583  677.491906364183  38.96090603308632
-21.15001868856762  679.815444726104  40.948338707101385
-23.064493974186725  682.6286366233253  41.848871633553784
-24.44595471145984  686.0899547491911  41.5878295822298
-23.797799392757142  690.2159391121987  40.60011641128809
-24.20247120142474  694.8647914468753  33.90761072090742
-25.05819572495576  700.0387433322117  28.27339292563506
-29.442358670129277  705.8211031579751  22.59372463732677
-35.217616727434596  712.2605639748066  21.095829992485893
-39.44559333958769  719.3915288780083  17.739177737517906
-42.32732908294151  727.0479513487346  12.93624959392163
-45.51327444313111  735.381492586467  7.880256485860908
-49.11027103290303  744.3953637432489  2.554619680889139
-52.61151595324974  754.1457900664082  -2.7242616886655653
-55.88661335647664  764.6523970778583  -8.265640148809497
-58.98033623358776  775.8970868528395  -14.043043009600424
-61.984272627418534  787.8992825408527  -13.83983246004068
-64.82178052545447  800.0012387851509  -15.142416640778379
-67.4331890870234  813.4694431653886  -18.07959493098682
-69.8049001037451  827.6817535527613  -26.670806211276975
-71.97554444715367  843.1782793621242  -33.66672278158541
-73.89176009884939  858.5673996757847  -38.62147375308353
-75.69328590777825  874.2945693176513  -43.25473122721389
-77.33391970556873  890.4365243842138  -47.228507300518324
-78.8955669078869  906.8729870365669  -50.13832897170977
-80.18019675840463  923.5536187220425  -51.77415075426386
-81.308194797311  940.2005623920325  -52.83285275084867
-82.2028323846187  956.8237452315634  -53.88365037556932
-83.01341444422376  973.3559922208024  -54.432292706613744
-83.53829709905564  989.780525700376  -53.84172725737567
-83.84059449795171  1005.969705533352  -51.98853016808391
-75.6765287153951  1022.6668413847657  -41.953875032311416
-70.59116858015561  1038.9723887588575  -35.39493581749426
-66.82283363584773  1054.0510566997693  -30.442894997734875
-71.72462092542571  1067.86068975964  -35.044237909125016
-73.40637647403449  1081.250735267048  -35.64817736559368
-73.39797019370108  1095.0206639837602  -34.279614015282405
-73.40970261481746  1108.2437293086346  -31.854379763153776
-73.6567214863377  1120.8250843773567  -30.00731413136122
-74.13916396374267  1132.8453003370548  -28.396396898064513
-73.81910646657917  1144.4076891592317  -25.79654552168195
-72.91826934064726  1155.5488333957546  -22.621295153692984
-71.94084248401555  1166.236317072254  -18.96287485849431
-70.9557964676653  1176.5307905427064  -14.775270495411874
-69.84925859033125  1186.349666313375  -10.356743928418203
-68.49168623115482  1195.7352995604153  -5.671317932212416
-66.98524932672677  1204.174088360563  -0.8476642335287234
-61.187529949986704  1212.1283327311644  0.36252438149180843
-50.4268860707331  1219.0754346885283  -0.8633159635099268
-38.66096877111657  1225.6951777067557  -4.183870053272182
-29.83206041871474  1231.5054041309284  -0.5174345845039303
-24.516102129659735  1236.7208797022427  2.2191189198971304
-18.690610886276353  1241.5278161199524  4.767001069544111
-13.135938253312563  1245.9894265435507  2.988442970785025
-24.878519401134994  1248.3106130254287  3.4410791891343946
-47.6681976048873  1248.9641361902627  34.15982237021647
-61.98515920628387  1250.6540558226795  54.524256002447146
-71.82092419242437  1252.7640919002342  83.5662352940159
-80.28929603147414  1254.8439646540194  93.31317207207488
-105.10028015413496  1254.572307308453  118.08938877223608
-122.92668557345527  1255.0115317891436  139.1298552513738
-135.49438735712394  1255.9346992077537  152.18433936151848
-145.75146314477777  1257.1439761152628  164.0121554064024
-155.08426727322134  1258.124603634329  173.5301588579507
-164.81279268313946  1258.8517710068677  183.05540595618515
-173.01614475195058  1259.0169414691698  190.8681843541788
-180.22433240060528  1258.888023929173  197.10521924202942
-186.8705325317118  1258.3051395193502  202.4432098520933
-193.13582870507852  1257.438484944861  206.92310915780467
-199.25387513406068  1256.2565701086778  210.92190419528643
-188.67553900292583  1256.745094996404  214.3092296001741
-159.54191540929776  1258.1862079373084  189.22819738092352
-125.72886922288433  1260.1129340633252  159.18000023578526
-98.14661240303089  1260.711920881322  128.54564757749674
-84.77430576839994  1260.23984412338  110.92049452683325
-69.85544496175484  1260.0870502502175  94.31445427921412
-60.02631362535847  1258.9116384069441  74.04182514534412
-50.43655701174106  1257.1665297156485  67.37016981902167
-51.96528293378565  1253.747029172189  61.694792768488725
-56.38012517513  1249.9001989585474  56.14073786736274
-62.52504521347126  1245.6569058129433  49.36282855992892
-62.3040374949358  1240.851262758284  42.74189845751827
-62.90698122863297  1235.4130658022016  36.94219714654004
-65.12685925574446  1229.2425953130205  31.356508012479836
-67.28358592098931  1222.5269535806246  28.117442230478726
-69.24851426422173  1213.1214979083843  28.38961922586822
-70.45534102056554  1203.8968969203142  33.30962973411063
-71.80544058626926  1194.2115261905683  39.01309573118468
-72.98454413097377  1186.158458739114  37.077437585515256
-74.01236386537744  1177.9474291673755  24.98605815714469
-74.84885698342597  1169.3014136157194  9.828697210477934
-75.7047464483265  1160.5994530791363  -0.39245757269585013
-76.5610988767966  1150.881610098989  -6.002578486046661
-77.34339541311255  1141.1558455875415  -12.623060013200579
-78.11208144837988  1131.129318943595  -19.836973400540057
-78.7859086462552  1120.7270551656225  -26.087813595250655
-79.54916510410884  1109.9773103593607  -31.19007207096673
-80.29895162358164  1098.8679425193886  -35.20286069575059
-81.00490121692977  1087.4800090719386  -38.566374971963576
-81.64297181740693  1075.1375420074883  -29.350010591808953
-82.2133281760353  1062.3871748904749  -18.24041949071756
-82.62627730475782  1049.2999748560815  -5.40633260265092
-83.16596273608894  1036.5910166681715  -2.236900919111447
-83.35718451577735  1023.7030459367695  -4.526484884531556
-83.5039218109458  1011.2470142948733  -3.4595270923525536
-83.28911102888816  997.9700983307964  -7.968031701795503
-82.84902074486975  985.1793775108366  -10.024221876617746
-82.23365060457125  971.8998503426809  -17.749229422582346
-81.46746183813154  959.3943370519946  -22.608979803875588
-80.65059725342581  946.3847234413977  -25.893642077973276
-79.74667005873582  933.2313470847133  -28.907882345707115
-78.56934506246677  920.2378406789528  -30.973717310961693
-77.5215784771664  907.6461798249675  -32.724619245137504
-76.14906908624079  894.8103785102533  -33.625083785456894
-74.75665649225445  883.0695074425356  -34.432179158154554
-73.17578339710803  871.7005616926778  -34.896090418177224
-71.65401668940456  861.5412572686733  -34.799371489735975
-70.00104614277178  850.9791005923882  -34.19389488708276
-68.30868497597245  840.6249381883158  -33.33828384232593
-66.53952321218891  830.5469431480736  -32.07922234943456
-64.80568130218072  820.7173351112662  -30.229452373344554
-62.988505790314804  811.1454730385897  -27.71946911774047
-61.21052542792859  801.7408762598292  -24.64363863374103
-59.34552796357319  792.6479557182593  -21.22091207707332
-57.607142462023276  783.9542116595022  -17.450101768916742
-55.86031274325257  775.7136527234308  -15.721440402602013
-49.058394023386555  767.7261686749513  -15.129589753134196
-41.69543179002053  760.2193606294965  -15.412318118495913
-33.64135747028202  753.1733236757049  -14.483793235340272
-30.065565777245624  746.7953846703857  -12.702821395748643
-26.180745716648413  740.8676587967462  -10.733826509415128
-22.17579829082289  735.3895370559106  -8.10729192276677
-18.525629893127434  730.3785331035306  -5.454675231470841
-15.469519693515801  725.8013021627849  -2.311004386842705
-13.008714858920019  721.6559282236698  0.7379773192194898
-10.729092731629319  717.8404836678303  3.917351783590506
-8.673134902251935  714.3568642767158  6.76382632021621
-6.925329291180563  711.1575301793165  9.748992475589082
-5.487912590937205  708.3322060637897  12.519622688971573
-4.279265096864879  705.8975003014152  15.465682948448357
-3.2535697891079884  703.8358030611333  18.089548902101967
-2.419563327542822  702.0889136102962  20.594568541915898
-1.7958940557041823  700.5681569644938  22.882884819628362
-1.3617217512696347  699.3428532813911  25.09938698763327
