-7.219392688230565  670.0937004173215  50.735213658808824
-6.533055046953876  670.7121926334574  49.47023092461863
-5.948525095187009  671.6007730936004  47.72805850941943
-5.343692541490067  672.7576963215927  45.73394717927573
-5.020721893483836  674.2493181497025  43.304743668093984
-4.8379335081681685  676.0342838269593  40.70827924252707
-4.81521702316037  678.172439253164  37.55371956549185
-5.048256120186181  680.6422738306273  34.34187577060101
-5.4118360983110785  683.4972501727557  30.770278853248705
-5.964346892913704  686.6973219041512  27.20771414999533
-6.591764392842437  690.2754823734573  23.264148734170494
-7.403670278426721  694.2083684417695  19.246158408125925
-8.399898597835016  698.5983945903452  14.922922550955182
-9.592088782541119  703.4352796853099  10.561985499561953
-10.902084618069875  708.7324883743792  5.75917429285111
-12.279680333714396  714.4395466831577  0.7274503107080839
-13.71392720132339  720.5941672218703  -4.637333367224718
-15.215675691685474  727.2596345693828  -7.676356464143549
-22.429408578416783  734.7113708167626  -9.27679634103089
-30.659226552901238  742.7853684581942  -9.988859446104994
-39.77768191975516  751.452673468671  -11.993877038474508
-44.39558199301025  760.4482818168601  -14.661879582122332
-49.151788716971126  769.9224636412339  -17.676204233984535
-54.36301222013182  779.9378685252152  -21.229805705214655
-59.2260545503462  790.5756182387718  -24.915149000737628
-63.793638050026814  801.816375711344  -28.643383320066707
-67.76852881631078  813.6388647416782  -32.22604010526573
-71.63293304422334  825.9989813572803  -35.762432420658655
-75.20931196012987  838.9442310717862  -39.18728506899292
-78.49342517762963  852.4438076401076  -42.333369301965206
-81.31843263104005  866.4730825652746  -45.19477618336865
-83.76197395366671  880.9909234220158  -47.35187433815639
-86.0784633458362  895.938532007058  -49.82342332820523
-88.14811775853782  911.2162758382802  -52.79267097289855
-89.9962962958388  926.789993934092  -56.01753178901175
-91.44492784186494  942.6530759708401  -58.155643201455064
-92.77847786821805  958.7835376465357  -59.10674620371587
-94.01170179503697  975.0746019246006  -58.78764118691081
-95.11118519493706  991.3696481642936  -58.04993566924901
-96.00542799948697  1007.5284197050453  -56.47219700629282
-96.69479196244299  1023.4724354264144  -54.936494533452944
-97.17186997751526  1039.3024428583612  -53.11393882495268
-88.85249661617742  1056.0474310098393  -43.24133977760729
-83.50289321881996  1072.6996346454944  -35.76558128894435
-79.43249240930533  1088.241557955644  -28.855218897656258
-84.32659667928262  1102.4116877369693  -29.94855246220169
-85.81186906576256  1116.2779942757884  -27.72619711735778
-85.45135047523098  1130.7247757029668  -23.992922997658415
-85.12781684433142  1144.8299562896082  -19.771861722039812
-85.14094300064536  1158.497471495122  -16.00940389961424
-85.18724298862536  1171.7147231875567  -11.659400149858993
-84.39127204682445  1184.6529401188805  -10.741260460816155
-74.0934738944572  1197.208583349267  -11.121848591248451
-62.67585864686047  1209.4023218050543  -13.452657134197208
-49.695127772176605  1220.334504994485  -5.045316982591881
-43.94324646861801  1230.0405716819055  13.289194319535914
-42.32032055361709  1238.916477743699  30.229975096960278
-45.649441216966174  1247.2480886968012  43.76290777605733
-55.6116769947798  1255.0151893652433  53.62435232197056
-65.67076565701971  1262.2401478102668  60.38345775399152
-69.8152610020001  1271.3525844122394  65.11925859606444
-66.47883763117287  1281.4478860035313  66.33794538063052
-60.55654492211734  1291.2436995360104  74.54966904108929
-57.60461052588622  1298.8658008909115  81.42495913671829
-57.283433654774534  1305.28812733162  87.14872623856175
-56.11901043574388  1311.1851685217891  92.12093604913304
-54.46573436496186  1316.3664540354828  88.17179796826662
-53.15670739418549  1320.5522750394766  87.35247628547111
-52.508279546943996  1323.8507407274099  86.88381431289385
-52.29410292457622  1326.2993832069724  94.3879756583533
-52.22046970830143  1328.1125526913913  92.83704199754598
-62.72617411737113  1328.5598257125916  83.52917149422261
-74.92530496142228  1328.2215721722303  71.98852662402963
-89.11320890732688  1327.0078093138245  72.69844169838066
-94.83135007737474  1323.454667887126  82.43183896531652
-101.54065597147456  1318.9824159721454  94.97771536306192
-108.8906017543712  1313.6508738822397  100.80032502593892
-110.9981102089962  1310.2631299034458  100.05838052599721
-106.62933211494295  1307.0155121198475  100.97075604304003
-95.16006484089495  1303.4199749706004  102.39507097577089
-84.11536428633498  1299.7961321060347  99.34712980315192
-74.58009537569254  1296.255334122771  84.51252285699128
-67.08014565335769  1292.6891791528376  65.50450139153689
-60.39500093390288  1288.1575040590117  51.870234396311375
-54.51790183627288  1282.418340551407  43.1692684279703
-49.85815681069512  1276.1459362490077  37.46662479699523
-55.07608880124014  1269.2917617668795  33.142889264975636
-62.30920100443359  1261.807040222393  31.753365362848676
-71.33707617331807  1253.5771853560873  29.10244869520015
-73.72639670324497  1244.4950830182217  26.27102001381125
-77.04902193661648  1234.5373508265736  23.241574465166366
-81.61449682735665  1223.6949776487695  20.32916008775026
-85.89504033062123  1211.9982921340056  17.322529235597084
-89.63585524639467  1199.449011122957  14.66918881281564
-92.55321513052925  1186.0401018438158  12.108827042830075
-95.60256618393979  1171.9754291970153  9.935414277863675
-98.6018692148552  1157.4013764933204  8.022167105778967
-101.28689013829252  1142.4081263488893  6.599407239946618
-103.58762761425143  1126.9836431257497  5.53395166408406
-105.61366228523353  1111.2000846260987  4.5995042385394855
-107.40097380457156  1095.199678723884  4.2093982907766
-108.80995350715054  1078.9418149147427  4.2785879423907165
-109.92687341868745  1062.3999359674206  4.806660221967185
-110.4614263287368  1045.533794669737  5.466191394719757
-110.7564261680475  1028.4690836127354  6.528779886049218
-110.64756415339924  1011.281803486065  8.113937579487935
-110.47905294700271  993.9845715813376  7.50025837807685
-103.53391012698421  976.7924824146619  5.682100576287619
-95.59251309052131  959.6067232205671  3.1120830737026726
-86.52198531074436  942.5819292894208  2.406150796075537
-82.64529932858147  925.6103149990067  2.894558216078827
-78.28608060047925  908.9296476881242  3.729072530027688
-73.31633280716382  892.6844072014726  5.459307536521543
-68.56765001718628  877.0015665498239  7.581811581550783
-64.1836951330194  861.9201007159811  10.344868332531798
-60.411504360803775  847.365163394301  13.27363789958883
-56.67177186483156  833.2948644437129  16.340972735027577
-52.91005902287559  819.8190765381614  19.689144135652565
-49.32065354983957  807.0388114552476  23.328407960543945
-45.73840511642124  795.0111233184256  26.97711413291809
-42.54216898934647  783.6588198937311  30.637427607966373
-39.3964725679143  772.9512757061599  34.09086544651357
-36.44578540579964  762.8861321139657  37.654624660449315
-33.348435203665154  753.5347065609412  40.993751351048914
-30.454508535393355  744.852004699153  44.42223027486204
-27.700655462764868  736.8058448717438  47.602456792605025
-25.16853233444217  729.3351629939955  50.74188319068486
-25.19463508650815  722.531252654975  53.51722978370627
-26.94846349972171  716.0546752226012  60.59479429911339
-29.986986263291286  710.2127250553086  68.07950179262144
-31.663118092559777  704.929990099828  76.12202323234138
-32.876460602924766  700.5437882533384  80.27773153730841
-34.0990731023054  696.7327239107564  84.39989383063636
-35.268329837190215  693.4386453177291  88.53631808650263
-36.31442049582885  690.61811657962  92.19525730992629
-37.09241052062359  688.2201717701589  95.27994174958938
-37.789297696995334  686.2092982289505  97.71386906424539
-38.43724795753345  684.5285232259018  99.9186637551125
-39.02948981382661  683.1065306402951  101.88939374567204
-39.57068593560098  681.9291325556158  103.58066820306819
-40.059174615572495  680.9566408026152  104.98265768971095
-40.52520337744111  680.2010656816723  106.12989968222615
