-17.89343225340696  699.0367033404038  58.11293602048306
-18.094928706097917  699.9807442572352  56.8903284571658
-18.397459910664065  701.2061212002409  55.275978896841195
-18.781052596715238  702.7176563132768  53.43436877724318
-19.229677499011224  704.5457107221035  51.1210862163209
-19.719070995736924  706.6672069791576  48.61448579600677
-20.332859713528173  709.0797974340018  45.83961789294723
-21.060126089456954  711.7820690810976  42.86253857241991
-21.871985486806064  714.7891838162047  39.583086531867245
-22.771505598067417  718.1023935040707  36.040168126195255
-23.71307823544944  721.7107951018165  32.263345702429554
-24.716385390413507  725.6126636171489  28.334005565732397
-25.805254725024174  729.8158093900422  24.38541093358054
-26.952515054470076  734.3486419286603  20.193105016225623
-28.188863875428076  739.2530816927174  15.853484826770421
-29.44384991009816  744.548366466298  11.236362380592318
-30.80947061942925  750.2399141368583  6.667370715362663
-32.20679914805621  756.293051701822  1.9573723590664458
-33.72318670093522  762.7311069907946  -2.777939087747816
-35.27458578174337  769.6154888735613  -7.650813975744496
-36.840065270032774  777.0325072711669  -9.90010889480886
-44.4777870650246  785.0745773717754  -10.485497494859008
-52.99265362072403  793.73096777614  -9.818167491449218
-62.5111175548075  802.9865547854298  -10.631683951669926
-66.96153828654154  812.767744509759  -11.84623724403519
-71.7798289746413  823.0542689642838  -13.127810307259027
-76.80768943771737  833.8086416759236  -14.525107561159047
-81.57782348430396  844.9901747139421  -16.15679544444655
-85.77547221725146  856.6092793311674  -18.062130438571216
-89.34862030005698  868.6157861493846  -19.797983749433882
-92.66898555174639  881.0118326043377  -22.233131562608715
-95.66906387388453  893.7097630593444  -24.41423471952743
-98.33932067840541  906.716425732272  -26.791034239323473
-96.8521470151681  919.9433633595633  -24.727854088683085
-96.46627158365767  934.4814376131128  -23.96164285744707
-92.56089754098275  948.0677652960787  -19.73115483969872
-93.87571275057479  962.7979318825464  -20.612463608709973
-94.14826946562985  975.4186029854466  -20.60572777454529
-98.12334851715791  989.0768376420933  -23.61636949379177
-100.40627830646913  1001.6070344274096  -24.958995995602226
-101.84211144760182  1014.9184340291968  -25.312477738457556
-102.76489818592918  1028.0900051208366  -25.727948979708664
-103.54955136534848  1040.9649642756228  -25.72022971553663
-104.21901472781332  1053.7772094368947  -25.82639174038711
-104.49201800414525  1066.366055911245  -25.436358896211527
-104.27956921635477  1078.8290210967245  -24.32463563378769
-103.99320518744888  1091.0462319801654  -22.78204374570395
-103.34325206263884  1103.0274478375816  -24.184224591453365
-94.33845264980012  1114.6628832828262  -27.918326388442953
-83.85535139004848  1126.0730050135678  -32.53277043819993
-72.28217568828639  1137.3205236513581  -34.78413655282348
-67.24270699727784  1148.5381864706874  -36.04260373020296
-61.73383309850645  1159.6342807820026  -36.47312563451534
-55.40284197798991  1169.4717224000553  -21.052349093023086
-54.22975764401363  1178.9565022897089  -6.807453681095602
-58.81710467575928  1187.7097644492267  11.311659788542437
-69.77383086169338  1196.31918204896  18.716742581213182
-80.44097206349532  1204.573743996244  31.7322893701402
-89.59807329349394  1212.7790018980243  36.85089973322214
-96.72895601261943  1223.1584868352704  34.615581886502795
-97.7771207110389  1233.7953099034657  33.334442669952594
-92.50510623107387  1245.5028030852457  40.70795104262886
-84.48977841005895  1255.8805932147814  52.45902967530583
-78.95345045728564  1266.0171743670985  61.33543962595153
-76.58654385275959  1275.0604334257328  67.7965442375427
-73.43895108277711  1283.3843392495405  75.3179671564227
-70.0820864417444  1290.9471304177998  83.16769271723146
-67.08802184307821  1297.4182338343692  90.40489167655679
-64.90769358470561  1302.8891389118176  96.13055942671315
-63.30219163188311  1307.4126969799072  100.79035690180835
-61.947191604273556  1311.0499549241795  104.48535598484155
-60.847024856960616  1313.8224318835094  107.4442033383939
-60.064407440112646  1315.6967695667229  109.50214091603921
-59.533397014741944  1316.9036365332672  110.70909332097452
-59.39279219349648  1317.529786235948  111.28167255775719
-59.421047513698156  1317.614434892953  111.2038357647508
-59.713718377376225  1317.19040738905  110.41724948723945
-60.185771692428176  1316.2505043272427  108.95432150584514
-60.90228984896763  1314.7987461723076  107.02844782957091
-61.84288757824583  1312.9066723771878  104.33586664314544
-62.9651447513395  1310.6183581448427  101.07524440381896
-64.31588728104467  1308.004261051329  97.09841835870247
-65.93472558150323  1304.9723552591136  92.63099678013538
-67.87214369263761  1301.5731741255975  91.74118859567164
-74.67808292309635  1297.0215026197588  84.13621601955924
-86.86301465370268  1291.3156189000802  81.59765235567346
-100.76347189149809  1283.566738994485  77.98601593168652
-106.54755384280475  1276.2465299873793  78.86842685682515
-103.16720162546744  1269.4608018284125  78.1565784181692
-94.13887692957117  1264.0134802912644  76.3886463593603
-85.8008338991305  1257.8353462502025  78.76839413352488
-78.63880303918398  1250.941312168968  71.71309978410102
-72.69280761233223  1244.6338713157784  55.53520506399269
-66.84853911477316  1238.3008139818282  40.83477167655855
-61.57395437906138  1232.4008155010051  35.923351377192176
-57.15009319306016  1225.403694902223  41.28598344192116
-53.93065947980137  1218.2218884837253  40.35497584922069
-59.88050872237854  1209.66298552307  33.52300390736065
-67.53696598613432  1200.6019372989815  24.855735925281653
-76.76699272005447  1191.2886402136255  19.453894450122043
-79.39166751267861  1182.353018302703  16.502031159238275
-82.70504680263092  1173.246746227763  12.325068398902912
-86.7874877179846  1163.7811159457679  7.683265605113192
-90.55056009243536  1154.108519748605  3.5178339423322593
-94.053619355723  1144.265755054808  0.08726006946358611
-96.78477268518155  1134.324606909956  -2.8263251031187218
-99.35392770674443  1124.1190054858623  -5.685982510913346
-101.56756750725862  1113.476350393125  -8.120738874640377
-103.42245294966786  1102.3350421990444  -10.464339684609573
-105.03293393182193  1090.9184075053495  -12.378478762977302
-106.43368669133429  1079.3953890616672  -14.177251367032413
-107.69552297335339  1067.8851793306308  -15.174137525021628
-108.7595611316795  1056.3035785612271  -15.823311776785161
-109.79460970973211  1044.68254708224  -16.027366139553262
-110.47598180474016  1033.0309151926392  -16.07890263392122
-110.85178528885494  1021.4812261535506  -15.89158636778921
-110.88535511354502  1010.0553445400359  -15.229850742883809
-110.84802538106898  998.7610214412115  -14.48332370761658
-110.80709716224266  987.4602368012096  -13.162353898970508
-110.62127434380648  976.1453942660809  -11.834284643897666
-110.27765966118977  964.7933841502611  -9.982554177144722
-109.7432864577316  953.41254889985  -7.976590315814162
-108.92116537575492  941.9888169448265  -8.137517668680456
-102.01138425009069  930.6512351327785  -9.48715428493844
-94.32006207357169  919.3400374242245  -11.562849109746931
-85.87621928979235  908.0869178189927  -11.918824236728087
-82.48111136836766  896.779249527584  -11.125000341051006
-78.71217704469717  885.4996596060508  -9.953105305143115
-74.49860175331494  874.2237636887038  -8.126256134700947
-70.49381556621799  862.9177872581945  -5.98122599092126
-66.85453925279876  851.6257297374408  -3.392676126068051
-63.76482674817456  840.4183149772467  -0.5334774872355481
-60.62637317065043  829.4385581584545  2.2277553694913843
-57.45369531139459  818.7142792275051  5.0432703288206975
-54.29953888115455  808.2869036698553  7.744749511760903
-51.24296554552162  798.2226794713129  10.494067199596174
-48.25063658211197  788.6842506880469  13.173399240304201
-45.39914418635415  779.8307964018969  15.875554456246668
-42.659400438317114  771.7277836823271  18.484077842091082
-40.20090307918243  764.3813779891798  20.84139903124988
-37.841592728935915  757.7558072790954  22.865137283685996
-35.6026598768627  751.9045745050682  24.623989419197226
-33.39948441370654  746.9136906071959  26.08191150405886
-31.306696692125588  742.7137198828583  27.276098322535383
-29.295554473851645  739.2331506579246  27.806954007590917
-27.2994168981853  736.3636478665178  27.73428744213355
-25.24170516934147  734.1443616899455  27.021355711939496
-23.112100205901317  732.4935588380552  25.97633762353228
-20.724762054925666  731.3209373669127  24.451600013466454
-20.811975787775673  730.5489383024196  24.909824974832834
-22.338382733266176  730.2323692579814  26.586159033238076
-25.015783790776286  730.3314669319143  29.29582551337614
-25.908954345018138  730.6883450871604  30.230916504180723
