-40.74977815174581  653.6418942009283  129.97648552148354
-41.20942257707779  653.3523882002498  130.87417153176847
-41.58720768447376  653.1355027998043  131.49649373130762
-41.90228670009481  653.0309459265125  131.72187379952206
-42.16304072213519  653.0536534935926  131.7189238115337
-42.39031172944091  653.2364105776359  131.31682604945192
-40.159709382902804  653.5407326247243  130.681453615448
-38.84020821175593  653.9983356777836  129.67699887590794
-35.49943922297871  654.5745822875311  128.41365951898294
-32.328299494589196  655.7155743326584  122.54277310891557
-27.520153275520943  657.0268969375417  115.66610239608828
-23.91398543596845  658.5381114825299  107.69047768941785
-21.992956055101654  659.8403863397556  102.83947657366406
-20.08973443551987  661.378097672502  97.42758553588358
-18.361168974587518  663.1761520956235  93.48786097549616
-16.917484109587306  665.0090880659941  88.57986180256874
-15.9315955513456  667.2961694570507  85.4984014002538
-20.459048015767742  669.7120742038658  81.69159870004579
-23.363592910851004  672.7514651868795  79.8607616220935
-25.676395382767392  676.1464048761768  72.55201458599474
-22.95989890253988  680.2043102237459  63.826284388869574
-22.32666036103395  684.7712392434648  53.70545678715718
-22.913772204432497  689.7237717167667  46.8862153642701
-23.47583588426559  695.1735689058792  39.90997710979814
-24.09357327156741  701.1470856207542  32.461855595761214
-24.711778702979917  707.7054344638264  25.148530943232032
-25.902101928034924  714.8316937438364  20.452296706277338
-27.36722106141004  722.5232268063829  15.276106374292358
-28.954910168532233  730.667244942585  12.227939620857637
-30.677169141565564  739.3720069471731  5.857261201146323
-32.473969812815334  748.4645771129755  2.673910935022587
-40.24738645154476  758.1324149441191  -0.7688768931520324
-49.0523075794835  768.1396388441543  -2.0474723191549224
-58.67724614424267  778.5799678488758  -4.128663367163957
-63.598071391206474  789.2866732121622  -6.763516158830718
-68.4802332974116  800.3819627452858  -9.508475225409882
-73.81597435798614  811.8693521993246  -12.259472245463938
-78.5966965962913  823.7990581062253  -14.900080602002927
-83.09725772339227  836.1662405139842  -17.223465762358927
-86.82021042078597  849.0495483471228  -19.3981501867583
-90.4339552994834  862.4526927389929  -21.307565752749248
-93.69546929974238  876.3578789882064  -22.672602881166664
-96.65006179246193  890.6469523368165  -23.632207335629506
-99.18787244198325  905.1988941156403  -24.72017886483283
-97.60506078180711  920.0548870658473  -21.78250903389207
-97.28299907693476  936.1190969056879  -20.40754531165879
-98.39293204911617  951.4028511765248  -18.917050092459984
-103.08520839278789  966.6147602000646  -20.932589724340396
-106.01535409282864  980.7012361829707  -20.87013260105426
-107.06095867418433  995.5944914413868  -19.422345294644437
-108.31735997323148  1010.3346169883293  -17.633825065519733
-109.69826883526858  1024.7350944986595  -15.4861787003711
-111.0066340585376  1038.8880624139263  -13.31654904509749
-111.70111695425632  1052.771037690659  -10.980256960192127
-112.0205941869348  1066.5950378791201  -8.560156564465611
-112.1416148760286  1080.1452561838369  -8.91922044195576
-103.89367211387825  1093.6281110832751  -10.741655295260262
-94.20070139870444  1106.9796881563523  -9.043716016496408
-83.0371145037253  1120.7095663741557  -6.84754614885877
-78.61820619740892  1133.9073199595925  -4.3284463779108515
-73.76140744871819  1146.1146989696517  1.7450123551741168
-68.1339303328044  1156.8364043178785  18.32424520325285
-67.23871573517016  1167.359490972204  34.17384133978574
-71.83948952722837  1177.8185975741853  46.42764154643038
-83.02310978016627  1187.248051474189  45.595582208341526
-93.64779629051093  1197.9516804135135  45.06461431912308
-97.83904492698503  1208.8555030939965  45.36359133336669
-94.82986462625759  1221.7077654410114  54.26134489963093
-89.39953742514354  1232.8658122496122  65.50550880711158
-86.74778138113292  1243.5791390840404  73.97621894594673
-86.55839633125376  1253.262562535272  80.54950353814738
-85.50657283634662  1262.4689103004916  88.86591719052541
-83.95210257501681  1271.3705112013035  97.49023667267025
-82.57287406861171  1279.60415442134  105.71709564430016
-81.48714052404523  1287.116097192806  112.91534399894876
-80.46004741690928  1293.7372294564016  119.37495588057399
-79.2815948651162  1299.333887821543  124.96541804837732
-78.38912589996241  1304.087260011674  129.4678281556088
-77.8120363155806  1307.8466286129708  132.8587283409761
-77.56687490895172  1310.7302753869244  135.14010430306064
-77.64932417581502  1312.5946101611892  136.54511809107458
-77.94493002067824  1313.6682077492876  136.87547586738717
-78.5496490401235  1313.9979602402557  136.62805809476342
-79.03233893264363  1313.7272602688286  135.20111433715775
-79.53501563477651  1312.7776892258107  133.28282508668045
-79.97657460050462  1311.2434909556714  130.30529018463292
-80.50165952859082  1309.1052010549815  126.71765419632771
-81.08796209207989  1306.4156752181934  122.11136048744525
-81.75519234857444  1303.0943145904357  116.93826928653051
-82.7286209005658  1299.1156588806366  111.6920239052021
-84.00253943378945  1294.5702425874897  105.98234713251732
-85.48831241295005  1289.5065115414673  99.66712000100287
-96.93932789849495  1282.4772003522776  83.56644522658726
-109.63789549929683  1274.5543784940385  74.87227456898
-124.60130451813714  1264.2699239819888  70.7049172292862
-126.72608434533356  1254.3961321196578  74.39572764479672
-124.32451120927657  1244.9042558111785  74.20323002133162
-116.33353787131738  1236.8470988448926  71.66026424262273
-106.32764461792019  1228.6773736564696  65.46432160400217
-98.1245878827481  1220.2419480517733  49.35929429587993
-91.25128836582448  1211.3761885604963  31.13268583545414
-87.34494299338584  1202.5576081156012  17.070836874911322
-83.1343492163995  1192.8712021536542  8.696406981608781
-79.28015100953476  1182.9788025672492  -0.9560179260179558
-76.40326355848659  1172.7897561810967  -7.361176742270473
-81.8671348929539  1162.2896446972622  -9.391176747039273
-88.90531720884508  1151.5049017143579  -8.916398569850951
-97.01868948577747  1140.4060384142026  -9.717347250446235
-98.89477514444972  1129.050580446771  -12.57031040445311
-101.1971472238141  1117.4918901817114  -14.950502964257504
-104.15901033823005  1105.7350069317881  -17.046010179505885
-106.74500797201456  1093.770027211104  -19.46224685856421
-108.86640775491074  1081.6150928981972  -21.761019894653366
-110.15197863230239  1069.3407222086964  -23.59580903767926
-111.30820899015897  1057.010963678937  -25.053383179332524
-112.4018367109521  1044.6385666160904  -26.17914511246691
-113.17559813254235  1032.1565928266282  -27.298302104087036
-113.68095315260831  1019.6128922785687  -27.925962884777384
-113.8831913273205  1007.0622322011151  -28.30202885229289
-114.01776916419779  994.6083084501674  -28.22617220411959
-114.09239668595262  982.2056627965713  -27.660306519717974
-113.80444668282769  969.7758023191313  -26.773855070624357
-113.25264712661337  957.3259960056942  -25.551140566441525
-112.36586387336399  945.0589564715849  -24.33846465164954
-111.34493669161942  933.1044645053936  -22.682220751569123
-110.36358138254714  921.444946512297  -20.818642532500313
-109.17630821962146  909.8918257267627  -20.963358952848104
-108.03305709922068  898.4195661527166  -19.77876136625107
-106.6954194707966  887.0300049210944  -17.10883519122727
-105.51018242047566  875.913933477283  -14.193933121174487
-101.40699251158269  865.1995183487692  -13.633880317375155
-94.01615915271212  854.8987210783283  -15.056546829547012
-85.87611564434846  844.913010497274  -14.595723782884377
-79.80056314998944  835.1230147903436  -13.066874094338539
-76.04169285988854  825.5565497739996  -11.164853868164945
-71.91539953981516  816.1939830610893  -8.905341261538751
-67.74832529334421  806.9877124001293  -6.3886162295592035
-63.909339560923236  797.9184975653544  -3.3859492670607274
-60.605727425495076  788.9619121988645  -0.06755590258277033
-57.56425783493328  780.1484218749297  3.4999968088867
-54.67001108181387  771.5560146375459  7.325506893518156
-51.8936512745637  763.285499834603  11.462210537900269
-49.225446897216145  755.3991270139121  15.733955133832703
-46.64401568925276  747.9041169449819  20.14658368394438
-44.153926847222465  740.8487712882466  24.555636132260275
-41.82910022375862  734.2813837149113  28.94387217268197
-39.61673174150172  728.2324735995817  33.161461582577445
-37.595875049868965  722.6816515702042  37.1910113381621
-35.706205318950566  717.6269908897406  41.042030738703275
-34.02385077266279  713.0900651328355  44.64662837054813
-32.47034326334283  709.0537918634092  48.02575477533411
-31.16807620579086  705.4965828819713  51.172768600665634
-30.056367045077003  702.37390529227  54.12211510292666
-29.14014141947801  699.7052707575284  56.877163698522224
-28.412523119543934  697.4312419910019  59.462759318499586
-27.86724463165408  695.5496778482727  61.89498831199353
-27.522630052692985  693.9897248463807  64.09941625407595
-27.331736033555753  692.7590013419317  66.06535958575223
-27.263191032115596  691.8038083481395  67.82661502110544
-27.33849635869529  691.1041142969658  69.46008018642834
-27.494119888589214  690.6209808352112  70.95468804491944
-27.792350170706108  690.3227962085786  72.34002138653518
