-5.161109439074764  649.784974676983  34.935051202376364
-4.9492513697075635  649.8991393751542  34.310981230321005
-4.771780396140308  650.0642774094454  33.453608294300935
-4.620367809131268  650.2944303377516  32.46901368476991
-4.5108336472584405  650.6739362389153  31.214152063116785
-4.463963396726543  651.1777935047811  29.866571559360622
-4.455734789870515  651.815748358256  28.295691728983655
-4.516385354890884  652.5756732311437  26.60170804131649
-4.5924137247347065  653.515612708856  24.547153384693434
-4.726495814185136  654.652845505244  22.226701622183874
-4.995961260050974  656.0321141635351  19.463290204567258
-5.396107992966527  657.6632004958793  16.457206622718086
-5.981894168353528  659.5858420130822  13.089679159434894
-6.6329743450363585  661.7852181108246  9.523873161699695
-7.449971410074065  664.2750187860707  5.642339171325475
-8.322010647060182  667.057212946174  1.4528759149681765
-9.318069070436332  670.1871802940038  -3.0058959962317098
-10.396377080120057  673.7024390187694  -7.778465073600434
-11.546864944090874  677.6119436444803  -12.865059477729849
-12.81369289397269  681.9249718361873  -16.018414245158542
-19.365338954460015  687.0091722174518  -17.934228265969043
-24.119018805385  692.6450921263615  -21.2900063979612
-28.032323241003578  698.4757048554061  -28.506507010677385
-29.19342555798902  704.4837130849858  -34.78114403406201
-35.02768044722629  711.3952267650491  -38.17870030672852
-42.85587092263299  719.2984061311568  -39.13576465817477
-48.807955621779605  727.8665428703698  -41.66318908220049
-52.879434723828936  736.6729529633709  -45.2861743552304
-56.8861111591821  746.1088227268665  -48.930165804549524
-61.25895035933124  756.2484614321015  -52.84200352586046
-65.49135472334436  767.1045420154832  -56.79582042825196
-69.10212619843328  778.6216927510239  -61.1683187745116
-72.519410895515  790.7395889861057  -65.55792136105049
-75.59908054197575  803.4845897389475  -69.666292486778
-78.83044883982495  816.8477081154579  -73.39727332205658
-81.69540752488668  830.8504589508773  -76.58425435908109
-84.40217006257944  845.4146748178016  -79.29196372543473
-86.71656279559772  860.4747675761488  -80.8306238443001
-89.09233765810805  875.9497173999041  -82.37338309220632
-91.50620086012461  891.6806158575237  -83.37603354288484
-93.72501986266207  907.6043143252818  -85.00143669548837
-91.68913921738398  923.5258449970825  -82.0432596750393
-90.83461239298455  940.8917575194927  -80.64567669998986
-90.55809148328291  956.8798562624106  -79.35759094757609
-94.72447289892978  972.8286861202239  -81.86729456230981
-97.09002424753042  987.2573074030615  -82.14619625614417
-98.47301690501396  1002.8543815377839  -81.19056231060115
-99.1313166159677  1018.3124986053717  -79.67127781973389
-99.9290927688406  1033.4534162411064  -77.86889136204564
-100.56329292953532  1048.4290862384435  -76.05178416385434
-100.82348168336101  1063.139611253221  -73.4984291140474
-100.52893323783982  1077.6635492344908  -70.8035307212853
-100.14007890444306  1091.785507696579  -67.34697489762083
-99.37476244050247  1105.54897133298  -64.1678827823567
-98.4815658994602  1119.0208782194643  -60.02835220989557
-97.43551089570082  1132.2338897170919  -63.60045496565072
-96.1886704222433  1144.9088870250757  -67.09277282210114
-86.26726357029374  1157.248016748899  -71.36052408470312
-65.54952940352507  1169.6320803804388  -58.955973858088406
-47.116150836402895  1181.8007065113711  -49.823057930054865
-37.39559813477073  1193.1346600478594  -42.25669967632478
-37.15437789902946  1203.4375938392054  -43.99921440578404
-32.933023263315235  1213.1767071909717  -41.5589983615569
-27.348731244786673  1222.6715934962308  -36.55036673991363
-22.842330900569376  1231.574770135705  -31.068135459516775
-19.758006007402685  1239.8445780887466  -25.656372067887013
-17.400679360887928  1247.4323678438575  -21.05186120433229
-14.676309183620237  1254.2876020944389  -16.407373722900825
-12.061231470158361  1260.4372764573723  -12.180034780568814
-9.930547815329824  1265.819336827515  -7.975254698150716
-8.14417010467488  1270.4056139139914  -4.2877275592299595
-6.620734591833903  1274.2175183921468  -1.258721995647825
-5.23664137070215  1277.113212210683  1.2863640304377335
-4.020658962837389  1279.1502947252134  2.5358992246050525
-3.0653429587972676  1280.2377220086937  2.287312309001786
-2.306150639230698  1280.6669076563412  1.0556418973958483
-1.770995224800176  1280.6147693741348  -0.6915936705259256
-1.4970224095459603  1280.1834007468833  -2.0681799636356883
-1.3484074806514366  1279.3565493139083  -4.495862800394866
-1.5670726578781924  1278.0950561374952  -6.854129028519855
-1.7981079177633077  1276.4337104035953  -10.30588719571006
2.3427643136701146  1274.353785747002  -9.0634570823483
9.196719380978902  1272.0281627936106  -5.324112508826096
17.79365609229451  1269.2569705494516  0.5158728605251031
23.18408784516275  1266.1131982038946  -4.3890072756099
27.16973481116787  1262.7110409621944  -7.858755478371155
30.741834989784266  1258.6949447820193  -14.730125412141293
24.485620993048535  1253.6864646613963  -17.748018234615415
16.540208341432244  1247.7069898948694  -25.854575278464083
6.13704037257446  1241.2751298130468  -29.60994464740023
7.500586188500922  1234.8896837641907  -27.127119693874022
2.0975377356675518  1228.5062266144403  -23.64053590831188
1.0538048914029616  1221.193174343493  -21.970137689083206
-9.520867777552734  1213.882163053755  -23.80366051151668
-19.863776542425857  1205.1926096986158  -25.34776960314825
-35.453707094300896  1196.6221071843117  -27.016281441366754
-47.18435734840112  1187.112797611827  -28.912448769178347
-53.982289233909704  1177.7350314865005  -30.836014376786657
-61.28413224957379  1168.0179761293764  -33.26245108774959
-68.17945655857642  1157.915827763829  -35.529671909778706
-74.39162156059524  1147.6066300219807  -38.69447144810751
-79.45081336888202  1137.0319953766893  -41.768726448950105
-83.69030537144215  1126.256132597297  -44.60747947142158
-87.6402530136337  1115.2867202361467  -46.49153210825094
-91.1872418591412  1104.240700749493  -48.33253798581361
-94.22328439671179  1093.1825098727008  -50.25020068281797
-96.75387912622635  1082.1060823540408  -52.64069171215678
-98.8045960958944  1071.04016822621  -55.084355870057614
-100.55777931145093  1059.9633439298238  -57.335941169887114
-101.98382759867809  1048.7669131415335  -58.80415005259163
-103.25078581612019  1037.3483421905385  -59.995177498438885
-104.21371411854625  1025.8243224802684  -61.0188693816415
-105.09064193008624  1014.4144987460468  -61.98304371532709
-105.66743937811022  1003.1626888110263  -62.60765238348578
-106.10127001144264  991.9012294211767  -62.75361937893561
-106.2998443755382  980.4950277061321  -62.574949294728604
-106.54317310171544  969.1038221455813  -62.094419769264825
-106.56112703711159  957.2767008537454  -61.525962505217734
-106.56812658173976  946.3764686172078  -60.75011347895407
-106.09270631031846  935.5982398429803  -59.6505878658876
-105.67737588674042  925.4186573957058  -58.26390998925661
-105.07827216939071  914.4923961069026  -56.130942451072606
-104.24762097472512  903.5608503520677  -54.10616478629858
-103.2120986153643  892.7716477893581  -51.761014196433685
-102.00567911956739  882.027325185877  -49.44203266111864
-100.8871108457235  871.229079603739  -46.30964913552252
-99.73705671559638  860.3340211297431  -42.87991190380576
-98.37339003387208  849.5225655075981  -41.68571383539741
-91.51417891626546  838.7500536520394  -41.85305752903474
-83.7460533288781  828.0423781348745  -42.74874891435988
-75.33990210504194  817.3353610034992  -42.086942821015036
-71.53028951245673  806.7030636784692  -40.2936192192016
-67.4131473620643  796.13138649706  -38.03082328987608
-62.77714240308833  785.6648991207427  -34.91898872168592
-58.39590746394117  775.4044048043306  -31.389052120767317
-54.47503423082406  765.3947993880128  -27.19808844656824
-51.06534824654682  755.6818654360769  -22.621008049762395
-47.70967771330808  746.2431581557779  -17.628855903582494
-44.36136638221357  737.0996333631176  -12.468248305295797
-41.223067879604216  728.2937026434145  -7.081506728247031
-38.19801805656209  719.9269886233  -1.5541588041819954
-35.43630390977935  712.0488185277109  4.2169806511162875
-32.741638242683415  704.713585164165  9.958878863726122
-30.314058933855332  697.9228597902135  15.5310957096397
-27.96199500281055  691.7298443436005  20.813290086506633
-25.849124768211343  686.1503883061237  25.945471563350843
-23.789535607167497  681.2437557664766  30.64839160929245
-21.998436194341018  676.9456491713224  35.05878772906447
-20.408862750798217  673.2489421722172  38.878946837231766
-19.03851635291608  670.0845393449675  42.344101103180776
-17.85431908417927  667.4154262201384  45.32692648026504
-16.85559818617526  665.1534672093904  48.01457109487931
-16.072119883551228  663.2697830147545  50.38481790557766
-15.494911032202506  661.7210484951835  52.42192817764182
-15.062890192378044  660.4909642855542  54.22352784519306
-14.814019047310792  659.4732649031275  55.778487812944604
-14.581588042702228  658.6741934885013  57.12889872952956
-14.4429157122681  658.0304992733901  58.25219055886083
-14.32235819085771  657.5708738057195  59.210527515521235
-14.29267114818961  657.2259694695365  60.02493230775617
