-32.60346405762737  650.8465928598256  52.75007338143787
-32.79994582185267  651.3627498947556  52.16189535687495
-32.9847062735085  652.0371490856585  51.35940707780513
-33.305245424679626  652.8754703240963  50.44729315251227
-33.656836973763745  653.9017336932199  49.29365088219313
-31.75922485517899  655.1098107321944  48.01553435635291
-30.82074003549794  656.4136404662405  46.466764103217294
-31.0068176872036  658.0363892876761  44.745869696510084
-33.64255757766549  659.8933580629284  42.781327523848205
-35.41987076616372  662.0948815302825  40.6868979452652
-36.318481365213714  664.4371537599153  38.581833453149216
-37.52125892896806  667.0442166383804  36.41630821524875
-38.970557290651826  669.9137899098978  34.17319285425268
-40.563811741082844  673.0218774876755  31.79521724897051
-42.052916011510014  676.3751949157689  29.221614589610798
-43.653957667178304  680.0131103389548  26.590482045153998
-45.32494995492388  683.9807524113346  23.685534419154596
-47.17647645816836  688.2571893829539  20.873220057142827
-48.95848210410793  692.838418067086  17.744717300004094
-50.86950077448606  697.7057381395123  14.576286356383289
-52.77223899485807  702.9089397924802  11.036380164729852
-54.85925791081804  708.4654159741708  7.4403454621768335
-56.9226414053048  714.4333826695255  3.637008492554611
-59.15936752369686  720.8462393303469  -0.2904211530189138
-61.42725707614547  727.6958019882545  -4.18040108464679
-63.878974113852905  734.9710937193473  -8.318850139775552
-66.35509937872726  742.7041754602055  -12.453794052838727
-69.01485893721592  750.9604153959599  -16.83351686721567
-71.6293400037048  759.7676594867643  -21.075750662186955
-74.4338431887058  769.1021882563165  -25.25172972583296
-77.02557957777583  778.9123427898242  -29.43446880598123
-79.64276288576619  789.1786051736337  -33.36659163925694
-82.09980544914606  799.8871013878122  -37.25537658755922
-84.60220182563734  811.0512133867938  -40.872043052602166
-87.0281254283789  822.6832901242976  -44.73358397640406
-89.34864733333804  834.7814066077951  -48.14916750772545
-91.63965036528332  847.3337870850415  -51.14495803294348
-94.46419880022296  860.3065035739676  -53.3486246134043
-97.28020171910757  873.668881347237  -55.38108513225994
-99.88813545579136  887.3947773422924  -57.174554587529656
-101.9084942092179  901.4443282445417  -58.750764882670346
-100.0075584437029  915.7900684491349  -58.31388166391346
-93.89164245350534  931.7926711196467  -51.94339198497221
-90.27099378516563  948.1693908128566  -48.1445037189182
-91.42633485592289  963.4838044960591  -46.98738682350048
-97.98067303093934  977.4570328902798  -51.29022336862184
-101.25157450865451  991.3051209709971  -52.179841437178275
-103.24889232927347  1006.3869525362301  -51.46536875258638
-104.34679731374447  1021.3016877133028  -50.40384595791315
-105.94403150481683  1035.9364748258586  -49.28143116747502
-107.18499858592857  1050.3711961170836  -47.730852835471836
-107.76032303030223  1064.702841520434  -45.74242851882808
-107.88936659550819  1079.0194815891136  -43.4720205290343
-107.98306462878752  1093.1068602207242  -40.52816512609029
-103.55931954316793  1107.611831784152  -40.44624139711244
-94.19588354796181  1121.1685639039385  -41.78766723831712
-83.54040804321596  1134.4141473772952  -44.69241675742278
-75.34947079483018  1146.6403356094029  -45.24143508412211
-70.27137169474543  1159.0827048619392  -44.97943884100809
-64.22242445299015  1171.104035442091  -44.38524208662281
-67.49157619171794  1181.3918108993334  -26.829714375936614
-76.80735989718745  1190.4715042737575  -7.024475518139052
-91.01778150393389  1198.2673363858157  16.356188511771414
-99.81053228007185  1206.5068489828673  18.1037337737581
-101.38227819698766  1216.301841997983  21.16065256935388
-97.29119878998736  1227.4528303174698  24.618386026350965
-90.93282117727104  1238.6376452447366  34.71748863913692
-86.90832436853148  1248.1703503661092  43.873400065046404
-85.01793535160618  1256.4416146136457  50.00084563420579
-82.04474186054796  1264.222485317493  56.51022374176175
-78.884144443493  1271.168853232432  62.72325701331273
-76.0359877751812  1277.016756096802  69.75104763668296
-73.85530434991998  1282.0176449533103  75.5916561363762
-71.90362059759354  1286.3860067767102  80.01366658279242
-70.07305437834196  1290.2004557970934  83.54051295136576
-68.5401296305662  1293.1464896070433  85.96061472756627
-67.33336752895035  1295.2306066538697  86.93023762934796
-66.4388109981715  1296.3357629735035  86.46696575343108
-65.96526489170294  1296.6295777260275  85.36074920556294
-65.84824617846661  1296.2748365946923  84.35270703340925
-66.1851557784822  1295.4218591943923  83.24146229366468
-66.6623366719717  1294.1107803928105  81.62810011442699
-67.70736518984937  1292.2777146101782  79.43303467506186
-68.9243407138091  1289.9476835647627  76.48179541526571
-70.65768644157237  1287.1192217946045  73.61915656647855
-72.2078380994606  1283.9163199445936  70.40471963311222
-74.1276677645829  1280.3267275383687  67.09395467554317
-76.11519177615929  1276.3783959315635  71.22924968318269
-78.66929972444804  1269.7774310967366  67.66818146544779
-90.2363149757779  1263.1554370382332  67.74183011234555
-103.0707721675536  1254.8447264436868  62.02050012589143
-116.82547830106523  1248.0562522560735  65.35883316014508
-123.0876871181255  1240.1221678457869  66.32599233204844
-125.51626966087129  1233.8351268350646  65.49633503034416
-123.88552965292419  1228.0116700523554  58.298791472049956
-111.42465273756748  1222.7620616791207  41.487331640059885
-99.99621074631924  1216.58571608355  22.85054570433094
-89.61422692697597  1209.7566803119846  7.253002397354173
-81.88167040308228  1202.2157693702595  1.9707831555173918
-70.63448880835864  1195.135987187159  -9.074728891335958
-60.95200982778795  1187.5935393290092  -19.605028093009196
-58.7463943390655  1180.7175865352453  -32.56218543464283
-59.80284366315878  1173.030182841707  -38.72736601451455
-59.387068130181646  1165.0463956579224  -41.54589278474814
-61.111165408569065  1154.8121364438803  -43.61592308978133
-68.58397673359538  1143.9190051009705  -44.090832614587
-78.2005869718213  1132.7421008224658  -45.817807242284225
-85.16705886341576  1122.1002776083683  -46.92292428073941
-88.6488945134479  1111.032126954201  -48.135105814017514
-92.56043281135618  1099.4566058662358  -49.07317281767619
-96.46738248670457  1087.4261645440301  -49.79642303366304
-99.95133258084321  1075.0583469744126  -50.77604364854754
-102.45895734447095  1062.446937743406  -51.91855138683046
-104.42000340460285  1049.5716402602857  -52.89265652509184
-105.97435264099722  1036.4296731735462  -53.407619301476146
-107.28264105720234  1023.1136653369601  -53.82865592445114
-108.11684962851457  1009.7256554360765  -54.05953575454964
-108.78424863447349  996.2584327437844  -54.0444428927999
-109.1357034832238  981.9239758688317  -53.01333764354608
-109.39787849305144  968.2060540698999  -51.400993564602864
-109.3533098495582  954.6651616819443  -49.46219947249371
-109.06870751110269  942.1661587250671  -47.87133791599903
-108.6622372464262  929.2390591361909  -46.1169309361802
-107.95390207292029  916.4705099352418  -44.25349444160273
-107.26956564663234  903.956132943543  -41.53228204135982
-106.42552904082999  891.7145990527484  -38.89444747595444
-105.46375043973893  879.699127474099  -35.76445797638703
-104.28485380581847  867.7979473177279  -32.91572460893553
-103.02907362574251  856.0930695904201  -29.341931268029946
-101.82225456984528  844.7092132973173  -25.75981805883335
-100.5314538102469  833.6210120915392  -21.555060311017538
-99.12133928142403  822.811692471388  -17.53435849040042
-97.58292463663464  812.3083855960491  -15.565273067152097
-90.78778211548666  802.3974328808392  -15.027052036929168
-83.33734930170469  793.1186670421416  -15.44503550179157
-75.23611839318713  784.4286462602446  -14.37057684153635
-71.56252621605465  776.1144130313328  -12.868341820351203
-67.63019233288347  768.0993818513259  -11.089766680345049
-63.32147716991458  760.2778926332356  -8.91754406011917
-59.20176217671806  752.5633951022851  -6.348588163017918
-55.36895803609474  744.9390061098029  -3.2251449081712105
-52.123946366458185  737.4443360909979  0.1262243709994313
-48.93313251025863  730.1139977234561  3.9900043199182598
-45.85968265743053  722.9834122074723  8.086353444951174
-42.87321709337002  716.0571171542517  12.510946633084966
-39.99874870795151  709.3577924107476  16.808334357597825
-37.164433291933605  702.8331169483657  20.81210614081896
-34.37758953261803  696.5357108055367  24.3999701120464
-31.67605391041296  690.5657799407968  27.56325208606242
-29.208359317035768  685.0469721574624  30.34247935370132
-26.852055094993982  680.0306390328636  32.667976193778365
-24.67438651837429  675.4649173606282  34.92270817330093
-22.590969171679376  671.356811162161  37.02399673986118
-20.708157114062054  667.7796643317389  39.07416956833803
-19.080486508268187  664.7533664431068  40.95184862862248
-17.700767907172235  662.2203619788123  42.68026528798762
-16.538243939944522  660.0578754720558  44.16007942476379
-15.534330961390797  658.2298224234844  45.36837645619664
-14.707246022604725  656.7294938311499  46.399381545738564
-14.06283371742256  655.5176525185761  47.26106229291363
-13.572793656066855  654.5479057780097  47.93080862595003
