-35.44756053932104  685.7567506388416  -1.9949146490088387
-35.98750760213589  686.9283634782461  -2.6242470411232555
-36.65934433834289  688.4093778056376  -3.4397187400200617
-37.46875773600397  690.2524273967914  -4.6412339202411
-38.37937725349654  692.4605076681385  -6.012513193735684
-39.37542218366254  694.9914333734569  -7.689143443016118
-40.51985588920523  697.8353687152838  -9.472393917267027
-41.728450675088894  701.0328043699135  -11.647315901785
-43.04385309218215  704.6134489404479  -14.002029922005617
-44.433757386704414  708.5748803834051  -16.51652742222618
-46.0399871533554  712.8796869728135  -18.926718950787492
-47.75543577456701  717.474742422733  -21.265105389258917
-49.63278438523724  722.3666478861642  -23.9055073232579
-51.51633309900578  727.5735933256955  -26.695581500942012
-53.51812047485873  733.1209213738514  -29.74649657330906
-55.508303985878015  738.9974052476573  -32.62801671719442
-57.485156589943344  745.1747312820128  -35.74794406299529
-59.50160781686539  751.6732823894225  -38.83644527221233
-61.49614562081891  758.51191295233  -42.13916464083164
-63.41680343604554  765.7174729056593  -45.27427140831784
-65.38266605619388  773.2960093471352  -48.43406588769394
-67.42515018998337  781.26958360957  -51.39905803400637
-69.59024801498839  789.6757889005146  -54.426740155382774
-71.74372203975376  798.5651809644012  -57.31678926577908
-73.76171421712061  807.9065357159101  -60.315333468897514
-75.709903439755  817.6846710671914  -63.12503585146996
-77.58553236270014  827.8754900321985  -65.75804097194195
-79.49767288428973  838.476147085027  -68.09096058918391
-81.3884544929524  849.5137006080911  -70.21896214340904
-83.17133854960223  860.9931530635523  -71.9615688156128
-85.05431434116244  873.0230039820076  -73.7768541402022
-86.84672782883837  885.5327543463595  -75.14544662941874
-88.69276001210564  898.5235148856295  -76.56189431316585
-90.25062502808264  911.8610021107052  -77.17102682944483
-91.99712259497392  925.5700635485318  -78.02103312808993
-93.66808035064538  939.5484998591542  -78.61362683609488
-95.26593322683074  953.7971543437976  -79.21996284105022
-96.52601952657977  968.2663418434774  -79.43619095148853
-97.51031946588905  983.0169202132083  -79.16976219827104
-98.41865127061486  998.0354724760211  -78.08659099437432
-99.23735985506998  1013.3453110919573  -76.40618197765987
-99.92181510562304  1028.8747999960576  -74.1364768703555
-100.46774659047207  1044.5625432025902  -71.72068824901865
-100.60114434845863  1060.2913308724792  -68.65347003620991
-100.63296089627983  1075.972807204888  -65.23932701595228
-100.52513709948795  1091.5383365459966  -62.06283426864954
-100.28080813004019  1106.8788147277514  -61.89866105502324
-91.43527950809232  1121.6482415692133  -63.6339247656067
-81.08355524779488  1135.9706538650412  -65.79055436143021
-69.6382688602119  1149.7947067391112  -65.96216590208275
-64.9732373557034  1162.5226566808892  -49.518471450349054
-64.27509876273034  1174.4700966977507  -34.50981744181149
-67.77844396681661  1184.9789569440009  -15.218126052660024
-77.65620977415713  1194.7053463658492  -16.15148893229169
-87.90668483995242  1204.8645954284502  -16.849504238024377
-92.64018333741998  1215.2304815146174  -16.058727834704577
-89.92837208513455  1227.2232846188335  -6.38860966399902
-84.49138650043508  1237.9826706089689  6.085541667602539
-81.7233078171374  1248.50624731709  14.28341049982286
-81.07115169750993  1257.567322435995  20.840409178837177
-79.16920417970462  1266.1436258119384  28.59311560594487
-76.48584940999021  1274.0800438491033  37.449053661026056
-73.93545732559717  1281.1980262528868  45.58935732665419
-72.00610042874241  1287.6635332083767  52.79951590903564
-70.35446863019304  1293.4705814447875  59.589818710187245
-68.75920024677843  1298.5968950708868  66.05228640160601
-67.24040538016266  1302.975738103255  72.25952025106365
-65.94169131393421  1306.626623322524  77.45251357481834
-60.21653221872634  1310.0183409249787  81.85958310583887
-56.429832333099334  1312.656007123929  85.01323400543926
-54.71820760846262  1314.5879868963216  87.26465716734576
-57.76272562242315  1315.535486655751  88.33630751306322
-59.0551278870807  1315.9959931154378  88.41147017081319
-58.518812083724015  1315.918701839552  87.75620937031253
-58.65493406684873  1315.250271953874  86.32648177837174
-59.5133722835674  1314.011605057617  84.3495483749883
-60.719016992955495  1312.228332327779  81.71062602594363
-61.80257516427204  1309.9406130367825  78.73329046505368
-62.95431657392096  1307.1101530269505  75.56778000183374
-64.39534901019557  1303.8229094253752  71.4499352057739
-66.00244450311392  1300.0858516093128  66.57172338419916
-67.59908340555724  1295.9432449282751  61.37346901035051
-69.58484495713246  1291.381496503337  55.408896758401376
-71.99876518124002  1286.3679694366563  49.61011042006984
-83.71218775715491  1279.3994089878695  46.97632409734935
-96.49301947552482  1270.9693214331812  47.568240333796275
-106.10166009707619  1261.8226426611648  50.682199327495915
-105.48516405851605  1254.3334548777761  55.38097711713909
-102.282928946189  1247.2051996745809  57.302204974481306
-98.11938747930762  1240.3029159543214  56.07796591878274
-91.81143966332671  1232.7873543251283  35.50692814646192
-84.00436892117696  1224.9972334366214  14.77382256054512
-77.32903008668954  1216.3590072835534  -2.739753722823729
-71.92116643396123  1207.8594763342758  -3.6329697028190813
-67.21566938555776  1199.6128234167377  -5.7904101624816295
-67.74232149883902  1190.1271618495396  -12.694030735139675
-73.44512204077807  1179.328300290091  -21.526197970339872
-81.03191993072822  1167.4844461467746  -28.5883324117005
-86.12925866123304  1155.9911760046773  -33.11350718531009
-88.35429456464202  1143.7607384634775  -37.854703495621465
-91.38675396202756  1130.82975284432  -43.17608041226396
-94.73523426992612  1117.4937267186674  -48.400860434404485
-97.59108267356962  1103.9119300222396  -53.056039429912566
-99.6572205164248  1090.0677655066727  -56.38455333843907
-101.24550449832377  1075.7670166944222  -59.410058998205194
-102.68026574003399  1061.1922839732904  -62.64193200634066
-103.88302971228478  1046.5322703644115  -65.3560483032565
-104.72785414257962  1031.8689470701295  -68.26334808569113
-105.24630307620586  1017.0960067011158  -64.2317533795775
-105.4856408961785  1001.9433568504211  -61.84813842817684
-105.47298794591035  987.424264369921  -53.58946106615181
-105.27343072164489  972.8072394194998  -53.44495467824247
-104.84275459781489  959.192386801386  -51.67635996492284
-104.4337759047193  945.1577667677929  -54.50769256973037
-103.67122425828349  931.5342567761276  -49.607309028451255
-102.87799355354663  916.9357480168409  -45.491261320961456
-101.54535737950116  903.0375047227059  -42.227390149050606
-100.20597871173318  889.3317003856067  -44.0393537310206
-98.60218122597297  876.3843595836343  -43.5404142758423
-96.95997276612968  863.0314999356144  -41.41522942428313
-95.01405920461045  849.8375278305502  -39.05937694135055
-92.82162291099343  836.962412807264  -36.644056065193396
-90.56603947742997  824.4510825678337  -36.40285999221125
-82.98803582314207  812.159020340612  -36.96750793111008
-74.7087486477882  800.2061441852344  -38.24617765364355
-65.46212050799551  788.6321997164368  -38.183853744813604
-63.28551917091865  777.7116687021725  -37.11974668899648
-62.3884947659093  767.5157706890361  -31.38887065134687
-62.378025020719214  758.0152492041864  -24.683759983738824
-61.01883971729135  749.2106315621332  -17.505750990317416
-59.562712663479246  740.9439737342454  -14.075286382401648
-58.43787508916471  733.3615467364716  -10.576425462100154
-57.330255032070475  726.4632439907591  -6.9360219337381155
-55.88717981534062  720.2062444034744  -3.408235594037019
-54.498695789668304  714.5272175533855  -0.16980454532429423
-53.03034567371542  709.373362052292  2.6786851352998453
-51.77632304999494  704.7556955920479  5.407929825012532
-50.47902592009873  700.6392816989949  8.018648610901618
-49.28262765610225  696.9798489125244  10.373512928981587
-48.07994263619745  693.7134294761556  12.40703386935891
-47.003473867013604  690.8004859665018  14.249531671194312
-45.96655614117588  688.216371455778  15.892613488181121
-45.08422915257349  685.9032109387443  17.505474196077195
-44.26797618163283  683.8048470937131  19.03319426922414
-43.567937622324166  681.8340543663616  20.60941981175446
-42.903408745590006  679.9608712276373  21.996872054553904
-42.29865035541205  678.1473318852793  21.365549953723853
-41.729824319691566  676.2933056889669  21.562888187541695
-41.20577746558133  674.6059912827446  22.880153686474756
-40.694102501074894  672.9880068063736  26.136318012381086
-40.19674117341873  671.5082283613751  28.70137198683441
-39.69169935189732  669.9606830030925  30.322411103369472
-39.22900585145798  668.4688531428191  32.40404574707517
-38.80329535542878  667.1316678245506  34.44934369201686
-38.43293796665971  665.9513711422765  36.53526844270963
-38.083828837357814  664.9210641842642  38.27602424650069
-37.7494949828502  663.9756749121253  39.92049315395898
-37.429886874219314  663.1087901507543  41.454352910282665
-37.12530793956448  662.2895547767464  42.948181305683605
-36.83226563758144  661.5092418957709  44.27731500739195
-36.54813940894665  660.7133007399576  45.62098470297724
-36.26568673039527  659.9023103094192  46.9670377600368
-36.013654323838395  659.070758484081  48.41998621079653
-35.78850494254078  658.2651345257469  49.86175974836077
-35.59742131791282  657.5018732443721  51.271561428695414
-35.414678027954245  656.803318412947  52.58736560635835
-35.23528229283019  656.1493668720708  53.82449609428098
-35.05893773813455  655.5449801924022  54.9512306360615
-34.87341041492157  654.9859791559423  55.98501868921963
-34.709580723969175  654.5008972347168  56.86489455682698
-34.54109752472621  654.0734127335098  57.60322394784343
-34.400419461822715  653.6993020235802  58.20055049052907
-34.23377360794677  653.350183917519  58.686199165060074
-34.090094716673306  653.0325181331584  59.0345943561849
-33.92050100439227  652.7386530053105  59.254855939555554
-33.78286941444516  652.4744637266347  59.342526862396625
-33.629579025660036  652.2344538507755  59.35382347671577
