-24.49297931793683  676.3641652090486  -0.3201913948955637
-25.50059915183107  676.5314090169275  1.0311550262011988
-24.155243269941828  677.0406949572342  -0.7492669749783603
-20.416845444476028  677.8352945697652  -4.069025784327403
-18.553600469269792  679.1769764971707  -6.535237853359931
-17.504991094963195  681.3305437812681  -8.343837372670007
-16.70764259521649  684.1635798527957  -8.616665513641813
-16.06246855845217  687.9454424572791  -10.50898940299719
-15.66834941404721  692.2831396447848  -10.980231436187044
-21.210960897743607  697.7385477791623  -12.59477986376325
-27.915414070052833  703.8805204394113  -12.58993210061054
-35.85513244193904  711.2398087716792  -13.607172336915603
-39.73527779777936  719.4124898865397  -15.792429324981079
-44.215454452695255  728.7706383151972  -18.594519007807186
-49.22131595752626  739.3626168989986  -22.112204829259703
-54.25694671499909  751.1866967889782  -25.899927324946763
-58.992365420617375  764.2900800826742  -29.88413310298879
-63.326745792952174  778.6211164965486  -34.03937882374794
-67.53319291734877  794.0714473227996  -37.870547636093804
-71.57817860043046  810.4419396987498  -41.76584121462963
-75.3779885557935  827.7278075487188  -45.270742512800865
-78.95476291089278  845.9128438936864  -48.40998753628263
-82.29633359717721  864.8304118700629  -50.742716027944354
-81.60900488520534  884.2315087917522  -52.59803517846891
-82.05342778743741  905.2658702253711  -54.2579906212658
-83.87705518581328  925.410690291199  -55.31530773459532
-89.16394820206575  945.6703906340091  -55.74345576231963
-92.68545245721236  964.5569589765491  -54.95038004057425
-94.22220981471676  984.41406486486  -53.444098792152985
-95.92556168090569  1004.0353218739986  -51.0064864938635
-97.64880279258924  1023.239715830077  -47.621375477938216
-99.25010374343623  1042.0867565224366  -44.17042219585608
-100.25088068610754  1060.4440022584902  -39.803767500048124
-100.85426733971944  1078.3404576687328  -35.35107969498236
-97.06961478034478  1096.1537567692167  -33.54894125158604
-88.39027441777465  1112.7795861311192  -34.30724938067635
-77.94396512092281  1128.7608949187495  -28.74688118570612
-70.13649979310865  1142.4054122182888  -12.551808490687375
-74.58472343148378  1154.8807072132633  7.393002044857722
-84.28300331795432  1165.5986384063297  22.118566592025232
-97.67798257265552  1176.2974986109687  23.07521463497664
-105.43965018576564  1186.8755814209499  27.33221366818326
-111.48716911574598  1197.398354733725  25.189083665544434
-117.41028005451317  1208.5229600481543  25.70200875538591
-122.85348128864183  1219.252979152516  23.392513629358184
-117.59871748810276  1230.7848717457891  28.586073993399804
-109.80137051659618  1240.9136058876418  37.2689270303902
-99.83279180794999  1250.6788464459783  43.503212884259824
-97.76694939447549  1259.0178079100099  47.28205916159924
-94.76263756197078  1266.788626392742  52.39327408737591
-90.8928807211369  1274.2103947977703  57.94990051962812
-87.11140675026616  1281.0641351792676  63.99932971040666
-83.9680234044749  1287.425276340721  69.42637842040872
-81.76608172904054  1293.0840425775639  74.83684198742733
-79.74385277086115  1298.0784719110081  80.03195809065583
-77.92703729697246  1302.3477526007914  84.52873609106584
-76.4536237439519  1305.952759826169  88.36338116249554
-75.31162536816261  1308.7939004070317  91.46636634400666
-74.55698173862358  1310.8223659153205  93.53845483445639
-73.98468211482145  1311.8489563325404  94.57448456533503
-73.7173275328165  1311.9773543852316  94.26900549966993
-73.86045943729701  1311.1999546082866  93.39557892574544
-74.59870302396513  1309.5761914560514  91.96360227115167
-75.63973410594046  1307.1504403371787  89.58500651204481
-86.62282827685507  1302.832262139911  77.11093773424335
-98.80737717210928  1297.7741753658322  61.50048838035689
-112.70658650202087  1291.9021029884075  45.116427740442774
-118.36832113511134  1286.4222090359226  44.58951332977993
-124.67448027400462  1278.7765362334064  49.36599821210848
-127.05603323251265  1270.261810720435  58.25257529961644
-124.04247010196984  1261.6137917930007  61.70624830778807
-114.5938317807024  1254.6088813463966  63.97049479871696
-104.48170434678761  1248.2072786411452  49.39252543100124
-94.65283599824714  1240.717974841798  36.899559618653896
-87.25292702627746  1232.7655796678469  19.581870350722077
-76.59917021924807  1222.9252757862735  17.44729927898528
-65.05068807765784  1213.5048737854324  11.975738686322432
-60.42293928665225  1202.789322840312  8.374059752741864
-64.11473630257285  1191.1661658652079  3.4573934960844417
-75.03915099686355  1178.000289743134  -2.8953175426742392
-81.09783382131181  1164.015866002545  -8.065256541067527
-85.6661310606323  1150.166227279579  -13.720707393574129
-88.64928330850408  1135.6626339663474  -18.128447028561197
-92.34918662373558  1120.6254353571017  -22.34361725122408
-95.93205916388092  1105.0844815435885  -26.172811844637646
-98.47667955975808  1089.175176768645  -29.625421757383073
-100.41171621456387  1073.0343156144077  -32.87511440942252
-101.94753435880531  1056.8054204062614  -35.65914016140357
-103.08562199009297  1040.6211749612503  -37.86392817800886
-103.88366516088765  1024.3313649117692  -39.503222918856956
-104.17504216051348  1007.7102578327919  -40.892807803134374
-104.13641748560791  990.8921167158102  -41.802300058853284
-103.78774764448842  974.1996018534855  -42.10475139003213
-103.1325163051988  957.8042945343884  -42.0079051686107
-102.44055246958705  941.5723432310306  -41.896434229935934
-101.06471350817445  925.4609730209384  -41.9822770188208
-99.33021542663207  909.5643624194566  -41.5945159207816
-97.1456211692601  894.0067231324125  -40.710499841022646
-95.06231223485656  878.8392707922784  -38.943395022396466
-92.99910122606379  864.2235815745145  -36.88816612911968
-90.69681632062337  850.2985051174501  -34.33483724151765
-88.38935192217949  837.093940379514  -33.98228301935475
-85.92472748412293  824.3023626245212  -32.508157669176406
-83.49461139848076  812.2572775610348  -32.794799903945616
-75.73803741893377  800.5835146571294  -31.931995267264266
-67.34556706804253  789.7237125424563  -32.79826383609483
-58.37280841146994  779.284980970582  -32.794811529166985
-56.45262403513124  769.6020810444654  -31.969712714768512
-53.320696697757285  760.5848133469584  -30.94689490640503
-51.88023109454185  751.8494653201988  -29.48154728171245
-49.662336608680356  743.8095729030827  -23.84832453351848
-50.03556751610383  736.2639529481609  -17.512503995696434
-50.00718957410494  729.6563744453582  -10.591209304012612
-46.97316353893759  723.6476273704699  -9.622059065168127
-44.829518092815604  718.3467122484088  -7.849579053763513
-40.597123041965055  713.6707981144351  -7.761071634644895
-40.068170633308256  709.5306637658541  -4.895582701973197
-36.48864109155012  705.8270544930657  -4.988046067601542
-35.946746153026425  702.5113451240292  -3.026742801722034
-35.00036216568535  699.5463298432242  -1.6394257756272101
-36.35300034274299  696.918319542576  1.4529624432218593
-37.022076651814686  694.6282665960937  3.6650586074962193
-37.270285291399105  692.6619119498735  5.246456520203333
-37.613547572515785  690.9658366319746  6.767170530690661
-37.931263690519735  689.4598255704677  8.145876415748107
-38.238169412374035  688.1294187863732  9.42078375217002
-38.46049362420291  686.9711811918479  10.45271829078854
-38.60749072231395  685.9866398913172  11.352641251200083
-38.78944257695955  685.1550649464975  12.158161342574676
-38.90602366540565  684.4534147358129  12.865063694060177
-39.0189977687117  683.8832115064811  13.290620853849186
-39.04797049147656  683.4457515339947  13.43500242905908
